748587789980.000000 0.000002 0.000004	0.000004	0.000000	0.000004	0.000000	0.000003	0.000000	0.000003	0.000000	-0.000003	0.000000	-0.000003	0.000000	3113352.757519
748587838236.000000 0.023223 0.023227	0.023229	0.000000	0.023229	0.000013	0.017795	0.000000	0.017795	0.000010	-0.014931	0.000000	-0.014931	0.000008	-19289.600936
748587881903.000000 0.021014 0.044239	0.067464	0.000000	0.067464	0.000075	0.051680	0.000000	0.051680	0.000058	-0.043365	0.000000	-0.043365	0.000048	-17365.887854
748587909900.000000 0.013474 0.057712	0.125170	0.000000	0.125170	0.000173	0.095885	0.000000	0.095885	0.000132	-0.080457	0.000000	-0.080457	0.000111	-14640.065030
748587938412.000000 0.013722 0.071431	0.196593	0.000000	0.196593	0.000365	0.150599	0.000000	0.150599	0.000280	-0.126368	0.000000	-0.126368	0.000235	-12593.760285
748587978386.000000 0.019239 0.090667	0.287251	0.000000	0.287251	0.000866	0.220047	0.000000	0.220047	0.000664	-0.184641	0.000000	-0.184641	0.000557	-10592.685710
748588023252.000000 0.021592 0.112255	0.399495	0.000000	0.399495	0.001835	0.306031	0.000000	0.306031	0.001405	-0.256791	0.000000	-0.256791	0.001179	-7237.498280
748588051268.000000 0.013483 0.125736	0.525218	0.000000	0.525218	0.002725	0.402341	0.000000	0.402341	0.002087	-0.337604	0.000000	-0.337604	0.001752	-1424.254250
748588080452.000000 0.014046 0.139779	0.664984	0.000000	0.664984	0.004031	0.509407	0.000000	0.509407	0.003088	-0.427443	0.000000	-0.427443	0.002591	1900.718066
748588109382.000000 0.013923 0.153700	0.818668	0.000000	0.818668	0.005782	0.627136	0.000000	0.627136	0.004430	-0.526230	0.000000	-0.526230	0.003717	6577.415893
748588138229.000000 0.013883 0.167581	0.986232	0.000000	0.986232	0.008077	0.755498	0.000000	0.755498	0.006187	-0.633938	0.000000	-0.633938	0.005192	11506.366182
748588168564.000000 0.014599 0.182178	1.168392	0.000000	1.168392	0.011184	0.895040	0.000000	0.895040	0.008568	-0.751028	0.000000	-0.751028	0.007189	16464.354447
748588202740.000000 0.016448 0.198624	1.366995	0.000000	1.366995	0.015650	1.047179	0.000000	1.047179	0.011989	-0.878688	0.000000	-0.878688	0.010060	21524.856165
748588236269.000000 0.016136 0.214757	1.581731	0.000000	1.581731	0.021132	1.211676	0.000000	1.211676	0.016188	-1.016717	0.000000	-1.016717	0.013583	28088.895037
748588273640.000000 0.017985 0.232740	1.814448	0.000000	1.814448	0.028727	1.389948	0.000000	1.389948	0.022006	-1.166305	0.000000	-1.166305	0.018465	33964.958212
748588311374.000000 0.018160 0.250898	2.000000	0.000000	2.000000	0.037839	1.532089	0.000000	1.532089	0.028987	-1.285575	0.000000	-1.285575	0.024323	37352.801893
748588347048.000000 0.017168 0.268064	2.000000	0.000000	2.000000	0.047044	1.532089	0.000000	1.532089	0.036038	-1.285575	0.000000	-1.285575	0.030239	31308.323950
748588387140.000000 0.019294 0.287355	2.000000	-0.003000	2.003000	0.058149	1.532089	-0.003000	1.535089	0.044549	-1.285575	0.000000	-1.285575	0.037367	27825.697157
748588424362.000000 0.017913 0.305266	2.000000	-0.003000	2.003000	0.069102	1.532089	-0.003000	1.535089	0.052943	-1.285575	0.000000	-1.285575	0.044397	26998.869166
748588458738.000000 0.016544 0.321808	2.000000	-0.003000	2.003000	0.079766	1.532089	-0.003000	1.535089	0.061116	-1.285575	0.000000	-1.285575	0.051241	26127.236564
748588493582.000000 0.016769 0.338575	2.000000	-0.003000	2.003000	0.091138	1.532089	-0.003000	1.535089	0.069831	-1.285575	0.000000	-1.285575	0.058540	25210.189393
748588535893.000000 0.020362 0.358934	2.000000	-0.003000	2.003000	0.105777	1.532089	-0.003000	1.535089	0.081051	-1.285575	0.000000	-1.285575	0.067936	24237.999589
748588566474.000000 0.014717 0.373648	2.000000	-0.003000	2.003000	0.116792	1.532089	-0.003000	1.535089	0.089492	-1.285575	0.000000	-1.285575	0.075005	23225.955226
748588599739.000000 0.016009 0.389656	2.000000	-0.009000	2.009000	0.129324	1.532089	-0.009000	1.541089	0.099105	-1.285575	0.000000	-1.285575	0.083024	15409.925799
748588631002.000000 0.015045 0.404698	2.000000	-0.009000	2.009000	0.141556	1.532089	-0.009000	1.541089	0.108489	-1.285575	0.000000	-1.285575	0.090852	14365.327176
748588661772.000000 0.014808 0.419505	2.000000	-0.009000	2.009000	0.154036	1.532089	-0.009000	1.541089	0.118062	-1.285575	0.000000	-1.285575	0.098838	13282.509668
748588692461.000000 0.014769 0.434273	2.000000	-0.009000	2.009000	0.166922	1.532089	-0.009000	1.541089	0.127947	-1.285575	0.000000	-1.285575	0.107084	12161.573880
748588707200.000000 0.007094 0.441364	2.000000	-0.009000	2.009000	0.173212	1.532089	-0.009000	1.541089	0.132772	-1.285575	0.000000	-1.285575	0.111109	11022.335355
748588721295.000000 0.006784 0.448146	2.000000	-0.009000	2.009000	0.179320	1.532089	-0.009000	1.541089	0.137457	-1.285575	0.000000	-1.285575	0.115017	9865.590243
748588735344.000000 0.006762 0.454907	2.000000	-0.009000	2.009000	0.185500	1.532089	-0.009000	1.541089	0.142197	-1.285575	0.000000	-1.285575	0.118972	8691.394435
748588751638.000000 0.007842 0.462749	2.000000	-0.009000	2.009000	0.192790	1.532089	-0.009000	1.541089	0.147790	-1.285575	0.000000	-1.285575	0.123637	7496.957063
748588766052.000000 0.006938 0.469683	2.000000	-0.009000	2.009000	0.199337	1.532089	-0.009000	1.541089	0.152812	-1.285575	0.000000	-1.285575	0.127826	6284.621861
748588780047.000000 0.006736 0.476418	2.000000	-0.009000	2.009000	0.205784	1.532089	-0.009000	1.541089	0.157758	-1.285575	0.000000	-1.285575	0.131952	5054.901791
748588796265.000000 0.007806 0.484222	2.000000	-0.012000	2.012000	0.213389	1.532089	-0.012000	1.544089	0.163594	-1.285575	0.000000	-1.285575	0.136811	3805.038278
748588821694.000000 0.012238 0.496459	2.000000	-0.012000	2.012000	0.225614	1.532089	-0.012000	1.544089	0.172975	-1.285575	0.000000	-1.285575	0.144622	24926.557191
748588842364.000000 0.009948 0.506404	2.000000	-0.012000	2.012000	0.235750	1.532089	-0.012000	1.544089	0.180754	-1.285575	0.000000	-1.285575	0.151099	23486.989792
748588859655.000000 0.008322 0.514725	2.000000	-0.012000	2.012000	0.244368	1.532089	-0.012000	1.544089	0.187369	-1.285575	0.000000	-1.285575	0.156606	22023.770118
748588878852.000000 0.009240 0.523963	2.000000	-0.012000	2.012000	0.254109	1.532089	-0.012000	1.544089	0.194844	-1.285575	0.000000	-1.285575	0.162829	20534.288225
748588897536.000000 0.008993 0.532953	2.000000	-0.012000	2.012000	0.263752	1.532089	-0.012000	1.544089	0.202244	-1.285575	0.000000	-1.285575	0.168991	19019.251314
748588916092.000000 0.008930 0.541881	2.000000	-0.012000	2.012000	0.273488	1.532089	-0.012000	1.544089	0.209716	-1.285575	0.000000	-1.285575	0.175212	17478.833108
748588933905.000000 0.008573 0.550453	2.000000	-0.012000	2.012000	0.282983	1.532089	-0.012000	1.544089	0.217003	-1.285575	0.000000	-1.285575	0.181279	15914.047218
748588948033.000000 0.006800 0.557251	2.000000	-0.012000	2.012000	0.290608	1.532089	-0.012000	1.544089	0.222855	-1.285575	0.000000	-1.285575	0.186150	14329.937073
748588966375.000000 0.008828 0.566078	2.000000	-0.012000	2.012000	0.300662	1.532089	-0.012000	1.544089	0.230571	-1.285575	0.000000	-1.285575	0.192575	12720.734259
748588981888.000000 0.007468 0.573544	2.000000	-0.012000	2.012000	0.309280	1.532089	-0.012000	1.544089	0.237184	-1.285575	0.000000	-1.285575	0.198081	11090.308552
748588996861.000000 0.007207 0.580747	2.000000	-0.012000	2.012000	0.317701	1.532089	-0.012000	1.544089	0.243647	-1.285575	0.000000	-1.285575	0.203462	9439.406821
748589012405.000000 0.007482 0.588227	2.000000	-0.012000	2.012000	0.326555	1.532089	-0.012000	1.544089	0.250442	-1.285575	0.000000	-1.285575	0.209119	16512.611069
748589034543.000000 0.010690 0.598915	2.000000	-0.012000	2.012000	0.339436	1.532089	-0.012000	1.544089	0.260328	-1.285575	0.000000	-1.285575	0.217350	14618.097118
748589050570.000000 0.007714 0.606591	2.000000	-0.012000	2.012000	0.348851	1.532089	-0.012000	1.544089	0.267553	-1.285575	0.000000	-1.285575	0.223365	12699.300654
748589072609.000000 0.010607 0.617196	2.000000	-0.012000	2.012000	0.362023	1.532089	-0.012000	1.544089	0.277661	-1.285575	0.000000	-1.285575	0.231781	10746.956482
748589088866.000000 0.007825 0.625019	2.000000	-0.012000	2.012000	0.371862	1.532089	-0.012000	1.544089	0.285213	-1.285575	0.000000	-1.285575	0.238068	8769.867071
748589103654.000000 0.007117 0.632134	2.000000	-0.012000	2.012000	0.380915	1.532089	-0.012000	1.544089	0.292160	-1.285575	0.000000	-1.285575	0.243852	6770.271470
748589118864.000000 0.007320 0.639454	2.000000	-0.012000	2.012000	0.390333	1.532089	-0.012000	1.544089	0.299388	-1.285575	0.000000	-1.285575	0.249870	4747.522776
748589133264.000000 0.006931 0.646382	2.000000	-0.012000	2.012000	0.399346	1.532089	-0.012000	1.544089	0.306305	-1.285575	0.000000	-1.285575	0.255629	2702.856956
748589148579.000000 0.007371 0.653753	2.000000	-0.012000	2.012000	0.409042	1.532089	-0.012000	1.544089	0.313746	-1.285575	0.000000	-1.285575	0.261825	634.876697
748589163074.000000 0.006977 0.660727	2.000000	-0.012000	2.012000	0.418317	1.532089	-0.012000	1.544089	0.320864	-1.285575	0.000000	-1.285575	0.267751	-1455.163768
748589177716.000000 0.007047 0.667773	2.000000	-0.012000	2.012000	0.427785	1.532089	-0.012000	1.544089	0.328130	-1.285575	0.000000	-1.285575	0.273801	-3567.492757
748589192443.000000 0.007088 0.674859	2.000000	-0.012000	2.012000	0.437410	1.532089	-0.012000	1.544089	0.335516	-1.285575	0.000000	-1.285575	0.279950	-5702.238130
748589207407.000000 0.007202 0.682060	2.000000	-0.012000	2.012000	0.447294	1.532089	-0.012000	1.544089	0.343102	-1.285575	0.000000	-1.285575	0.286266	-7859.760631
748589223643.000000 0.007815 0.689873	2.000000	-0.009055	2.009055	0.458125	1.532089	-0.009000	1.541089	0.351410	-1.285575	-0.001000	-1.284575	0.293191	2654.395460
748589240666.000000 0.008193 0.698064	2.000000	-0.009055	2.009055	0.469616	1.532089	-0.009000	1.541089	0.360224	-1.285575	-0.001000	-1.284575	0.300538	78.335629
748589255098.000000 0.006946 0.705008	2.000000	-0.009055	2.009055	0.479454	1.532089	-0.009000	1.541089	0.367771	-1.285575	-0.001000	-1.284575	0.306829	-2523.348105
748589270749.000000 0.007533 0.712539	2.000000	-0.009055	2.009055	0.490237	1.532089	-0.009000	1.541089	0.376042	-1.285575	-0.001000	-1.284575	0.313723	-5152.823917
748589288075.000000 0.008339 0.720876	2.000000	-0.009055	2.009055	0.502314	1.532089	-0.009000	1.541089	0.385306	-1.285575	-0.001000	-1.284575	0.321445	-7813.067944
748589302699.000000 0.007039 0.727913	2.000000	-0.009055	2.009055	0.512608	1.532089	-0.009000	1.541089	0.393202	-1.285575	-0.001000	-1.284575	0.328027	-10499.280367
748589317573.000000 0.007159 0.735070	2.000000	-0.009055	2.009055	0.523180	1.532089	-0.009000	1.541089	0.401312	-1.285575	-0.001000	-1.284575	0.334787	-13211.903343
748589332009.000000 0.006948 0.742017	2.000000	-0.009055	2.009055	0.533538	1.532089	-0.009000	1.541089	0.409257	-1.285575	-0.001000	-1.284575	0.341410	-15950.162652
748589346612.000000 0.007028 0.749044	2.000000	-0.009055	2.009055	0.544115	1.532089	-0.009000	1.541089	0.417370	-1.285575	-0.001000	-1.284575	0.348172	-18714.353065
748589364877.000000 0.008791 0.757833	2.000000	-0.009055	2.009055	0.557499	1.532089	-0.009000	1.541089	0.427637	-1.285575	-0.001000	-1.284575	0.356730	-21510.979112
748589379579.000000 0.007076 0.764907	2.000000	-0.009055	2.009055	0.568374	1.532089	-0.009000	1.541089	0.435979	-1.285575	-0.001000	-1.284575	0.363683	-24333.708511
748589393832.000000 0.006860 0.771766	2.000000	-0.009055	2.009055	0.579011	1.532089	-0.009000	1.541089	0.444138	-1.285575	-0.001000	-1.284575	0.370485	-25837.711399
748589408441.000000 0.007032 0.778796	2.000000	-0.009055	2.009055	0.590013	1.532089	-0.009000	1.541089	0.452578	-1.285575	-0.001000	-1.284575	0.377519	-25837.711399
748589422831.000000 0.006926 0.785720	2.000000	-0.003606	2.003606	0.600917	1.532089	-0.003000	1.535089	0.460932	-1.285575	-0.002000	-1.283575	0.384505	-16042.807977
748589440111.000000 0.008317 0.794036	2.000000	-0.003606	2.003606	0.614149	1.532089	-0.003000	1.535089	0.471069	-1.285575	-0.002000	-1.283575	0.392981	-16042.807977
748589454951.000000 0.007143 0.801176	2.000000	-0.003606	2.003606	0.625615	1.532089	-0.003000	1.535089	0.479854	-1.285575	-0.002000	-1.283575	0.400327	-16042.807977
748589469716.000000 0.007106 0.808281	2.000000	-0.003606	2.003606	0.637123	1.532089	-0.003000	1.535089	0.488671	-1.285575	-0.002000	-1.283575	0.407699	-16042.807977
748589485015.000000 0.007364 0.815643	2.000000	-0.003606	2.003606	0.649157	1.532089	-0.003000	1.535089	0.497891	-1.285575	-0.002000	-1.283575	0.415409	-16042.807977
748589502067.000000 0.008207 0.823848	2.000000	-0.003606	2.003606	0.662704	1.532089	-0.003000	1.535089	0.508270	-1.285575	-0.002000	-1.283575	0.424087	-16042.807977
748589518306.000000 0.007816 0.831661	2.000000	-0.003606	2.003606	0.675727	1.532089	-0.003000	1.535089	0.518248	-1.285575	-0.002000	-1.283575	0.432430	-16042.807977
748589533296.000000 0.007215 0.838875	2.000000	-0.003606	2.003606	0.687853	1.532089	-0.003000	1.535089	0.527539	-1.285575	-0.002000	-1.283575	0.440199	-16042.807977
748589548304.000000 0.007223 0.846096	2.000000	-0.003606	2.003606	0.700098	1.532089	-0.003000	1.535089	0.536921	-1.285575	-0.002000	-1.283575	0.448044	-16042.807977
748589563019.000000 0.007083 0.853177	2.000000	-0.003606	2.003606	0.712206	1.532089	-0.003000	1.535089	0.546197	-1.285575	-0.002000	-1.283575	0.455800	-16042.807977
748589578360.000000 0.007383 0.860559	2.000000	-0.003606	2.003606	0.724936	1.532089	-0.003000	1.535089	0.555951	-1.285575	-0.002000	-1.283575	0.463956	-16042.807977
748589593160.000000 0.007124 0.867681	2.000000	-0.003606	2.003606	0.737321	1.532089	-0.003000	1.535089	0.565439	-1.285575	-0.002000	-1.283575	0.471889	-16042.807977
748589608216.000000 0.007246 0.874925	2.000000	-0.003606	2.003606	0.750023	1.532089	-0.003000	1.535089	0.575172	-1.285575	-0.002000	-1.283575	0.480027	-16042.807977
748589623441.000000 0.007328 0.882251	2.000000	-0.003606	2.003606	0.762976	1.532089	-0.003000	1.535089	0.585096	-1.285575	-0.002000	-1.283575	0.488325	-16042.807977
748589639469.000000 0.007715 0.889966	2.000000	0.007211	1.992789	0.776659	1.532089	0.006000	1.526089	0.595574	-1.285575	-0.004000	-1.281575	0.497125	-43686.824982
748589656595.000000 0.008242 0.898205	2.000000	0.007211	1.992789	0.791412	1.532089	0.006000	1.526089	0.606872	-1.285575	-0.004000	-1.281575	0.506612	-43686.824982
748589671604.000000 0.007224 0.905427	2.000000	0.007211	1.992789	0.804446	1.532089	0.006000	1.526089	0.616853	-1.285575	-0.004000	-1.281575	0.514995	-43686.824982
748589686358.000000 0.007101 0.912527	2.000000	0.007211	1.992789	0.817359	1.532089	0.006000	1.526089	0.626742	-1.285575	-0.004000	-1.281575	0.523299	-43686.824982
748589701955.000000 0.007507 0.920032	2.000000	0.007211	1.992789	0.831122	1.532089	0.006000	1.526089	0.637282	-1.285575	-0.004000	-1.281575	0.532150	-43686.824982
748589716989.000000 0.007236 0.927266	2.000000	0.007211	1.992789	0.844494	1.532089	0.006000	1.526089	0.647522	-1.285575	-0.004000	-1.281575	0.540750	-43686.824982
748589732448.000000 0.007441 0.934706	2.000000	0.007211	1.992789	0.858354	1.532089	0.006000	1.526089	0.658137	-1.285575	-0.004000	-1.281575	0.549663	-43686.824982
748589749958.000000 0.008428 0.943132	2.000000	0.007211	1.992789	0.874194	1.532089	0.006000	1.526089	0.670267	-1.285575	-0.004000	-1.281575	0.559850	-43686.824982
748589771966.000000 0.010592 0.953722	2.000000	0.007211	1.992789	0.894326	1.532089	0.006000	1.526089	0.685684	-1.285575	-0.004000	-1.281575	0.572797	-43686.824982
748589789374.000000 0.008379 0.962098	2.000000	0.007211	1.992789	0.910390	1.532089	0.006000	1.526089	0.697986	-1.285575	-0.004000	-1.281575	0.583128	-43686.824982
748589806906.000000 0.008438 0.970534	2.000000	0.007211	1.992789	0.926710	1.532089	0.006000	1.526089	0.710484	-1.285575	-0.004000	-1.281575	0.593623	-43686.824982
748589825068.000000 0.008742 0.979275	2.000000	0.007211	1.992789	0.943770	1.532089	0.006000	1.526089	0.723549	-1.285575	-0.004000	-1.281575	0.604595	-43686.824982
748589844410.000000 0.009310 0.988582	2.000000	0.018974	1.981026	0.962002	1.532089	0.018000	1.514089	0.737483	-1.285575	-0.006000	-1.279575	0.616371	-24950.024620
748589872321.000000 0.013432 1.002012	2.000000	0.018974	1.981026	0.988666	1.532089	0.018000	1.514089	0.757862	-1.285575	-0.006000	-1.279575	0.633594	-24950.024620
748589891197.000000 0.009085 1.011094	2.000000	0.018974	1.981026	1.006863	1.532089	0.018000	1.514089	0.771770	-1.285575	-0.006000	-1.279575	0.645348	-24950.024620
748589908514.000000 0.008335 1.019428	2.000000	0.018974	1.981026	1.023695	1.532089	0.018000	1.514089	0.784635	-1.285575	-0.006000	-1.279575	0.656220	-24950.024620
748589923817.000000 0.007366 1.026790	2.000000	0.018974	1.981026	1.038678	1.532089	0.018000	1.514089	0.796086	-1.285575	-0.006000	-1.279575	0.665897	-24950.024620
748589938356.000000 0.006997 1.033786	2.000000	0.018974	1.981026	1.053008	1.532089	0.018000	1.514089	0.807039	-1.285575	-0.006000	-1.279575	0.675153	-24950.024620
748589953025.000000 0.007060 1.040845	2.000000	0.018974	1.981026	1.067566	1.532089	0.018000	1.514089	0.818165	-1.285575	-0.006000	-1.279575	0.684556	-24950.024620
748589968576.000000 0.007485 1.048328	2.000000	0.018974	1.981026	1.083110	1.532089	0.018000	1.514089	0.830045	-1.285575	-0.006000	-1.279575	0.694597	-24950.024620
748589982944.000000 0.006916 1.055242	2.000000	0.018974	1.981026	1.097567	1.532089	0.018000	1.514089	0.841095	-1.285575	-0.006000	-1.279575	0.703935	-24950.024620
748589997957.000000 0.007226 1.062465	2.000000	0.018974	1.981026	1.112776	1.532089	0.018000	1.514089	0.852719	-1.285575	-0.006000	-1.279575	0.713758	-24950.024620
748590012873.000000 0.007179 1.069644	2.000000	0.018974	1.981026	1.127989	1.532089	0.018000	1.514089	0.864346	-1.285575	-0.006000	-1.279575	0.723585	-24950.024620
748590027447.000000 0.007014 1.076656	2.000000	0.018974	1.981026	1.142950	1.532089	0.018000	1.514089	0.875781	-1.285575	-0.006000	-1.279575	0.733248	-24950.024620
748590042840.000000 0.007408 1.084063	2.000000	0.034205	1.965795	1.158738	1.532089	0.033000	1.499089	0.887820	-1.285575	-0.009000	-1.276575	0.743501	-24950.024620
748590059388.000000 0.007965 1.092028	2.000000	0.034205	1.965795	1.175837	1.532089	0.033000	1.499089	0.900860	-1.285575	-0.009000	-1.276575	0.754605	-13430.025580
748590075669.000000 0.007836 1.099860	2.000000	0.034205	1.965795	1.192779	1.532089	0.033000	1.499089	0.913780	-1.285575	-0.009000	-1.276575	0.765607	-13430.025580
748590090515.000000 0.007146 1.107004	2.000000	0.034205	1.965795	1.208329	1.532089	0.033000	1.499089	0.925638	-1.285575	-0.009000	-1.276575	0.775705	-13430.025580
748590105486.000000 0.007205 1.114208	2.000000	0.034205	1.965795	1.224111	1.532089	0.033000	1.499089	0.937673	-1.285575	-0.009000	-1.276575	0.785954	-13430.025580
748590121064.000000 0.007497 1.121704	2.000000	0.034205	1.965795	1.240643	1.532089	0.033000	1.499089	0.950280	-1.285575	-0.009000	-1.276575	0.796690	-13430.025580
748590135937.000000 0.007159 1.128861	2.000000	0.034205	1.965795	1.256529	1.532089	0.033000	1.499089	0.962395	-1.285575	-0.009000	-1.276575	0.807006	-13430.025580
748590152264.000000 0.007859 1.136719	2.000000	0.034205	1.965795	1.274090	1.532089	0.033000	1.499089	0.975787	-1.285575	-0.009000	-1.276575	0.818410	-13430.025580
748590172341.000000 0.009662 1.146378	2.000000	0.034205	1.965795	1.295865	1.532089	0.033000	1.499089	0.992392	-1.285575	-0.009000	-1.276575	0.832550	-13430.025580
748590188029.000000 0.007551 1.153928	2.000000	0.034205	1.965795	1.312994	1.532089	0.033000	1.499089	1.005454	-1.285575	-0.009000	-1.276575	0.843674	-13430.025580
748590205660.000000 0.008486 1.162411	2.000000	0.034205	1.965795	1.332385	1.532089	0.033000	1.499089	1.020241	-1.285575	-0.009000	-1.276575	0.856266	-13430.025580
748590222021.000000 0.007875 1.170284	2.000000	0.034205	1.965795	1.350501	1.532089	0.033000	1.499089	1.034056	-1.285575	-0.009000	-1.276575	0.868030	-13430.025580
748590238217.000000 0.007795 1.178077	2.000000	0.034205	1.965795	1.368554	1.532089	0.033000	1.499089	1.047823	-1.285575	-0.009000	-1.276575	0.879754	-13430.025580
748590254947.000000 0.008053 1.186128	2.000000	0.052887	1.947113	1.387152	1.532089	0.051000	1.481089	1.061970	-1.285575	-0.014000	-1.271575	0.891899	-11246.595350
748590272650.000000 0.008520 1.194646	2.000000	0.052887	1.947113	1.406971	1.532089	0.051000	1.481089	1.077046	-1.285575	-0.014000	-1.271575	0.904843	-11246.595350
748590286825.000000 0.006823 1.201467	2.000000	0.052887	1.947113	1.422933	1.532089	0.051000	1.481089	1.089187	-1.285575	-0.014000	-1.271575	0.915266	-11246.595350
748590301114.000000 0.006877 1.208342	2.000000	0.052887	1.947113	1.439113	1.532089	0.051000	1.481089	1.101495	-1.285575	-0.014000	-1.271575	0.925833	-11246.595350
748590317098.000000 0.007694 1.216036	2.000000	0.052887	1.947113	1.457331	1.532089	0.051000	1.481089	1.115353	-1.285575	-0.014000	-1.271575	0.937731	-11246.595350
748590335997.000000 0.009096 1.225129	2.000000	0.052887	1.947113	1.479029	1.532089	0.051000	1.481089	1.131857	-1.285575	-0.014000	-1.271575	0.951901	-11246.595350
748590356548.000000 0.009891 1.235018	2.000000	0.052887	1.947113	1.502815	1.532089	0.051000	1.481089	1.149950	-1.285575	-0.014000	-1.271575	0.967434	-11246.595350
748590374263.000000 0.008526 1.243541	2.000000	0.052887	1.947113	1.523459	1.532089	0.051000	1.481089	1.165653	-1.285575	-0.014000	-1.271575	0.980916	-11246.595350
748590392115.000000 0.008592 1.252133	2.000000	0.052887	1.947113	1.544407	1.532089	0.051000	1.481089	1.181587	-1.285575	-0.014000	-1.271575	0.994596	-11246.595350
748590411117.000000 0.009145 1.261275	2.000000	0.052887	1.947113	1.566866	1.532089	0.051000	1.481089	1.198671	-1.285575	-0.014000	-1.271575	1.009263	-11246.595350
748590432764.000000 0.010419 1.271693	2.000000	0.052887	1.947113	1.592664	1.532089	0.051000	1.481089	1.218295	-1.285575	-0.014000	-1.271575	1.026111	-11246.595350
748590450668.000000 0.008618 1.280308	2.000000	0.052887	1.947113	1.614147	1.532089	0.051000	1.481089	1.234636	-1.285575	-0.014000	-1.271575	1.040140	-11246.595350
748590471488.000000 0.010021 1.290327	2.000000	0.074041	1.925959	1.639050	1.532089	0.071000	1.461089	1.253528	-1.285575	-0.021000	-1.264575	1.056491	-8919.860506
748590495343.000000 0.011481 1.301806	2.000000	0.074041	1.925959	1.667836	1.532089	0.071000	1.461089	1.275366	-1.285575	-0.021000	-1.264575	1.075392	-8919.860506
748590513610.000000 0.008792 1.310595	2.000000	0.074041	1.925959	1.690028	1.532089	0.071000	1.461089	1.292201	-1.285575	-0.021000	-1.264575	1.089963	-8919.860506
748590532152.000000 0.008924 1.319517	2.000000	0.074041	1.925959	1.712707	1.532089	0.071000	1.461089	1.309407	-1.285575	-0.021000	-1.264575	1.104854	-8919.860506
748590550848.000000 0.008999 1.328514	2.000000	0.074041	1.925959	1.735732	1.532089	0.071000	1.461089	1.326874	-1.285575	-0.021000	-1.264575	1.119972	-8919.860506
748590570459.000000 0.009439 1.337951	2.000000	0.074041	1.925959	1.760055	1.532089	0.071000	1.461089	1.345326	-1.285575	-0.021000	-1.264575	1.135943	-8919.860506
748590600294.000000 0.014358 1.352307	2.000000	0.074041	1.925959	1.797451	1.532089	0.071000	1.461089	1.373696	-1.285575	-0.021000	-1.264575	1.160497	-8919.860506
748590629985.000000 0.014290 1.366595	2.000000	0.074041	1.925959	1.835062	1.532089	0.071000	1.461089	1.402229	-1.285575	-0.021000	-1.264575	1.185192	-8919.860506
748590656968.000000 0.012987 1.379578	2.000000	0.074041	1.925959	1.869569	1.532089	0.071000	1.461089	1.428406	-1.285575	-0.021000	-1.264575	1.207849	-8919.860506
748590680988.000000 0.011561 1.391136	2.000000	0.098372	1.901628	1.900152	1.532089	0.094000	1.438089	1.451534	-1.285575	-0.029000	-1.256575	1.228058	-9289.207880
748590701292.000000 0.009772 1.400905	2.000000	0.098372	1.901628	1.926184	1.532089	0.094000	1.438089	1.471221	-1.285575	-0.029000	-1.256575	1.245260	-9289.207880
748590717144.000000 0.007631 1.408535	2.000000	0.098372	1.901628	1.946623	1.532089	0.094000	1.438089	1.486678	-1.285575	-0.029000	-1.256575	1.258766	-9289.207880
748590735859.000000 0.009008 1.417540	2.000000	0.098372	1.901628	1.970905	1.532089	0.094000	1.438089	1.505041	-1.285575	-0.029000	-1.256575	1.274811	-9289.207880
748590750343.000000 0.006972 1.424508	2.000000	0.098372	1.901628	1.989790	1.532089	0.094000	1.438089	1.519323	-1.285575	-0.029000	-1.256575	1.287290	-9289.207880
748590765171.000000 0.007137 1.431643	2.000000	0.098372	1.901628	2.009221	1.532089	0.094000	1.438089	1.534017	-1.285575	-0.029000	-1.256575	1.300129	-9289.207880
748590779340.000000 0.006820 1.438461	2.000000	0.098372	1.901628	2.027876	1.532089	0.094000	1.438089	1.548124	-1.285575	-0.029000	-1.256575	1.312456	-9289.207880
748590793960.000000 0.007036 1.445496	2.000000	0.098372	1.901628	2.047218	1.532089	0.094000	1.438089	1.562752	-1.285575	-0.029000	-1.256575	1.325237	-9289.207880
748590809105.000000 0.007290 1.452784	2.000000	0.098372	1.901628	2.067356	1.532089	0.094000	1.438089	1.577981	-1.285575	-0.029000	-1.256575	1.338545	-9289.207880
748590823312.000000 0.006839 1.459622	2.000000	0.098372	1.901628	2.086340	1.532089	0.094000	1.438089	1.592337	-1.285575	-0.029000	-1.256575	1.351089	-9289.207880
748590838269.000000 0.007199 1.466817	2.000000	0.098372	1.901628	2.106419	1.532089	0.094000	1.438089	1.607522	-1.285575	-0.029000	-1.256575	1.364357	-9289.207880
748590852627.000000 0.006910 1.473726	2.000000	0.098372	1.901628	2.125785	1.532089	0.094000	1.438089	1.622167	-1.285575	-0.029000	-1.256575	1.377154	-9289.207880
748590867077.000000 0.006955 1.480679	2.000000	0.098372	1.901628	2.145367	1.532089	0.094000	1.438089	1.636976	-1.285575	-0.029000	-1.256575	1.390094	-9289.207880
748590882701.000000 0.007520 1.488198	2.000000	0.125228	1.874772	2.166349	1.532089	0.119000	1.413089	1.652791	-1.285575	-0.039000	-1.246575	1.404044	-3099.952911
748590899035.000000 0.007861 1.496057	2.000000	0.125228	1.874772	2.188398	1.532089	0.119000	1.413089	1.669410	-1.285575	-0.039000	-1.246575	1.418705	-3099.952911
748590913338.000000 0.006884 1.502939	2.000000	0.125228	1.874772	2.207794	1.532089	0.119000	1.413089	1.684030	-1.285575	-0.039000	-1.246575	1.431602	-3099.952911
748590927720.000000 0.006922 1.509860	2.000000	0.125228	1.874772	2.227389	1.532089	0.119000	1.413089	1.698799	-1.285575	-0.039000	-1.246575	1.444632	-3099.952911
748590943158.000000 0.007430 1.517289	2.000000	0.125228	1.874772	2.248525	1.532089	0.119000	1.413089	1.714730	-1.285575	-0.039000	-1.246575	1.458685	-3099.952911
748590957783.000000 0.007039 1.524326	2.000000	0.125228	1.874772	2.268641	1.532089	0.119000	1.413089	1.729893	-1.285575	-0.039000	-1.246575	1.472061	-3099.952911
748590971833.000000 0.006762 1.531087	2.000000	0.125228	1.874772	2.288052	1.532089	0.119000	1.413089	1.744523	-1.285575	-0.039000	-1.246575	1.484967	-3099.952911
748590986441.000000 0.007031 1.538117	2.000000	0.125228	1.874772	2.308327	1.532089	0.119000	1.413089	1.759805	-1.285575	-0.039000	-1.246575	1.498449	-3099.952911
748591002701.000000 0.007826 1.545941	2.000000	0.125228	1.874772	2.331009	1.532089	0.119000	1.413089	1.776902	-1.285575	-0.039000	-1.246575	1.513531	-3099.952911
748591017381.000000 0.007065 1.553004	2.000000	0.125228	1.874772	2.351580	1.532089	0.119000	1.413089	1.792407	-1.285575	-0.039000	-1.246575	1.527209	-3099.952911
748591033535.000000 0.007775 1.560778	2.000000	0.125228	1.874772	2.374331	1.532089	0.119000	1.413089	1.809555	-1.285575	-0.039000	-1.246575	1.542336	-3099.952911
748591047755.000000 0.006845 1.567622	2.000000	0.125228	1.874772	2.394448	1.532089	0.119000	1.413089	1.824718	-1.285575	-0.039000	-1.246575	1.555712	-3099.952911
748591062025.000000 0.006869 1.574487	2.000000	0.125228	1.874772	2.414722	1.532089	0.119000	1.413089	1.840000	-1.285575	-0.039000	-1.246575	1.569193	-3099.952911
748591076725.000000 0.007075 1.581560	2.000000	0.125228	1.874772	2.435702	1.532089	0.119000	1.413089	1.855813	-1.285575	-0.039000	-1.246575	1.583143	-3099.952911
748591092381.000000 0.007536 1.589095	2.000000	0.155271	1.844729	2.457793	1.532089	0.147000	1.385089	1.872399	-1.285575	-0.050000	-1.235575	1.597939	2994.410186
748591111188.000000 0.009051 1.598144	2.000000	0.155271	1.844729	2.484477	1.532089	0.147000	1.385089	1.892435	-1.285575	-0.050000	-1.235575	1.615812	2994.410186
748591127514.000000 0.007858 1.606001	2.000000	0.155271	1.844729	2.507759	1.532089	0.147000	1.385089	1.909916	-1.285575	-0.050000	-1.235575	1.631406	2994.410186
748591149641.000000 0.010649 1.616648	2.000000	0.155271	1.844729	2.539518	1.532089	0.147000	1.385089	1.933761	-1.285575	-0.050000	-1.235575	1.652677	2994.410186
748591169507.000000 0.009562 1.626208	2.000000	0.155271	1.844729	2.568202	1.532089	0.147000	1.385089	1.955299	-1.285575	-0.050000	-1.235575	1.671890	2994.410186
748591189309.000000 0.009530 1.635736	2.000000	0.155271	1.844729	2.596960	1.532089	0.147000	1.385089	1.976891	-1.285575	-0.050000	-1.235575	1.691152	2994.410186
748591208438.000000 0.009207 1.644941	2.000000	0.155271	1.844729	2.624899	1.532089	0.147000	1.385089	1.997869	-1.285575	-0.050000	-1.235575	1.709865	2994.410186
748591226478.000000 0.008683 1.653621	2.000000	0.155271	1.844729	2.651385	1.532089	0.147000	1.385089	2.017756	-1.285575	-0.050000	-1.235575	1.727605	2994.410186
748591240965.000000 0.006973 1.660592	2.000000	0.155271	1.844729	2.672746	1.532089	0.147000	1.385089	2.033794	-1.285575	-0.050000	-1.235575	1.741912	2994.410186
748591255936.000000 0.007206 1.667795	2.000000	0.155271	1.844729	2.694915	1.532089	0.147000	1.385089	2.050440	-1.285575	-0.050000	-1.235575	1.756761	2994.410186
748591270361.000000 0.006943 1.674737	2.000000	0.155271	1.844729	2.716366	1.532089	0.147000	1.385089	2.066545	-1.285575	-0.050000	-1.235575	1.771128	2994.410186
748591284990.000000 0.007041 1.681776	2.000000	0.155271	1.844729	2.738209	1.532089	0.147000	1.385089	2.082946	-1.285575	-0.050000	-1.235575	1.785758	2994.410186
748591301424.000000 0.007910 1.689684	2.000000	0.188558	1.811442	2.762419	1.532089	0.177000	1.355089	2.101057	-1.285575	-0.065000	-1.220575	1.802072	4959.471737
748591318174.000000 0.008061 1.697744	2.000000	0.188558	1.811442	2.787211	1.532089	0.177000	1.355089	2.119603	-1.285575	-0.065000	-1.220575	1.818777	4959.471737
748591336084.000000 0.008622 1.706363	2.000000	0.188558	1.811442	2.813860	1.532089	0.177000	1.355089	2.139538	-1.285575	-0.065000	-1.220575	1.836733	4959.471737
748591353184.000000 0.008231 1.714591	2.000000	0.188558	1.811442	2.839424	1.532089	0.177000	1.355089	2.158662	-1.285575	-0.065000	-1.220575	1.853958	4959.471737
748591369573.000000 0.007888 1.722477	2.000000	0.188558	1.811442	2.864036	1.532089	0.177000	1.355089	2.177074	-1.285575	-0.065000	-1.220575	1.870543	4959.471737
748591383913.000000 0.006902 1.729377	2.000000	0.188558	1.811442	2.885659	1.532089	0.177000	1.355089	2.193249	-1.285575	-0.065000	-1.220575	1.885112	4959.471737
748591398041.000000 0.006800 1.736175	2.000000	0.188558	1.811442	2.907044	1.532089	0.177000	1.355089	2.209247	-1.285575	-0.065000	-1.220575	1.899522	4959.471737
748591412689.000000 0.007050 1.743223	2.000000	0.188558	1.811442	2.929306	1.532089	0.177000	1.355089	2.225900	-1.285575	-0.065000	-1.220575	1.914522	4959.471737
748591428382.000000 0.007553 1.750775	2.000000	0.188558	1.811442	2.953260	1.532089	0.177000	1.355089	2.243820	-1.285575	-0.065000	-1.220575	1.930663	4959.471737
748591444631.000000 0.007821 1.758594	2.000000	0.188558	1.811442	2.978174	1.532089	0.177000	1.355089	2.262457	-1.285575	-0.065000	-1.220575	1.947450	4959.471737
748591459403.000000 0.007110 1.765701	2.000000	0.188558	1.811442	3.000914	1.532089	0.177000	1.355089	2.279468	-1.285575	-0.065000	-1.220575	1.962773	4959.471737
748591473789.000000 0.006924 1.772624	2.000000	0.188558	1.811442	3.023148	1.532089	0.177000	1.355089	2.296101	-1.285575	-0.065000	-1.220575	1.977754	4959.471737
748591488453.000000 0.007059 1.779681	2.000000	0.188558	1.811442	3.045904	1.532089	0.177000	1.355089	2.313124	-1.285575	-0.065000	-1.220575	1.993087	4959.471737
748591503203.000000 0.007100 1.786780	2.000000	0.225080	1.774920	3.068422	1.532089	0.210000	1.322089	2.329897	-1.285575	-0.081000	-1.204575	2.008370	4832.434576
748591520584.000000 0.008365 1.795142	2.000000	0.225080	1.774920	3.095075	1.532089	0.210000	1.322089	2.349750	-1.285575	-0.081000	-1.204575	2.026458	4832.434576
748591537333.000000 0.008062 1.803202	2.000000	0.225080	1.774920	3.120877	1.532089	0.210000	1.322089	2.368970	-1.285575	-0.081000	-1.204575	2.043969	4832.434576
748591552173.000000 0.007143 1.810342	2.000000	0.225080	1.774920	3.143829	1.532089	0.210000	1.322089	2.386065	-1.285575	-0.081000	-1.204575	2.059546	4832.434576
748591567600.000000 0.007425 1.817766	2.000000	0.225080	1.774920	3.167786	1.532089	0.210000	1.322089	2.403910	-1.285575	-0.081000	-1.204575	2.075804	4832.434576
748591582814.000000 0.007323 1.825087	2.000000	0.225080	1.774920	3.191507	1.532089	0.210000	1.322089	2.421580	-1.285575	-0.081000	-1.204575	2.091903	4832.434576
748591597915.000000 0.007268 1.832352	2.000000	0.225080	1.774920	3.215146	1.532089	0.210000	1.322089	2.439187	-1.285575	-0.081000	-1.204575	2.107946	4832.434576
748591613536.000000 0.007518 1.839869	2.000000	0.225080	1.774920	3.239697	1.532089	0.210000	1.322089	2.457475	-1.285575	-0.081000	-1.204575	2.124608	4832.434576
748591630562.000000 0.008195 1.848064	2.000000	0.225080	1.774920	3.266579	1.532089	0.210000	1.322089	2.477498	-1.285575	-0.081000	-1.204575	2.142852	4832.434576
748591645681.000000 0.007277 1.855337	2.000000	0.225080	1.774920	3.290541	1.532089	0.210000	1.322089	2.495347	-1.285575	-0.081000	-1.204575	2.159114	4832.434576
748591660829.000000 0.007291 1.862626	2.000000	0.225080	1.774920	3.314645	1.532089	0.210000	1.322089	2.513302	-1.285575	-0.081000	-1.204575	2.175473	4832.434576
748591675469.000000 0.007046 1.869671	2.000000	0.225080	1.774920	3.338028	1.532089	0.210000	1.322089	2.530719	-1.285575	-0.081000	-1.204575	2.191342	4832.434576
748591690561.000000 0.007264 1.876933	2.000000	0.225080	1.774920	3.362227	1.532089	0.210000	1.322089	2.548744	-1.285575	-0.081000	-1.204575	2.207765	4832.434576
748591706149.000000 0.007503 1.884435	2.000000	0.263319	1.736681	3.386781	1.532089	0.244000	1.288089	2.566956	-1.285575	-0.099000	-1.186575	2.224541	4832.434576
748591741198.000000 0.016868 1.901301	2.000000	0.263319	1.736681	3.442478	1.532089	0.244000	1.288089	2.608266	-1.285575	-0.099000	-1.186575	2.262595	10682.747947
748591768772.000000 0.013271 1.914570	2.000000	0.263319	1.736681	3.486603	1.532089	0.244000	1.288089	2.640993	-1.285575	-0.099000	-1.186575	2.292744	10682.747947
748591802876.000000 0.016413 1.930980	2.000000	0.263319	1.736681	3.541644	1.532089	0.244000	1.288089	2.681817	-1.285575	-0.099000	-1.186575	2.330350	10682.747947
748591829105.000000 0.012624 1.943601	2.000000	0.263319	1.736681	3.584254	1.532089	0.244000	1.288089	2.713420	-1.285575	-0.099000	-1.186575	2.359463	10682.747947
748591854481.000000 0.012213 1.955811	2.000000	0.263319	1.736681	3.625735	1.532089	0.244000	1.288089	2.744187	-1.285575	-0.099000	-1.186575	2.387805	10682.747947
748591872083.000000 0.008472 1.964282	2.000000	0.263319	1.736681	3.654637	1.532089	0.244000	1.288089	2.765624	-1.285575	-0.099000	-1.186575	2.407552	10682.747947
748591889833.000000 0.008543 1.972821	2.000000	0.263319	1.736681	3.683906	1.532089	0.244000	1.288089	2.787332	-1.285575	-0.099000	-1.186575	2.427549	10682.747947
748591910343.000000 0.009872 1.982693	2.000000	0.263319	1.736681	3.717897	1.532089	0.244000	1.288089	2.812543	-1.285575	-0.099000	-1.186575	2.450774	10682.747947
748591925960.000000 0.007517 1.990206	2.000000	0.305550	1.694450	3.743247	1.532089	0.281000	1.251089	2.831260	-1.285575	-0.120000	-1.165575	2.468211	18798.147049
748591942769.000000 0.008090 1.998294	2.000000	0.305550	1.694450	3.770641	1.532089	0.281000	1.251089	2.851486	-1.285575	-0.120000	-1.165575	2.487055	18798.147049
748591958382.000000 0.007516 2.005808	2.000000	0.305550	1.694450	3.796185	1.532089	0.281000	1.251089	2.870347	-1.285575	-0.120000	-1.165575	2.504626	18798.147049
748591980208.000000 0.010505 2.016310	2.000000	0.305550	1.694450	3.832075	1.532089	0.281000	1.251089	2.896846	-1.285575	-0.120000	-1.165575	2.529314	18798.147049
748591994830.000000 0.007038 2.023345	2.000000	0.305550	1.694450	3.856204	1.532089	0.281000	1.251089	2.914662	-1.285575	-0.120000	-1.165575	2.545912	18798.147049
748592012863.000000 0.008679 2.032023	2.000000	0.305550	1.694450	3.886088	1.532089	0.281000	1.251089	2.936727	-1.285575	-0.120000	-1.165575	2.566469	18798.147049
748592030564.000000 0.008520 2.040540	2.000000	0.305550	1.694450	3.915545	1.532089	0.281000	1.251089	2.958476	-1.285575	-0.120000	-1.165575	2.586732	18798.147049
748592047234.000000 0.008023 2.048561	2.000000	0.305550	1.694450	3.943394	1.532089	0.281000	1.251089	2.979038	-1.285575	-0.120000	-1.165575	2.605889	18798.147049
748592063667.000000 0.007909 2.056469	2.000000	0.305550	1.694450	3.970955	1.532089	0.281000	1.251089	2.999387	-1.285575	-0.120000	-1.165575	2.624847	18798.147049
748592079956.000000 0.007840 2.064307	2.000000	0.305550	1.694450	3.998379	1.532089	0.281000	1.251089	3.019635	-1.285575	-0.120000	-1.165575	2.643711	18798.147049
748592094455.000000 0.006978 2.071283	2.000000	0.305550	1.694450	4.022870	1.532089	0.281000	1.251089	3.037719	-1.285575	-0.120000	-1.165575	2.660558	18798.147049
748592108757.000000 0.006883 2.078165	2.000000	0.305550	1.694450	4.047109	1.532089	0.281000	1.251089	3.055615	-1.285575	-0.120000	-1.165575	2.677232	18798.147049
748592124083.000000 0.007377 2.085541	2.000000	0.350408	1.649592	4.072487	1.532089	0.319000	1.213089	3.074278	-1.285575	-0.145000	-1.140575	2.694779	29219.276549
748592141301.000000 0.008288 2.093827	2.000000	0.350408	1.649592	4.101112	1.532089	0.319000	1.213089	3.095328	-1.285575	-0.145000	-1.140575	2.714571	29219.276549
748592156320.000000 0.007228 2.101052	2.000000	0.350408	1.649592	4.126165	1.532089	0.319000	1.213089	3.113752	-1.285575	-0.145000	-1.140575	2.731893	29219.276549
748592171224.000000 0.007173 2.108224	2.000000	0.350408	1.649592	4.151111	1.532089	0.319000	1.213089	3.132097	-1.285575	-0.145000	-1.140575	2.749142	29219.276549
748592186353.000000 0.007281 2.115504	2.000000	0.350408	1.649592	4.176521	1.532089	0.319000	1.213089	3.150783	-1.285575	-0.145000	-1.140575	2.766711	29219.276549
748592201821.000000 0.007445 2.122947	2.000000	0.350408	1.649592	4.202592	1.532089	0.319000	1.213089	3.169955	-1.285575	-0.145000	-1.140575	2.784737	29219.276549
748592216685.000000 0.007154 2.130100	2.000000	0.350408	1.649592	4.227731	1.532089	0.319000	1.213089	3.188442	-1.285575	-0.145000	-1.140575	2.802119	29219.276549
748592231922.000000 0.007334 2.137432	2.000000	0.350408	1.649592	4.253589	1.532089	0.319000	1.213089	3.207458	-1.285575	-0.145000	-1.140575	2.819998	29219.276549
748592247798.000000 0.007641 2.145071	2.000000	0.350408	1.649592	4.280626	1.532089	0.319000	1.213089	3.227341	-1.285575	-0.145000	-1.140575	2.838692	29219.276549
748592263442.000000 0.007529 2.152598	2.000000	0.350408	1.649592	4.307362	1.532089	0.319000	1.213089	3.247002	-1.285575	-0.145000	-1.140575	2.857178	29219.276549
748592278189.000000 0.007098 2.159695	2.000000	0.350408	1.649592	4.332648	1.532089	0.319000	1.213089	3.265597	-1.285575	-0.145000	-1.140575	2.874661	29219.276549
748592292859.000000 0.007061 2.166754	2.000000	0.350408	1.649592	4.357885	1.532089	0.319000	1.213089	3.284156	-1.285575	-0.145000	-1.140575	2.892111	29219.276549
748592307401.000000 0.006999 2.173751	2.000000	0.350408	1.649592	4.382982	1.532089	0.319000	1.213089	3.302612	-1.285575	-0.145000	-1.140575	2.909464	29219.276549
748592321959.000000 0.007007 2.180757	2.000000	0.350408	1.649592	4.408188	1.532089	0.319000	1.213089	3.321148	-1.285575	-0.145000	-1.140575	2.926892	29219.276549
748592337214.000000 0.007343 2.188098	2.000000	0.398045	1.601955	4.433925	1.532089	0.358000	1.174089	3.340011	-1.285575	-0.174000	-1.111575	2.944750	38362.937400
748592354382.000000 0.008263 2.196358	2.000000	0.398045	1.601955	4.462996	1.532089	0.358000	1.174089	3.361318	-1.285575	-0.174000	-1.111575	2.964923	38362.937400
748592368942.000000 0.007008 2.203364	2.000000	0.398045	1.601955	4.487733	1.532089	0.358000	1.174089	3.379447	-1.285575	-0.174000	-1.111575	2.982087	38362.937400
748592384076.000000 0.007284 2.210647	2.000000	0.398045	1.601955	4.513527	1.532089	0.358000	1.174089	3.398352	-1.285575	-0.174000	-1.111575	2.999985	38362.937400
748592398624.000000 0.007002 2.217647	2.000000	0.398045	1.601955	4.538402	1.532089	0.358000	1.174089	3.416583	-1.285575	-0.174000	-1.111575	3.017245	38362.937400
748592413588.000000 0.007203 2.224849	2.000000	0.398045	1.601955	4.564074	1.532089	0.358000	1.174089	3.435398	-1.285575	-0.174000	-1.111575	3.035059	38362.937400
748592432338.000000 0.009024 2.233871	2.000000	0.398045	1.601955	4.596368	1.532089	0.358000	1.174089	3.459067	-1.285575	-0.174000	-1.111575	3.057467	38362.937400
748592447827.000000 0.007455 2.241324	2.000000	0.398045	1.601955	4.623134	1.532089	0.358000	1.174089	3.478684	-1.285575	-0.174000	-1.111575	3.076040	38362.937400
748592463648.000000 0.007615 2.248938	2.000000	0.398045	1.601955	4.650569	1.532089	0.358000	1.174089	3.498792	-1.285575	-0.174000	-1.111575	3.095077	38362.937400
748592478856.000000 0.007320 2.256255	2.000000	0.398045	1.601955	4.677026	1.532089	0.358000	1.174089	3.518183	-1.285575	-0.174000	-1.111575	3.113435	38362.937400
748592495122.000000 0.007829 2.264082	2.000000	0.398045	1.601955	4.705422	1.532089	0.358000	1.174089	3.538994	-1.285575	-0.174000	-1.111575	3.133139	38362.937400
748592509607.000000 0.006972 2.271052	2.000000	0.398045	1.601955	4.730787	1.532089	0.358000	1.174089	3.557584	-1.285575	-0.174000	-1.111575	3.150739	38362.937400
748592523815.000000 0.006839 2.277888	2.000000	0.398045	1.601955	4.755742	1.532089	0.358000	1.174089	3.575874	-1.285575	-0.174000	-1.111575	3.168055	38362.937400
748592538098.000000 0.006874 2.284762	2.000000	0.448189	1.551811	4.780115	1.532089	0.397000	1.135089	3.593702	-1.285575	-0.208000	-1.077575	3.184979	44997.656227
748592555443.000000 0.008349 2.293109	2.000000	0.448189	1.551811	4.809825	1.532089	0.397000	1.135089	3.615434	-1.285575	-0.208000	-1.077575	3.205610	44997.656227
748592571793.000000 0.007869 2.300976	2.000000	0.448189	1.551811	4.837924	1.532089	0.397000	1.135089	3.635987	-1.285575	-0.208000	-1.077575	3.225122	44997.656227
748592590810.000000 0.009153 2.310127	2.000000	0.448189	1.551811	4.870736	1.532089	0.397000	1.135089	3.659987	-1.285575	-0.208000	-1.077575	3.247906	44997.656227
748592604983.000000 0.006821 2.316946	2.000000	0.448189	1.551811	4.895262	1.532089	0.397000	1.135089	3.677927	-1.285575	-0.208000	-1.077575	3.264937	44997.656227
748592619148.000000 0.006818 2.323761	2.000000	0.448189	1.551811	4.919846	1.532089	0.397000	1.135089	3.695910	-1.285575	-0.208000	-1.077575	3.282009	44997.656227
748592633799.000000 0.007052 2.330811	2.000000	0.448189	1.551811	4.945352	1.532089	0.397000	1.135089	3.714567	-1.285575	-0.208000	-1.077575	3.299720	44997.656227
748592647962.000000 0.006817 2.337627	2.000000	0.448189	1.551811	4.970082	1.532089	0.397000	1.135089	3.732655	-1.285575	-0.208000	-1.077575	3.316892	44997.656227
748592663208.000000 0.007338 2.344964	2.000000	0.448189	1.551811	4.996785	1.532089	0.397000	1.135089	3.752187	-1.285575	-0.208000	-1.077575	3.335435	44997.656227
748592683019.000000 0.009536 2.354498	2.000000	0.448189	1.551811	5.031626	1.532089	0.397000	1.135089	3.777672	-1.285575	-0.208000	-1.077575	3.359628	44997.656227
748592702204.000000 0.009234 2.363729	2.000000	0.448189	1.551811	5.065495	1.532089	0.397000	1.135089	3.802446	-1.285575	-0.208000	-1.077575	3.383147	44997.656227
748592716733.000000 0.006993 2.370719	2.000000	0.448189	1.551811	5.091223	1.532089	0.397000	1.135089	3.821265	-1.285575	-0.208000	-1.077575	3.401012	44997.656227
748592732026.000000 0.007361 2.378078	2.000000	0.448189	1.551811	5.118386	1.532089	0.397000	1.135089	3.841134	-1.285575	-0.208000	-1.077575	3.419875	44997.656227
748592746670.000000 0.007048 2.385124	2.000000	0.500234	1.499766	5.143600	1.532089	0.435000	1.097089	3.859578	-1.285575	-0.247000	-1.038575	3.437335	55017.826772
748592769219.000000 0.010853 2.395976	2.000000	0.500234	1.499766	5.182598	1.532089	0.435000	1.097089	3.888106	-1.285575	-0.247000	-1.038575	3.464341	55017.826772
748592788655.000000 0.009354 2.405328	2.000000	0.500234	1.499766	5.216343	1.532089	0.435000	1.097089	3.912790	-1.285575	-0.247000	-1.038575	3.487709	55017.826772
748592803380.000000 0.007087 2.412412	2.000000	0.500234	1.499766	5.241985	1.532089	0.435000	1.097089	3.931547	-1.285575	-0.247000	-1.038575	3.505465	55017.826772
748592818552.000000 0.007303 2.419713	2.000000	0.500234	1.499766	5.268486	1.532089	0.435000	1.097089	3.950933	-1.285575	-0.247000	-1.038575	3.523817	55017.826772
748592833149.000000 0.007025 2.426737	2.000000	0.500234	1.499766	5.294055	1.532089	0.435000	1.097089	3.969637	-1.285575	-0.247000	-1.038575	3.541524	55017.826772
748592850330.000000 0.008270 2.435007	2.000000	0.500234	1.499766	5.324257	1.532089	0.435000	1.097089	3.991730	-1.285575	-0.247000	-1.038575	3.562439	55017.826772
748592868168.000000 0.008585 2.443588	2.000000	0.500234	1.499766	5.355721	1.532089	0.435000	1.097089	4.014746	-1.285575	-0.247000	-1.038575	3.584227	55017.826772
748592883033.000000 0.007154 2.450741	2.000000	0.500234	1.499766	5.382017	1.532089	0.435000	1.097089	4.033982	-1.285575	-0.247000	-1.038575	3.602437	55017.826772
748592897862.000000 0.007138 2.457877	2.000000	0.500234	1.499766	5.408328	1.532089	0.435000	1.097089	4.053228	-1.285575	-0.247000	-1.038575	3.620657	55017.826772
748592912153.000000 0.006879 2.464754	2.000000	0.500234	1.499766	5.433755	1.532089	0.435000	1.097089	4.071829	-1.285575	-0.247000	-1.038575	3.638265	55017.826772
748592926903.000000 0.007099 2.471851	2.000000	0.500234	1.499766	5.460073	1.532089	0.435000	1.097089	4.091080	-1.285575	-0.247000	-1.038575	3.656490	55017.826772
748592944470.000000 0.008455 2.480305	2.000000	0.500234	1.499766	5.491524	1.532089	0.435000	1.097089	4.114087	-1.285575	-0.247000	-1.038575	3.678270	55017.826772
748592960416.000000 0.007675 2.487978	2.000000	0.554823	1.445177	5.519120	1.532089	0.473000	1.059089	4.134311	-1.285575	-0.290000	-0.995575	3.697280	63349.564010
748592976999.000000 0.007982 2.495958	2.000000	0.554823	1.445177	5.547912	1.532089	0.473000	1.059089	4.155411	-1.285575	-0.290000	-0.995575	3.717115	63349.564010
748592991221.000000 0.006845 2.502800	2.000000	0.554823	1.445177	5.572670	1.532089	0.473000	1.059089	4.173554	-1.285575	-0.290000	-0.995575	3.734171	63349.564010
748593005380.000000 0.006815 2.509613	2.000000	0.554823	1.445177	5.597386	1.532089	0.473000	1.059089	4.191667	-1.285575	-0.290000	-0.995575	3.751197	63349.564010
748593020047.000000 0.007060 2.516672	2.000000	0.554823	1.445177	5.623062	1.532089	0.473000	1.059089	4.210484	-1.285575	-0.290000	-0.995575	3.768885	63349.564010
748593037678.000000 0.008486 2.525156	2.000000	0.554823	1.445177	5.654029	1.532089	0.473000	1.059089	4.233178	-1.285575	-0.290000	-0.995575	3.790218	63349.564010
748593054300.000000 0.008001 2.533154	2.000000	0.554823	1.445177	5.683319	1.532089	0.473000	1.059089	4.254642	-1.285575	-0.290000	-0.995575	3.810396	63349.564010
748593068979.000000 0.007065 2.540217	2.000000	0.554823	1.445177	5.709254	1.532089	0.473000	1.059089	4.273649	-1.285575	-0.290000	-0.995575	3.828263	63349.564010
748593083786.000000 0.007127 2.547341	2.000000	0.554823	1.445177	5.735491	1.532089	0.473000	1.059089	4.292877	-1.285575	-0.290000	-0.995575	3.846337	63349.564010
748593097892.000000 0.006789 2.554129	2.000000	0.554823	1.445177	5.760551	1.532089	0.473000	1.059089	4.311242	-1.285575	-0.290000	-0.995575	3.863601	63349.564010
748593115621.000000 0.008534 2.562662	2.000000	0.554823	1.445177	5.792156	1.532089	0.473000	1.059089	4.334403	-1.285575	-0.290000	-0.995575	3.885374	63349.564010
748593132008.000000 0.007887 2.570546	2.000000	0.554823	1.445177	5.821457	1.532089	0.473000	1.059089	4.355876	-1.285575	-0.290000	-0.995575	3.905558	63349.564010
748593145922.000000 0.006697 2.577241	2.000000	0.554823	1.445177	5.846399	1.532089	0.473000	1.059089	4.374155	-1.285575	-0.290000	-0.995575	3.922741	63349.564010
748593160413.000000 0.006974 2.584214	2.000000	0.611003	1.388997	5.871433	1.532089	0.509000	1.023089	4.392594	-1.285575	-0.338000	-0.947575	3.939820	63349.564010
748593177233.000000 0.008096 2.592309	2.000000	0.611003	1.388997	5.900583	1.532089	0.509000	1.023089	4.414065	-1.285575	-0.338000	-0.947575	3.959706	34355.227513
748593193043.000000 0.007610 2.599915	2.000000	0.611003	1.388997	5.928063	1.532089	0.509000	1.023089	4.434306	-1.285575	-0.338000	-0.947575	3.978453	34355.227513
748593208230.000000 0.007310 2.607223	2.000000	0.611003	1.388997	5.954535	1.532089	0.509000	1.023089	4.453804	-1.285575	-0.338000	-0.947575	3.996512	34355.227513
748593222993.000000 0.007106 2.614328	2.000000	0.611003	1.388997	5.980338	1.532089	0.509000	1.023089	4.472810	-1.285575	-0.338000	-0.947575	4.014115	34355.227513
748593237616.000000 0.007038 2.621364	2.000000	0.611003	1.388997	6.005966	1.532089	0.509000	1.023089	4.491686	-1.285575	-0.338000	-0.947575	4.031598	34355.227513
748593253795.000000 0.007788 2.629150	2.000000	0.611003	1.388997	6.034405	1.532089	0.509000	1.023089	4.512634	-1.285575	-0.338000	-0.947575	4.050999	34355.227513
748593268308.000000 0.006985 2.636132	2.000000	0.611003	1.388997	6.059981	1.532089	0.509000	1.023089	4.531472	-1.285575	-0.338000	-0.947575	4.068447	34355.227513
748593283675.000000 0.007396 2.643527	2.000000	0.611003	1.388997	6.087140	1.532089	0.509000	1.023089	4.551476	-1.285575	-0.338000	-0.947575	4.086975	34355.227513
748593297890.000000 0.006842 2.650366	2.000000	0.611003	1.388997	6.112326	1.532089	0.509000	1.023089	4.570028	-1.285575	-0.338000	-0.947575	4.104157	34355.227513
748593312411.000000 0.006989 2.657355	2.000000	0.611003	1.388997	6.138122	1.532089	0.509000	1.023089	4.589028	-1.285575	-0.338000	-0.947575	4.121755	34355.227513
748593327077.000000 0.007059 2.664412	2.000000	0.611003	1.388997	6.164247	1.532089	0.509000	1.023089	4.608271	-1.285575	-0.338000	-0.947575	4.139577	34355.227513
748593341780.000000 0.007077 2.671486	2.000000	0.611003	1.388997	6.190507	1.532089	0.509000	1.023089	4.627613	-1.285575	-0.338000	-0.947575	4.157492	34355.227513
748593356656.000000 0.007160 2.678644	2.000000	0.611003	1.388997	6.217147	1.532089	0.509000	1.023089	4.647235	-1.285575	-0.338000	-0.947575	4.175666	34355.227513
748593372454.000000 0.007604 2.686247	2.000000	0.669968	1.330032	6.244314	1.532089	0.549000	0.983089	4.667316	-1.285575	-0.384000	-0.901575	4.194081	22630.278633
748593389166.000000 0.008044 2.694289	2.000000	0.669968	1.330032	6.273140	1.532089	0.549000	0.983089	4.688622	-1.285575	-0.384000	-0.901575	4.213621	22630.278633
748593404287.000000 0.007278 2.701564	2.000000	0.669968	1.330032	6.299289	1.532089	0.549000	0.983089	4.707951	-1.285575	-0.384000	-0.901575	4.231347	22630.278633
748593418958.000000 0.007061 2.708624	2.000000	0.669968	1.330032	6.324727	1.532089	0.549000	0.983089	4.726753	-1.285575	-0.384000	-0.901575	4.248590	22630.278633
748593432861.000000 0.006691 2.715313	2.000000	0.669968	1.330032	6.348893	1.532089	0.549000	0.983089	4.744615	-1.285575	-0.384000	-0.901575	4.264971	22630.278633
748593447426.000000 0.007010 2.722322	2.000000	0.669968	1.330032	6.374274	1.532089	0.549000	0.983089	4.763376	-1.285575	-0.384000	-0.901575	4.282176	22630.278633
748593461683.000000 0.006862 2.729182	2.000000	0.669968	1.330032	6.399182	1.532089	0.549000	0.983089	4.781786	-1.285575	-0.384000	-0.901575	4.299060	22630.278633
748593476636.000000 0.007197 2.736378	2.000000	0.669968	1.330032	6.425376	1.532089	0.549000	0.983089	4.801147	-1.285575	-0.384000	-0.901575	4.316816	22630.278633
748593491675.000000 0.007239 2.743615	2.000000	0.669968	1.330032	6.451790	1.532089	0.549000	0.983089	4.820671	-1.285575	-0.384000	-0.901575	4.334721	22630.278633
748593505715.000000 0.006757 2.750370	2.000000	0.669968	1.330032	6.476509	1.532089	0.549000	0.983089	4.838942	-1.285575	-0.384000	-0.901575	4.351477	22630.278633
748593520081.000000 0.006914 2.757283	2.000000	0.669968	1.330032	6.501866	1.532089	0.549000	0.983089	4.857684	-1.285575	-0.384000	-0.901575	4.368665	22630.278633
748593534633.000000 0.007004 2.764286	2.000000	0.669968	1.330032	6.527617	1.532089	0.549000	0.983089	4.876719	-1.285575	-0.384000	-0.901575	4.386121	22630.278633
748593548826.000000 0.006831 2.771115	2.000000	0.669968	1.330032	6.552794	1.532089	0.549000	0.983089	4.895328	-1.285575	-0.384000	-0.901575	4.403188	22630.278633
748593563107.000000 0.006874 2.777987	2.000000	0.669968	1.330032	6.578192	1.532089	0.549000	0.983089	4.914100	-1.285575	-0.384000	-0.901575	4.420403	22630.278633
748593577461.000000 0.006908 2.784895	2.000000	0.729927	1.270073	6.602627	1.532089	0.592000	0.940089	4.932187	-1.285575	-0.427000	-0.858575	4.436922	8708.502675
748593598906.000000 0.010322 2.795215	2.000000	0.729927	1.270073	6.639270	1.532089	0.592000	0.940089	4.959310	-1.285575	-0.427000	-0.858575	4.461693	8708.502675
748593613374.000000 0.006963 2.802175	2.000000	0.729927	1.270073	6.664052	1.532089	0.592000	0.940089	4.977653	-1.285575	-0.427000	-0.858575	4.478446	8708.502675
748593627890.000000 0.006987 2.809160	2.000000	0.729927	1.270073	6.688980	1.532089	0.592000	0.940089	4.996105	-1.285575	-0.427000	-0.858575	4.495297	8708.502675
748593642009.000000 0.006795 2.815954	2.000000	0.729927	1.270073	6.713284	1.532089	0.592000	0.940089	5.014094	-1.285575	-0.427000	-0.858575	4.511726	8708.502675
748593656218.000000 0.006839 2.822791	2.000000	0.729927	1.270073	6.737802	1.532089	0.592000	0.940089	5.032241	-1.285575	-0.427000	-0.858575	4.528300	8708.502675
748593670746.000000 0.006993 2.829783	2.000000	0.729927	1.270073	6.762934	1.532089	0.592000	0.940089	5.050844	-1.285575	-0.427000	-0.858575	4.545290	8708.502675
748593684875.000000 0.006801 2.836581	2.000000	0.729927	1.270073	6.787434	1.532089	0.592000	0.940089	5.068979	-1.285575	-0.427000	-0.858575	4.561852	8708.502675
748593699424.000000 0.007003 2.843582	2.000000	0.729927	1.270073	6.812725	1.532089	0.592000	0.940089	5.087699	-1.285575	-0.427000	-0.858575	4.578949	8708.502675
748593713674.000000 0.006859 2.850439	2.000000	0.729927	1.270073	6.837556	1.532089	0.592000	0.940089	5.106078	-1.285575	-0.427000	-0.858575	4.595735	8708.502675
748593727968.000000 0.006880 2.857317	2.000000	0.729927	1.270073	6.862522	1.532089	0.592000	0.940089	5.124558	-1.285575	-0.427000	-0.858575	4.612612	8708.502675
748593743744.000000 0.007593 2.864908	2.000000	0.729927	1.270073	6.890151	1.532089	0.592000	0.940089	5.145008	-1.285575	-0.427000	-0.858575	4.631290	8708.502675
748593758556.000000 0.007129 2.872036	2.000000	0.729927	1.270073	6.916157	1.532089	0.592000	0.940089	5.164257	-1.285575	-0.427000	-0.858575	4.648869	8708.502675
748593772774.000000 0.006844 2.878877	2.000000	0.729927	1.270073	6.941179	1.532089	0.592000	0.940089	5.182778	-1.285575	-0.427000	-0.858575	4.665785	8708.502675
748593787730.000000 0.007199 2.886074	2.000000	0.790063	1.209937	6.966317	1.532089	0.638000	0.894089	5.201354	-1.285575	-0.466000	-0.819575	4.682812	36395.003193
748593805801.000000 0.008698 2.894771	2.000000	0.790063	1.209937	6.996782	1.532089	0.638000	0.894089	5.223866	-1.285575	-0.466000	-0.819575	4.703448	36395.003193
748593821223.000000 0.007423 2.902191	2.000000	0.790063	1.209937	7.022847	1.532089	0.638000	0.894089	5.243127	-1.285575	-0.466000	-0.819575	4.721104	36395.003193
748593837144.000000 0.007663 2.909852	2.000000	0.790063	1.209937	7.049826	1.532089	0.638000	0.894089	5.263063	-1.285575	-0.466000	-0.819575	4.739379	36395.003193
748593851866.000000 0.007086 2.916936	2.000000	0.790063	1.209937	7.074835	1.532089	0.638000	0.894089	5.281544	-1.285575	-0.466000	-0.819575	4.756319	36395.003193
748593866691.000000 0.007135 2.924069	2.000000	0.790063	1.209937	7.100078	1.532089	0.638000	0.894089	5.300198	-1.285575	-0.466000	-0.819575	4.773418	36395.003193
748593883535.000000 0.008107 2.932176	2.000000	0.790063	1.209937	7.128840	1.532089	0.638000	0.894089	5.321452	-1.285575	-0.466000	-0.819575	4.792901	36395.003193
748593902485.000000 0.009121 2.941295	2.000000	0.790063	1.209937	7.161300	1.532089	0.638000	0.894089	5.345438	-1.285575	-0.466000	-0.819575	4.814888	36395.003193
748593918336.000000 0.007629 2.948921	2.000000	0.790063	1.209937	7.188520	1.532089	0.638000	0.894089	5.365552	-1.285575	-0.466000	-0.819575	4.833326	36395.003193
748593933014.000000 0.007064 2.955983	2.000000	0.790063	1.209937	7.213786	1.532089	0.638000	0.894089	5.384222	-1.285575	-0.466000	-0.819575	4.850440	36395.003193
748593948072.000000 0.007248 2.963231	2.000000	0.790063	1.209937	7.239773	1.532089	0.638000	0.894089	5.403426	-1.285575	-0.466000	-0.819575	4.868043	36395.003193
748593962840.000000 0.007108 2.970335	2.000000	0.790063	1.209937	7.265319	1.532089	0.638000	0.894089	5.422303	-1.285575	-0.466000	-0.819575	4.885347	36395.003193
748593977874.000000 0.007236 2.977570	2.000000	0.790063	1.209937	7.291389	1.532089	0.638000	0.894089	5.441567	-1.285575	-0.466000	-0.819575	4.903006	36395.003193
748593992465.000000 0.007023 2.984590	2.000000	0.849603	1.150397	7.315500	1.532089	0.681000	0.851089	5.459406	-1.285575	-0.508000	-0.777575	4.919304	36395.003193
748594009031.000000 0.007973 2.992563	2.000000	0.849603	1.150397	7.342950	1.532089	0.681000	0.851089	5.479713	-1.285575	-0.508000	-0.777575	4.937857	44591.407372
748594024856.000000 0.007617 3.000178	2.000000	0.849603	1.150397	7.369238	1.532089	0.681000	0.851089	5.499162	-1.285575	-0.508000	-0.777575	4.955626	44591.407372
748594039619.000000 0.007105 3.007280	2.000000	0.849603	1.150397	7.393819	1.532089	0.681000	0.851089	5.517348	-1.285575	-0.508000	-0.777575	4.972241	44591.407372
748594055155.000000 0.007478 3.014757	2.000000	0.849603	1.150397	7.419753	1.532089	0.681000	0.851089	5.536534	-1.285575	-0.508000	-0.777575	4.989770	44591.407372
748594069803.000000 0.007050 3.021805	2.000000	0.849603	1.150397	7.444263	1.532089	0.681000	0.851089	5.554667	-1.285575	-0.508000	-0.777575	5.006336	44591.407372
748594084254.000000 0.006955 3.028759	2.000000	0.849603	1.150397	7.468496	1.532089	0.681000	0.851089	5.572595	-1.285575	-0.508000	-0.777575	5.022716	44591.407372
748594098424.000000 0.006820 3.035577	2.000000	0.849603	1.150397	7.492314	1.532089	0.681000	0.851089	5.590216	-1.285575	-0.508000	-0.777575	5.038815	44591.407372
748594112355.000000 0.006705 3.042280	2.000000	0.849603	1.150397	7.515780	1.532089	0.681000	0.851089	5.607577	-1.285575	-0.508000	-0.777575	5.054676	44591.407372
748594126789.000000 0.006947 3.049226	2.000000	0.849603	1.150397	7.540149	1.532089	0.681000	0.851089	5.625605	-1.285575	-0.508000	-0.777575	5.071148	44591.407372
748594140770.000000 0.006730 3.055955	2.000000	0.849603	1.150397	7.563808	1.532089	0.681000	0.851089	5.643109	-1.285575	-0.508000	-0.777575	5.087140	44591.407372
748594155020.000000 0.006859 3.062811	2.000000	0.849603	1.150397	7.587975	1.532089	0.681000	0.851089	5.660989	-1.285575	-0.508000	-0.777575	5.103475	44591.407372
748594169155.000000 0.006803 3.069613	2.000000	0.849603	1.150397	7.611999	1.532089	0.681000	0.851089	5.678762	-1.285575	-0.508000	-0.777575	5.119713	44591.407372
748594183095.000000 0.006710 3.076321	2.000000	0.849603	1.150397	7.635745	1.532089	0.681000	0.851089	5.696329	-1.285575	-0.508000	-0.777575	5.135763	44591.407372
748594197620.000000 0.006991 3.083309	2.000000	0.849603	1.150397	7.660541	1.532089	0.681000	0.851089	5.714674	-1.285575	-0.508000	-0.777575	5.152523	44591.407372
748594212671.000000 0.007244 3.090553	2.000000	0.909262	1.090738	7.684962	1.532089	0.721000	0.811089	5.732834	-1.285575	-0.554000	-0.731575	5.168902	48167.232284
748594229480.000000 0.008091 3.098641	2.000000	0.909262	1.090738	7.712307	1.532089	0.721000	0.811089	5.753168	-1.285575	-0.554000	-0.731575	5.187243	48167.232284
748594243995.000000 0.006986 3.105625	2.000000	0.909262	1.090738	7.735971	1.532089	0.721000	0.811089	5.770765	-1.285575	-0.554000	-0.731575	5.203115	48167.232284
748594258989.000000 0.007217 3.112840	2.000000	0.909262	1.090738	7.760475	1.532089	0.721000	0.811089	5.788986	-1.285575	-0.554000	-0.731575	5.219550	48167.232284
748594273495.000000 0.006982 3.119820	2.000000	0.909262	1.090738	7.784234	1.532089	0.721000	0.811089	5.806654	-1.285575	-0.554000	-0.731575	5.235486	48167.232284
748594288499.000000 0.007222 3.127040	2.000000	0.909262	1.090738	7.808866	1.532089	0.721000	0.811089	5.824971	-1.285575	-0.554000	-0.731575	5.252007	48167.232284
748594304876.000000 0.007882 3.134920	2.000000	0.909262	1.090738	7.835819	1.532089	0.721000	0.811089	5.845013	-1.285575	-0.554000	-0.731575	5.270085	48167.232284
748594319807.000000 0.007187 3.142105	2.000000	0.909262	1.090738	7.860449	1.532089	0.721000	0.811089	5.863329	-1.285575	-0.554000	-0.731575	5.286604	48167.232284
748594334544.000000 0.007093 3.149196	2.000000	0.909262	1.090738	7.884812	1.532089	0.721000	0.811089	5.881445	-1.285575	-0.554000	-0.731575	5.302945	48167.232284
748594352624.000000 0.008703 3.157898	2.000000	0.909262	1.090738	7.914790	1.532089	0.721000	0.811089	5.903738	-1.285575	-0.554000	-0.731575	5.323052	48167.232284
748594371371.000000 0.009023 3.166918	2.000000	0.909262	1.090738	7.945959	1.532089	0.721000	0.811089	5.926915	-1.285575	-0.554000	-0.731575	5.343958	48167.232284
748594390463.000000 0.009190 3.176106	2.000000	0.909262	1.090738	7.977795	1.532089	0.721000	0.811089	5.950589	-1.285575	-0.554000	-0.731575	5.365311	48167.232284
748594410632.000000 0.009707 3.185810	2.000000	0.909262	1.090738	8.011526	1.532089	0.721000	0.811089	5.975672	-1.285575	-0.554000	-0.731575	5.387935	48167.232284
748594443278.000000 0.015711 3.201519	2.000000	0.967188	1.032812	8.063476	1.532089	0.757000	0.775089	6.014658	-1.285575	-0.602000	-0.683575	5.422318	51794.644657
748594471274.000000 0.013473 3.214990	2.000000	0.967188	1.032812	8.108214	1.532089	0.757000	0.775089	6.048232	-1.285575	-0.602000	-0.683575	5.451928	51794.644657
748594489508.000000 0.008775 3.223764	2.000000	0.967188	1.032812	8.137432	1.532089	0.757000	0.775089	6.070160	-1.285575	-0.602000	-0.683575	5.471266	51794.644657
748594513614.000000 0.011602 3.235365	2.000000	0.967188	1.032812	8.176200	1.532089	0.757000	0.775089	6.099254	-1.285575	-0.602000	-0.683575	5.496925	51794.644657
748594541695.000000 0.013515 3.248877	2.000000	0.967188	1.032812	8.221549	1.532089	0.757000	0.775089	6.133287	-1.285575	-0.602000	-0.683575	5.526940	51794.644657
748594570388.000000 0.013810 3.262685	2.000000	0.967188	1.032812	8.268084	1.532089	0.757000	0.775089	6.168210	-1.285575	-0.602000	-0.683575	5.557739	51794.644657
748594599720.000000 0.014116 3.276797	2.000000	0.967188	1.032812	8.315858	1.532089	0.757000	0.775089	6.204062	-1.285575	-0.602000	-0.683575	5.589359	51794.644657
748594628420.000000 0.013812 3.290609	2.000000	1.025215	0.974785	8.360162	1.532089	0.792000	0.740089	6.237699	-1.285575	-0.651000	-0.634575	5.618201	50651.183586
748594658967.000000 0.014702 3.305309	2.000000	1.025215	0.974785	8.407531	1.532089	0.792000	0.740089	6.273663	-1.285575	-0.651000	-0.634575	5.649037	50651.183586
748594687544.000000 0.013753 3.319060	2.000000	1.025215	0.974785	8.452029	1.532089	0.792000	0.740089	6.307447	-1.285575	-0.651000	-0.634575	5.678005	50651.183586
748594713473.000000 0.012479 3.331534	2.000000	1.025215	0.974785	8.492554	1.532089	0.792000	0.740089	6.338215	-1.285575	-0.651000	-0.634575	5.704386	50651.183586
748594735096.000000 0.010407 3.341939	2.000000	1.025215	0.974785	8.526455	1.532089	0.792000	0.740089	6.363955	-1.285575	-0.651000	-0.634575	5.726456	50651.183586
748594752739.000000 0.008492 3.350429	2.000000	1.025215	0.974785	8.554189	1.532089	0.792000	0.740089	6.385011	-1.285575	-0.651000	-0.634575	5.744510	50651.183586
748594770615.000000 0.008604 3.359030	2.000000	1.025215	0.974785	8.582360	1.532089	0.792000	0.740089	6.406399	-1.285575	-0.651000	-0.634575	5.762849	50651.183586
748594786263.000000 0.007532 3.366560	2.000000	1.025215	0.974785	8.607076	1.532089	0.792000	0.740089	6.425165	-1.285575	-0.651000	-0.634575	5.778939	50651.183586
748594799607.000000 0.006422 3.372980	2.000000	1.025215	0.974785	8.628193	1.532089	0.792000	0.740089	6.441197	-1.285575	-0.651000	-0.634575	5.792686	50651.183586
748594812427.000000 0.006170 3.379149	2.000000	1.025215	0.974785	8.648518	1.532089	0.792000	0.740089	6.456628	-1.285575	-0.651000	-0.634575	5.805917	50651.183586
748594827493.000000 0.007251 3.386399	2.000000	1.025215	0.974785	8.672454	1.532089	0.792000	0.740089	6.474801	-1.285575	-0.651000	-0.634575	5.821499	50651.183586
748594840462.000000 0.006242 3.392639	2.000000	1.083364	0.916636	8.691865	1.532089	0.826000	0.706089	6.489754	-1.285575	-0.701000	-0.584575	5.833878	50651.183586
748594855578.000000 0.007277 3.399917	2.000000	1.083364	0.916636	8.714542	1.532089	0.826000	0.706089	6.507223	-1.285575	-0.701000	-0.584575	5.848341	46701.762992
748594869322.000000 0.006615 3.406527	2.000000	1.083364	0.916636	8.735198	1.532089	0.826000	0.706089	6.523133	-1.285575	-0.701000	-0.584575	5.861514	46701.762992
748594881978.000000 0.006091 3.412616	2.000000	1.083364	0.916636	8.754253	1.532089	0.826000	0.706089	6.537811	-1.285575	-0.701000	-0.584575	5.873666	46701.762992
748594894602.000000 0.006076 3.418692	2.000000	1.083364	0.916636	8.773293	1.532089	0.826000	0.706089	6.552478	-1.285575	-0.701000	-0.584575	5.885808	46701.762992
748594907684.000000 0.006297 3.424987	2.000000	1.083364	0.916636	8.793062	1.532089	0.826000	0.706089	6.567706	-1.285575	-0.701000	-0.584575	5.898416	46701.762992
748594920492.000000 0.006165 3.431150	2.000000	1.083364	0.916636	8.812452	1.532089	0.826000	0.706089	6.582642	-1.285575	-0.701000	-0.584575	5.910781	46701.762992
748594933722.000000 0.006368 3.437516	2.000000	1.083364	0.916636	8.832516	1.532089	0.826000	0.706089	6.598098	-1.285575	-0.701000	-0.584575	5.923577	46701.762992
748594946861.000000 0.006324 3.443838	2.000000	1.083364	0.916636	8.852478	1.532089	0.826000	0.706089	6.613475	-1.285575	-0.701000	-0.584575	5.936308	46701.762992
748594961127.000000 0.006867 3.450703	2.000000	1.083364	0.916636	8.874198	1.532089	0.826000	0.706089	6.630206	-1.285575	-0.701000	-0.584575	5.950159	46701.762992
748594974206.000000 0.006295 3.456996	2.000000	1.083364	0.916636	8.894145	1.532089	0.826000	0.706089	6.645571	-1.285575	-0.701000	-0.584575	5.962881	46701.762992
748594986938.000000 0.006128 3.463123	2.000000	1.083364	0.916636	8.913599	1.532089	0.826000	0.706089	6.660557	-1.285575	-0.701000	-0.584575	5.975287	46701.762992
748595000523.000000 0.006538 3.469660	2.000000	1.083364	0.916636	8.934394	1.532089	0.826000	0.706089	6.676575	-1.285575	-0.701000	-0.584575	5.988549	46701.762992
748595013237.000000 0.006119 3.475777	2.000000	1.083364	0.916636	8.953891	1.532089	0.826000	0.706089	6.691594	-1.285575	-0.701000	-0.584575	6.000983	46701.762992
748595025922.000000 0.006105 3.481881	2.000000	1.083364	0.916636	8.973375	1.532089	0.826000	0.706089	6.706602	-1.285575	-0.701000	-0.584575	6.013409	46701.762992
748595038513.000000 0.006060 3.487940	2.000000	1.083364	0.916636	8.992750	1.532089	0.826000	0.706089	6.721527	-1.285575	-0.701000	-0.584575	6.025765	46701.762992
748595051004.000000 0.006012 3.493951	2.000000	1.141753	0.858247	9.010780	1.532089	0.860000	0.672089	6.735646	-1.285575	-0.751000	-0.534575	6.036995	44559.696286
748595066027.000000 0.007231 3.501180	2.000000	1.141753	0.858247	9.032508	1.532089	0.860000	0.672089	6.752661	-1.285575	-0.751000	-0.534575	6.050529	44559.696286
748595078758.000000 0.006127 3.507305	2.000000	1.141753	0.858247	9.050952	1.532089	0.860000	0.672089	6.767105	-1.285575	-0.751000	-0.534575	6.062017	44559.696286
748595091137.000000 0.005959 3.513263	2.000000	1.141753	0.858247	9.068919	1.532089	0.860000	0.672089	6.781175	-1.285575	-0.751000	-0.534575	6.073208	44559.696286
748595104091.000000 0.006235 3.519496	2.000000	1.141753	0.858247	9.087752	1.532089	0.860000	0.672089	6.795922	-1.285575	-0.751000	-0.534575	6.084938	44559.696286
748595116763.000000 0.006099 3.525594	2.000000	1.141753	0.858247	9.106207	1.532089	0.860000	0.672089	6.810374	-1.285575	-0.751000	-0.534575	6.096433	44559.696286
748595129165.000000 0.005970 3.531562	2.000000	1.141753	0.858247	9.124300	1.532089	0.860000	0.672089	6.824544	-1.285575	-0.751000	-0.534575	6.107703	44559.696286
748595141792.000000 0.006077 3.537637	2.000000	1.141753	0.858247	9.142753	1.532089	0.860000	0.672089	6.838993	-1.285575	-0.751000	-0.534575	6.119197	44559.696286
748595155228.000000 0.006467 3.544102	2.000000	1.141753	0.858247	9.162423	1.532089	0.860000	0.672089	6.854397	-1.285575	-0.751000	-0.534575	6.131449	44559.696286
748595167628.000000 0.005968 3.550069	2.000000	1.141753	0.858247	9.180607	1.532089	0.860000	0.672089	6.868637	-1.285575	-0.751000	-0.534575	6.142775	44559.696286
748595180197.000000 0.006050 3.556117	2.000000	1.141753	0.858247	9.199070	1.532089	0.860000	0.672089	6.883095	-1.285575	-0.751000	-0.534575	6.154275	44559.696286
748595193872.000000 0.006582 3.562698	2.000000	1.141753	0.858247	9.219195	1.532089	0.860000	0.672089	6.898855	-1.285575	-0.751000	-0.534575	6.166810	44559.696286
748595206733.000000 0.006190 3.568886	2.000000	1.141753	0.858247	9.238155	1.532089	0.860000	0.672089	6.913702	-1.285575	-0.751000	-0.534575	6.178620	44559.696286
748595219248.000000 0.006024 3.574908	2.000000	1.141753	0.858247	9.256636	1.532089	0.860000	0.672089	6.928175	-1.285575	-0.751000	-0.534575	6.190131	44559.696286
748595231864.000000 0.006073 3.580979	2.000000	1.141753	0.858247	9.275300	1.532089	0.860000	0.672089	6.942790	-1.285575	-0.751000	-0.534575	6.201756	44559.696286
748595244687.000000 0.006172 3.587150	2.000000	1.141753	0.858247	9.294302	1.532089	0.860000	0.672089	6.957671	-1.285575	-0.751000	-0.534575	6.213592	44559.696286
748595257091.000000 0.005971 3.593118	2.000000	1.201016	0.798984	9.311443	1.532089	0.894000	0.638089	6.971360	-1.285575	-0.802000	-0.483575	6.223966	44559.696286
748595272383.000000 0.007360 3.600477	2.000000	1.201016	0.798984	9.332615	1.532089	0.894000	0.638089	6.988269	-1.285575	-0.802000	-0.483575	6.236781	42795.106458
748595285896.000000 0.006504 3.606979	2.000000	1.201016	0.798984	9.351360	1.532089	0.894000	0.638089	7.003239	-1.285575	-0.802000	-0.483575	6.248126	42795.106458
748595298696.000000 0.006161 3.613138	2.000000	1.201016	0.798984	9.369146	1.532089	0.894000	0.638089	7.017443	-1.285575	-0.802000	-0.483575	6.258891	42795.106458
748595311664.000000 0.006242 3.619378	2.000000	1.201016	0.798984	9.387195	1.532089	0.894000	0.638089	7.031858	-1.285575	-0.802000	-0.483575	6.269815	42795.106458
748595324445.000000 0.006152 3.625528	2.000000	1.201016	0.798984	9.405016	1.532089	0.894000	0.638089	7.046090	-1.285575	-0.802000	-0.483575	6.280601	42795.106458
748595337558.000000 0.006312 3.631838	2.000000	1.201016	0.798984	9.423332	1.532089	0.894000	0.638089	7.060717	-1.285575	-0.802000	-0.483575	6.291686	42795.106458
748595350531.000000 0.006244 3.638081	2.000000	1.201016	0.798984	9.441481	1.532089	0.894000	0.638089	7.075212	-1.285575	-0.802000	-0.483575	6.302671	42795.106458
748595363483.000000 0.006234 3.644313	2.000000	1.201016	0.798984	9.459633	1.532089	0.894000	0.638089	7.089708	-1.285575	-0.802000	-0.483575	6.313657	42795.106458
748595376168.000000 0.006105 3.650417	2.000000	1.201016	0.798984	9.477440	1.532089	0.894000	0.638089	7.103929	-1.285575	-0.802000	-0.483575	6.324434	42795.106458
748595389805.000000 0.006563 3.656979	2.000000	1.201016	0.798984	9.496617	1.532089	0.894000	0.638089	7.119245	-1.285575	-0.802000	-0.483575	6.336041	42795.106458
748595403194.000000 0.006444 3.663422	2.000000	1.201016	0.798984	9.515479	1.532089	0.894000	0.638089	7.134309	-1.285575	-0.802000	-0.483575	6.347457	42795.106458
748595416769.000000 0.006534 3.669954	2.000000	1.201016	0.798984	9.534637	1.532089	0.894000	0.638089	7.149609	-1.285575	-0.802000	-0.483575	6.359052	42795.106458
748595430299.000000 0.006511 3.676464	2.000000	1.201016	0.798984	9.553764	1.532089	0.894000	0.638089	7.164884	-1.285575	-0.802000	-0.483575	6.370629	42795.106458
748595443515.000000 0.006361 3.682824	2.000000	1.201016	0.798984	9.572481	1.532089	0.894000	0.638089	7.179832	-1.285575	-0.802000	-0.483575	6.381957	42795.106458
748595456328.000000 0.006167 3.688989	2.000000	1.201016	0.798984	9.590658	1.532089	0.894000	0.638089	7.194349	-1.285575	-0.802000	-0.483575	6.392958	42795.106458
748595470191.000000 0.006673 3.695662	2.000000	1.259060	0.740940	9.608930	1.532089	0.927000	0.605089	7.209270	-1.285575	-0.852000	-0.433575	6.403650	41066.802268
748595485067.000000 0.007160 3.702818	2.000000	1.259060	0.740940	9.628573	1.532089	0.927000	0.605089	7.225312	-1.285575	-0.852000	-0.433575	6.415145	41066.802268
748595498149.000000 0.006296 3.709113	2.000000	1.259060	0.740940	9.645877	1.532089	0.927000	0.605089	7.239443	-1.285575	-0.852000	-0.433575	6.425270	41066.802268
748595511179.000000 0.006271 3.715383	2.000000	1.259060	0.740940	9.663141	1.532089	0.927000	0.605089	7.253542	-1.285575	-0.852000	-0.433575	6.435373	41066.802268
748595524783.000000 0.006548 3.721931	2.000000	1.259060	0.740940	9.681199	1.532089	0.927000	0.605089	7.268289	-1.285575	-0.852000	-0.433575	6.445940	41066.802268
748595537873.000000 0.006300 3.728228	2.000000	1.259060	0.740940	9.698602	1.532089	0.927000	0.605089	7.282501	-1.285575	-0.852000	-0.433575	6.456124	41066.802268
748595550372.000000 0.006016 3.734242	2.000000	1.259060	0.740940	9.715247	1.532089	0.927000	0.605089	7.296095	-1.285575	-0.852000	-0.433575	6.465864	41066.802268
748595562896.000000 0.006028 3.740269	2.000000	1.259060	0.740940	9.731954	1.532089	0.927000	0.605089	7.309738	-1.285575	-0.852000	-0.433575	6.475640	41066.802268
748595575277.000000 0.005960 3.746227	2.000000	1.259060	0.740940	9.748496	1.532089	0.927000	0.605089	7.323247	-1.285575	-0.852000	-0.433575	6.485320	41066.802268
748595587774.000000 0.006015 3.752240	2.000000	1.259060	0.740940	9.765219	1.532089	0.927000	0.605089	7.336904	-1.285575	-0.852000	-0.433575	6.495106	41066.802268
748595601406.000000 0.006562 3.758801	2.000000	1.259060	0.740940	9.783493	1.532089	0.927000	0.605089	7.351827	-1.285575	-0.852000	-0.433575	6.505799	41066.802268
748595618801.000000 0.008372 3.767171	2.000000	1.259060	0.740940	9.806862	1.532089	0.927000	0.605089	7.370911	-1.285575	-0.852000	-0.433575	6.519474	41066.802268
748595636099.000000 0.008326 3.775494	2.000000	1.259060	0.740940	9.830152	1.532089	0.927000	0.605089	7.389931	-1.285575	-0.852000	-0.433575	6.533103	41066.802268
748595653025.000000 0.008147 3.783640	2.000000	1.259060	0.740940	9.852992	1.532089	0.927000	0.605089	7.408584	-1.285575	-0.852000	-0.433575	6.546468	41066.802268
748595669118.000000 0.007746 3.791383	2.000000	1.318000	0.682000	9.873021	1.532089	0.961000	0.571089	7.425356	-1.285575	-0.902000	-0.383575	6.557733	41066.802268
748595691711.000000 0.010874 3.802256	2.000000	1.318000	0.682000	9.901219	1.532089	0.961000	0.571089	7.448968	-1.285575	-0.902000	-0.383575	6.573592	39311.822394
748595709812.000000 0.008712 3.810965	2.000000	1.318000	0.682000	9.923862	1.532089	0.961000	0.571089	7.467929	-1.285575	-0.902000	-0.383575	6.586327	39311.822394
748595727582.000000 0.008553 3.819516	2.000000	1.318000	0.682000	9.946142	1.532089	0.961000	0.571089	7.486585	-1.285575	-0.902000	-0.383575	6.598858	39311.822394
748595744423.000000 0.008106 3.827619	2.000000	1.318000	0.682000	9.967302	1.532089	0.961000	0.571089	7.504304	-1.285575	-0.902000	-0.383575	6.610759	39311.822394
748595766868.000000 0.010803 3.838421	2.000000	1.318000	0.682000	9.995581	1.532089	0.961000	0.571089	7.527984	-1.285575	-0.902000	-0.383575	6.626664	39311.822394
748595795186.000000 0.013629 3.852046	2.000000	1.318000	0.682000	10.031385	1.532089	0.961000	0.571089	7.557966	-1.285575	-0.902000	-0.383575	6.646801	39311.822394
748595816457.000000 0.010238 3.862282	2.000000	1.318000	0.682000	10.058353	1.532089	0.961000	0.571089	7.580547	-1.285575	-0.902000	-0.383575	6.661968	39311.822394
748595836927.000000 0.009853 3.872132	2.000000	1.318000	0.682000	10.084372	1.532089	0.961000	0.571089	7.602335	-1.285575	-0.902000	-0.383575	6.676602	39311.822394
748595857521.000000 0.009912 3.882042	2.000000	1.318000	0.682000	10.110615	1.532089	0.961000	0.571089	7.624310	-1.285575	-0.902000	-0.383575	6.691362	39311.822394
748595881470.000000 0.011527 3.893567	2.000000	1.377073	0.622927	10.138572	1.532089	0.995000	0.537089	7.648415	-1.285575	-0.952000	-0.333575	6.706333	37552.905431
748595904260.000000 0.010969 3.904533	2.000000	1.377073	0.622927	10.165252	1.532089	0.995000	0.537089	7.671419	-1.285575	-0.952000	-0.333575	6.720620	37552.905431
748595924935.000000 0.009951 3.914481	2.000000	1.377073	0.622927	10.189516	1.532089	0.995000	0.537089	7.692339	-1.285575	-0.952000	-0.333575	6.733613	37552.905431
748595950465.000000 0.012287 3.926765	2.000000	1.377073	0.622927	10.219571	1.532089	0.995000	0.537089	7.718252	-1.285575	-0.952000	-0.333575	6.749707	37552.905431
748595968699.000000 0.008776 3.935539	2.000000	1.377073	0.622927	10.241085	1.532089	0.995000	0.537089	7.736802	-1.285575	-0.952000	-0.333575	6.761228	37552.905431
748595985454.000000 0.008064 3.943601	2.000000	1.377073	0.622927	10.260896	1.532089	0.995000	0.537089	7.753883	-1.285575	-0.952000	-0.333575	6.771837	37552.905431
748596002055.000000 0.007990 3.951590	2.000000	1.377073	0.622927	10.280564	1.532089	0.995000	0.537089	7.770841	-1.285575	-0.952000	-0.333575	6.782369	37552.905431
748596019367.000000 0.008332 3.959920	2.000000	1.377073	0.622927	10.301118	1.532089	0.995000	0.537089	7.788562	-1.285575	-0.952000	-0.333575	6.793376	37552.905431
748596038983.000000 0.009441 3.969360	2.000000	1.377073	0.622927	10.324462	1.532089	0.995000	0.537089	7.808690	-1.285575	-0.952000	-0.333575	6.805876	37552.905431
748596057777.000000 0.009046 3.978403	2.000000	1.377073	0.622927	10.346880	1.532089	0.995000	0.537089	7.828019	-1.285575	-0.952000	-0.333575	6.817881	37552.905431
748596076971.000000 0.009238 3.987640	2.000000	1.377073	0.622927	10.369828	1.532089	0.995000	0.537089	7.847805	-1.285575	-0.952000	-0.333575	6.830170	37552.905431
748596104821.000000 0.013404 4.001041	2.000000	1.436261	0.563739	10.400061	1.532089	1.029000	0.503089	7.874784	-1.285575	-1.002000	-0.283575	6.845377	35790.537165
748596125664.000000 0.010032 4.011070	2.000000	1.436261	0.563739	10.422745	1.532089	1.029000	0.503089	7.895028	-1.285575	-1.002000	-0.283575	6.856788	35790.537165
748596143515.000000 0.008592 4.019659	2.000000	1.436261	0.563739	10.442214	1.532089	1.029000	0.503089	7.912403	-1.285575	-1.002000	-0.283575	6.866582	35790.537165
748596161036.000000 0.008433 4.028090	2.000000	1.436261	0.563739	10.461363	1.532089	1.029000	0.503089	7.929492	-1.285575	-1.002000	-0.283575	6.876214	35790.537165
748596177221.000000 0.007790 4.035878	2.000000	1.436261	0.563739	10.479086	1.532089	1.029000	0.503089	7.945308	-1.285575	-1.002000	-0.283575	6.885129	35790.537165
748596195959.000000 0.009018 4.044895	2.000000	1.436261	0.563739	10.499650	1.532089	1.029000	0.503089	7.963660	-1.285575	-1.002000	-0.283575	6.895474	35790.537165
748596212200.000000 0.007817 4.052710	2.000000	1.436261	0.563739	10.517510	1.532089	1.029000	0.503089	7.979598	-1.285575	-1.002000	-0.283575	6.904457	35790.537165
748596228468.000000 0.007830 4.060538	2.000000	1.436261	0.563739	10.535433	1.532089	1.029000	0.503089	7.995593	-1.285575	-1.002000	-0.283575	6.913473	35790.537165
748596247622.000000 0.009219 4.069755	2.000000	1.436261	0.563739	10.556584	1.532089	1.029000	0.503089	8.014468	-1.285575	-1.002000	-0.283575	6.924113	35790.537165
748596267539.000000 0.009586 4.079338	2.000000	1.436261	0.563739	10.578629	1.532089	1.029000	0.503089	8.034141	-1.285575	-1.002000	-0.283575	6.935202	35790.537165
748596288926.000000 0.010294 4.089630	2.000000	1.436261	0.563739	10.602361	1.532089	1.029000	0.503089	8.055320	-1.285575	-1.002000	-0.283575	6.947139	35790.537165
748596311949.000000 0.011080 4.100709	2.000000	1.494840	0.505160	10.625314	1.532089	1.062000	0.470089	8.076679	-1.285575	-1.052000	-0.233575	6.957753	34046.286245
748596330406.000000 0.008883 4.109590	2.000000	1.494840	0.505160	10.643755	1.532089	1.062000	0.470089	8.093841	-1.285575	-1.052000	-0.233575	6.966280	34046.286245
748596346518.000000 0.007755 4.117342	2.000000	1.494840	0.505160	10.659885	1.532089	1.062000	0.470089	8.108851	-1.285575	-1.052000	-0.233575	6.973738	34046.286245
748596363253.000000 0.008054 4.125394	2.000000	1.494840	0.505160	10.676670	1.532089	1.062000	0.470089	8.124470	-1.285575	-1.052000	-0.233575	6.981498	34046.286245
748596380050.000000 0.008085 4.133478	2.000000	1.494840	0.505160	10.693551	1.532089	1.062000	0.470089	8.140179	-1.285575	-1.052000	-0.233575	6.989304	34046.286245
748596396968.000000 0.008143 4.141620	2.000000	1.494840	0.505160	10.710588	1.532089	1.062000	0.470089	8.156033	-1.285575	-1.052000	-0.233575	6.997181	34046.286245
748596413709.000000 0.008058 4.149674	2.000000	1.494840	0.505160	10.727478	1.532089	1.062000	0.470089	8.171751	-1.285575	-1.052000	-0.233575	7.004991	34046.286245
748596430245.000000 0.007959 4.157631	2.000000	1.494840	0.505160	10.744194	1.532089	1.062000	0.470089	8.187307	-1.285575	-1.052000	-0.233575	7.012720	34046.286245
748596446980.000000 0.008055 4.165683	2.000000	1.494840	0.505160	10.761144	1.532089	1.062000	0.470089	8.203080	-1.285575	-1.052000	-0.233575	7.020558	34046.286245
748596463292.000000 0.007851 4.173533	2.000000	1.494840	0.505160	10.777696	1.532089	1.062000	0.470089	8.218483	-1.285575	-1.052000	-0.233575	7.028211	34046.286245
748596480027.000000 0.008055 4.181585	2.000000	1.494840	0.505160	10.794711	1.532089	1.062000	0.470089	8.234316	-1.285575	-1.052000	-0.233575	7.036078	34046.286245
748596496668.000000 0.008009 4.189594	2.000000	1.494840	0.505160	10.811662	1.532089	1.062000	0.470089	8.250091	-1.285575	-1.052000	-0.233575	7.043916	34046.286245
748596513604.000000 0.008152 4.197744	2.000000	1.554936	0.445064	10.826892	1.532089	1.096000	0.436089	8.265013	-1.285575	-1.103000	-0.182575	7.050164	32256.909048
748596532922.000000 0.009298 4.207039	2.000000	1.554936	0.445064	10.844301	1.532089	1.096000	0.436089	8.282071	-1.285575	-1.103000	-0.182575	7.057305	32256.909048
748596550726.000000 0.008570 4.215608	2.000000	1.554936	0.445064	10.860379	1.532089	1.096000	0.436089	8.297825	-1.285575	-1.103000	-0.182575	7.063901	32256.909048
748596568472.000000 0.008542 4.224145	2.000000	1.554936	0.445064	10.876438	1.532089	1.096000	0.436089	8.313560	-1.285575	-1.103000	-0.182575	7.070488	32256.909048
748596585368.000000 0.008133 4.232275	2.000000	1.554936	0.445064	10.891757	1.532089	1.096000	0.436089	8.328570	-1.285575	-1.103000	-0.182575	7.076773	32256.909048
748596602228.000000 0.008115 4.240388	2.000000	1.554936	0.445064	10.907071	1.532089	1.096000	0.436089	8.343576	-1.285575	-1.103000	-0.182575	7.083055	32256.909048
748596618432.000000 0.007800 4.248186	2.000000	1.554936	0.445064	10.921818	1.532089	1.096000	0.436089	8.358025	-1.285575	-1.103000	-0.182575	7.089105	32256.909048
748596637244.000000 0.009055 4.257239	2.000000	1.554936	0.445064	10.938975	1.532089	1.096000	0.436089	8.374836	-1.285575	-1.103000	-0.182575	7.096143	32256.909048
748596653500.000000 0.007825 4.265060	2.000000	1.554936	0.445064	10.953828	1.532089	1.096000	0.436089	8.389390	-1.285575	-1.103000	-0.182575	7.102236	32256.909048
748596670814.000000 0.008333 4.273390	2.000000	1.554936	0.445064	10.969677	1.532089	1.096000	0.436089	8.404918	-1.285575	-1.103000	-0.182575	7.108737	32256.909048
748596686581.000000 0.007588 4.280977	2.000000	1.554936	0.445064	10.984135	1.532089	1.096000	0.436089	8.419085	-1.285575	-1.103000	-0.182575	7.114668	32256.909048
748596702997.000000 0.007901 4.288876	2.000000	1.554936	0.445064	10.999216	1.532089	1.096000	0.436089	8.433862	-1.285575	-1.103000	-0.182575	7.120855	32256.909048
748596719320.000000 0.007856 4.296732	2.000000	1.614407	0.385593	11.012232	1.532089	1.130000	0.402089	8.447435	-1.285575	-1.153000	-0.132575	7.125330	30486.118378
748596738257.000000 0.009114 4.305844	2.000000	1.614407	0.385593	11.027365	1.532089	1.130000	0.402089	8.463215	-1.285575	-1.153000	-0.132575	7.130533	30486.118378
748596754115.000000 0.007633 4.313475	2.000000	1.614407	0.385593	11.040060	1.532089	1.130000	0.402089	8.476453	-1.285575	-1.153000	-0.132575	7.134898	30486.118378
748596770102.000000 0.007695 4.321168	2.000000	1.614407	0.385593	11.052882	1.532089	1.130000	0.402089	8.489824	-1.285575	-1.153000	-0.132575	7.139306	30486.118378
748596787464.000000 0.008356 4.329522	2.000000	1.614407	0.385593	11.066832	1.532089	1.130000	0.402089	8.504371	-1.285575	-1.153000	-0.132575	7.144103	30486.118378
748596805756.000000 0.008804 4.338325	2.000000	1.614407	0.385593	11.081560	1.532089	1.130000	0.402089	8.519729	-1.285575	-1.153000	-0.132575	7.149167	30486.118378
748596824614.000000 0.009076 4.347398	2.000000	1.614407	0.385593	11.096775	1.532089	1.130000	0.402089	8.535595	-1.285575	-1.153000	-0.132575	7.154398	30486.118378
748596841006.000000 0.007890 4.355286	2.000000	1.614407	0.385593	11.110025	1.532089	1.130000	0.402089	8.549411	-1.285575	-1.153000	-0.132575	7.158953	30486.118378
748596857420.000000 0.007901 4.363185	2.000000	1.614407	0.385593	11.123317	1.532089	1.130000	0.402089	8.563272	-1.285575	-1.153000	-0.132575	7.163523	30486.118378
748596875339.000000 0.008624 4.371806	2.000000	1.614407	0.385593	11.137855	1.532089	1.130000	0.402089	8.578432	-1.285575	-1.153000	-0.132575	7.168522	30486.118378
748596891577.000000 0.007816 4.379621	2.000000	1.614407	0.385593	11.151055	1.532089	1.130000	0.402089	8.592196	-1.285575	-1.153000	-0.132575	7.173060	30486.118378
748596908028.000000 0.007918 4.387537	2.000000	1.614407	0.385593	11.164451	1.532089	1.130000	0.402089	8.606166	-1.285575	-1.153000	-0.132575	7.177666	30486.118378
748596925016.000000 0.008176 4.395712	2.000000	1.673254	0.326746	11.176195	1.532089	1.163000	0.369089	8.619431	-1.285575	-1.203000	-0.082575	7.180634	28733.907674
748596945915.000000 0.010059 4.405768	2.000000	1.673254	0.326746	11.190676	1.532089	1.163000	0.369089	8.635789	-1.285575	-1.203000	-0.082575	7.184294	28733.907674
748596963127.000000 0.008285 4.414051	2.000000	1.673254	0.326746	11.202625	1.532089	1.163000	0.369089	8.649287	-1.285575	-1.203000	-0.082575	7.187314	28733.907674
748596980267.000000 0.008250 4.422297	2.000000	1.673254	0.326746	11.214546	1.532089	1.163000	0.369089	8.662752	-1.285575	-1.203000	-0.082575	7.190326	28733.907674
748596996706.000000 0.007912 4.430207	2.000000	1.673254	0.326746	11.225999	1.532089	1.163000	0.369089	8.675690	-1.285575	-1.203000	-0.082575	7.193221	28733.907674
748597014760.000000 0.008689 4.438895	2.000000	1.673254	0.326746	11.238602	1.532089	1.163000	0.369089	8.689926	-1.285575	-1.203000	-0.082575	7.196406	28733.907674
748597031120.000000 0.007874 4.446768	2.000000	1.673254	0.326746	11.250043	1.532089	1.163000	0.369089	8.702850	-1.285575	-1.203000	-0.082575	7.199297	28733.907674
748597047382.000000 0.007827 4.454592	2.000000	1.673254	0.326746	11.261436	1.532089	1.163000	0.369089	8.715718	-1.285575	-1.203000	-0.082575	7.202176	28733.907674
748597063768.000000 0.007887 4.462477	2.000000	1.673254	0.326746	11.272935	1.532089	1.163000	0.369089	8.728708	-1.285575	-1.203000	-0.082575	7.205082	28733.907674
748597080031.000000 0.007828 4.470303	2.000000	1.673254	0.326746	11.284368	1.532089	1.163000	0.369089	8.741623	-1.285575	-1.203000	-0.082575	7.207972	28733.907674
748597096943.000000 0.008140 4.478440	2.000000	1.673254	0.326746	11.296280	1.532089	1.163000	0.369089	8.755078	-1.285575	-1.203000	-0.082575	7.210982	28733.907674
748597113345.000000 0.007894 4.486332	2.000000	1.673254	0.326746	11.307851	1.532089	1.163000	0.369089	8.768149	-1.285575	-1.203000	-0.082575	7.213906	28733.907674
748597130508.000000 0.008261 4.494592	2.000000	1.732864	0.267136	11.317770	1.532089	1.197000	0.335089	8.780590	-1.285575	-1.253000	-0.032575	7.215116	26958.967034
748597148826.000000 0.008817 4.503407	2.000000	1.732864	0.267136	11.328376	1.532089	1.197000	0.335089	8.793895	-1.285575	-1.253000	-0.032575	7.216409	26958.967034
748597165313.000000 0.007935 4.511340	2.000000	1.732864	0.267136	11.337940	1.532089	1.197000	0.335089	8.805891	-1.285575	-1.253000	-0.032575	7.217575	26958.967034
748597181286.000000 0.007688 4.519026	2.000000	1.732864	0.267136	11.347221	1.532089	1.197000	0.335089	8.817533	-1.285575	-1.253000	-0.032575	7.218707	26958.967034
748597196840.000000 0.007486 4.526510	2.000000	1.732864	0.267136	11.356272	1.532089	1.197000	0.335089	8.828888	-1.285575	-1.253000	-0.032575	7.219811	26958.967034
748597213034.000000 0.007795 4.534303	2.000000	1.732864	0.267136	11.365714	1.532089	1.197000	0.335089	8.840731	-1.285575	-1.253000	-0.032575	7.220962	26958.967034
748597230222.000000 0.008273 4.542574	2.000000	1.732864	0.267136	11.375753	1.532089	1.197000	0.335089	8.853323	-1.285575	-1.253000	-0.032575	7.222186	26958.967034
748597246902.000000 0.008028 4.550600	2.000000	1.732864	0.267136	11.385512	1.532089	1.197000	0.335089	8.865565	-1.285575	-1.253000	-0.032575	7.223376	26958.967034
748597268639.000000 0.010462 4.561060	2.000000	1.732864	0.267136	11.398259	1.532089	1.197000	0.335089	8.881554	-1.285575	-1.253000	-0.032575	7.224931	26958.967034
748597285758.000000 0.008239 4.569297	2.000000	1.732864	0.267136	11.408316	1.532089	1.197000	0.335089	8.894169	-1.285575	-1.253000	-0.032575	7.226157	26958.967034
748597301555.000000 0.007604 4.576899	2.000000	1.732864	0.267136	11.417612	1.532089	1.197000	0.335089	8.905831	-1.285575	-1.253000	-0.032575	7.227291	26958.967034
748597318244.000000 0.008033 4.584929	2.000000	1.732864	0.267136	11.427451	1.532089	1.197000	0.335089	8.918172	-1.285575	-1.253000	-0.032575	7.228491	26958.967034
748597334866.000000 0.008000 4.592928	2.000000	1.792532	0.207468	11.435074	1.532089	1.231000	0.301089	8.929235	-1.285575	-1.303000	0.017425	7.229131	26958.967034
748597353803.000000 0.009114 4.602040	2.000000	1.792532	0.207468	11.443776	1.532089	1.231000	0.301089	8.941864	-1.285575	-1.303000	0.017425	7.229862	65535.347951
748597371014.000000 0.008284 4.610321	2.000000	1.792532	0.207468	11.451699	1.532089	1.231000	0.301089	8.953363	-1.285575	-1.303000	0.017425	7.230527	65531.610038
748597388911.000000 0.008614 4.618934	2.000000	1.792532	0.207468	11.459954	1.532089	1.231000	0.301089	8.965342	-1.285575	-1.303000	0.017425	7.231220	65531.610038
748597405527.000000 0.007998 4.626929	2.000000	1.792532	0.207468	11.467631	1.532089	1.231000	0.301089	8.976484	-1.285575	-1.303000	0.017425	7.231865	65531.610038
748597421743.000000 0.007805 4.634732	2.000000	1.792532	0.207468	11.475136	1.532089	1.231000	0.301089	8.987376	-1.285575	-1.303000	0.017425	7.232496	65531.610038
748597438761.000000 0.008191 4.642920	2.000000	1.792532	0.207468	11.483026	1.532089	1.231000	0.301089	8.998826	-1.285575	-1.303000	0.017425	7.233158	65531.610038
748597456509.000000 0.008545 4.651465	2.000000	1.792532	0.207468	11.491273	1.532089	1.231000	0.301089	9.010794	-1.285575	-1.303000	0.017425	7.233851	65531.610038
748597472979.000000 0.007927 4.659386	2.000000	1.792532	0.207468	11.498935	1.532089	1.231000	0.301089	9.021914	-1.285575	-1.303000	0.017425	7.234494	65531.610038
748597489041.000000 0.007731 4.667115	2.000000	1.792532	0.207468	11.506421	1.532089	1.231000	0.301089	9.032778	-1.285575	-1.303000	0.017425	7.235123	65531.610038
748597505734.000000 0.008035 4.675148	2.000000	1.792532	0.207468	11.514214	1.532089	1.231000	0.301089	9.044088	-1.285575	-1.303000	0.017425	7.235778	65531.610038
748597522154.000000 0.007903 4.683049	2.000000	1.792532	0.207468	11.521893	1.532089	1.231000	0.301089	9.055231	-1.285575	-1.303000	0.017425	7.236423	65531.610038
748597538276.000000 0.007760 4.690807	2.000000	1.792532	0.207468	11.529445	1.532089	1.231000	0.301089	9.066191	-1.285575	-1.303000	0.017425	7.237057	65531.610038
748597556144.000000 0.008601 4.699407	2.000000	1.852299	0.147701	11.535414	1.532089	1.264000	0.268089	9.077027	-1.285575	-1.354000	0.068425	7.239822	63751.994727
748597573861.000000 0.008528 4.707930	2.000000	1.852299	0.147701	11.541344	1.532089	1.264000	0.268089	9.087790	-1.285575	-1.354000	0.068425	7.242570	63751.994727
748597589973.000000 0.007755 4.715682	2.000000	1.852299	0.147701	11.546746	1.532089	1.264000	0.268089	9.097594	-1.285575	-1.354000	0.068425	7.245072	63751.994727
748597606176.000000 0.007799 4.723480	2.000000	1.852299	0.147701	11.552187	1.532089	1.264000	0.268089	9.107469	-1.285575	-1.354000	0.068425	7.247592	63751.994727
748597622424.000000 0.007820 4.731298	2.000000	1.852299	0.147701	11.557652	1.532089	1.264000	0.268089	9.117389	-1.285575	-1.354000	0.068425	7.250124	63751.994727
748597638323.000000 0.007653 4.738949	2.000000	1.852299	0.147701	11.563008	1.532089	1.264000	0.268089	9.127111	-1.285575	-1.354000	0.068425	7.252606	63751.994727
748597655165.000000 0.008106 4.747053	2.000000	1.852299	0.147701	11.568692	1.532089	1.264000	0.268089	9.137427	-1.285575	-1.354000	0.068425	7.255239	63751.994727
748597672067.000000 0.008135 4.755186	2.000000	1.852299	0.147701	11.574405	1.532089	1.264000	0.268089	9.147798	-1.285575	-1.354000	0.068425	7.257886	63751.994727
748597689302.000000 0.008296 4.763480	2.000000	1.852299	0.147701	11.580242	1.532089	1.264000	0.268089	9.158392	-1.285575	-1.354000	0.068425	7.260589	63751.994727
748597705163.000000 0.007634 4.771111	2.000000	1.852299	0.147701	11.585622	1.532089	1.264000	0.268089	9.168157	-1.285575	-1.354000	0.068425	7.263082	63751.994727
748597720802.000000 0.007527 4.778636	2.000000	1.852299	0.147701	11.590935	1.532089	1.264000	0.268089	9.177800	-1.285575	-1.354000	0.068425	7.265543	63751.994727
748597736503.000000 0.007558 4.786192	2.000000	1.852299	0.147701	11.596277	1.532089	1.264000	0.268089	9.187497	-1.285575	-1.354000	0.068425	7.268018	63751.994727
