0.007596 896417949802.000000 0.000002	0.000005	0.000005	0.000000	0.000005 0.000000	0.000004	0.000000	0.000004	0.000000	-0.000003	0.000000	-0.000003	0.000000	2208271.263869
0.022201 896417985851.000000 0.017348	0.017353	0.017356	0.000000	0.017356 0.000005	0.013296	0.000000	0.013296	0.000004	-0.011156	0.000000	-0.011156	0.000003	-19458.343540
0.038727 896418010682.000000 0.011950	0.029302	0.046655	0.000000	0.046655 0.000022	0.035740	0.000000	0.035740	0.000017	-0.029989	0.000000	-0.029989	0.000014	-17603.751541
0.053010 896418046521.000000 0.017247	0.046547	0.093198	0.000000	0.093198 0.000096	0.071393	0.000000	0.071393	0.000074	-0.059906	0.000000	-0.059906	0.000062	-16534.983597
0.066751 896418074512.000000 0.013471	0.060016	0.153208	0.000000	0.153208 0.000220	0.117364	0.000000	0.117364	0.000169	-0.098480	0.000000	-0.098480	0.000142	-13897.643508
0.081456 896418101013.000000 0.012754	0.072768	0.225969	0.000000	0.225969 0.000430	0.173102	0.000000	0.173102	0.000329	-0.145250	0.000000	-0.145250	0.000276	-11516.969134
0.093816 896418131531.000000 0.014687	0.087453	0.313413	0.000000	0.313413 0.000833	0.240088	0.000000	0.240088	0.000638	-0.201458	0.000000	-0.201458	0.000535	-9273.082802
0.107095 896418159511.000000 0.013466	0.100917	0.414320	0.000000	0.414320 0.001396	0.317388	0.000000	0.317388	0.001069	-0.266320	0.000000	-0.266320	0.000897	-5668.429471
0.120154 896418186314.000000 0.012900	0.113815	0.528124	0.000000	0.528124 0.002171	0.404566	0.000000	0.404566	0.001663	-0.339471	0.000000	-0.339471	0.001395	-2092.171616
0.136161 896418220667.000000 0.016533	0.130345	0.658455	0.000000	0.658455 0.003590	0.504406	0.000000	0.504406	0.002750	-0.423247	0.000000	-0.423247	0.002308	621.579561
0.151488 896418250405.000000 0.014313	0.144656	0.803097	0.000000	0.803097 0.005253	0.615208	0.000000	0.615208	0.004024	-0.516221	0.000000	-0.516221	0.003376	5988.780580
0.165161 896418279212.000000 0.013864	0.158516	0.961597	0.000000	0.961597 0.007366	0.736626	0.000000	0.736626	0.005643	-0.618103	0.000000	-0.618103	0.004735	10642.297615
0.178528 896418307909.000000 0.013811	0.172325	1.133905	0.000000	1.133905 0.010065	0.868622	0.000000	0.868622	0.007710	-0.728860	0.000000	-0.728860	0.006469	15660.400202
0.192902 896418339844.000000 0.015369	0.187692	1.321578	0.000000	1.321578 0.013877	1.012388	0.000000	1.012388	0.010630	-0.849494	0.000000	-0.849494	0.008920	20372.759646
0.206409 896418364948.000000 0.012082	0.199772	1.521330	0.000000	1.521330 0.017549	1.165406	0.000000	1.165406	0.013443	-0.977892	0.000000	-0.977892	0.011280	28508.735945
0.219840 896418392951.000000 0.013477	0.213247	1.734556	0.000000	1.734556 0.022534	1.328747	0.000000	1.328747	0.017262	-1.114951	0.000000	-1.114951	0.014484	32879.815611
0.234232 896418423508.000000 0.014706	0.227950	1.962483	0.000000	1.962483 0.029112	1.503349	0.000000	1.503349	0.022301	-1.261460	0.000000	-1.261460	0.018713	38987.262049
0.251504 896418458253.000000 0.016721	0.244670	2.000000	0.003000	1.997000 0.037282	1.532089	0.003000	1.529089	0.028557	-1.285575	0.000000	-1.285575	0.023973	36312.620273
0.264219 896418488440.000000 0.014528	0.259195	2.000000	0.003000	1.997000 0.044802	1.532089	0.003000	1.529089	0.034315	-1.285575	0.000000	-1.285575	0.028813	36384.499645
0.276939 896418514805.000000 0.012690	0.271882	2.000000	0.003000	1.997000 0.051692	1.532089	0.003000	1.529089	0.039590	-1.285575	0.000000	-1.285575	0.033249	36025.525643
0.290946 896418541684.000000 0.012936	0.284816	2.000000	0.003000	1.997000 0.059050	1.532089	0.003000	1.529089	0.045224	-1.285575	0.000000	-1.285575	0.037985	35215.872599
0.303690 896418569616.000000 0.013443	0.298257	2.000000	0.003000	1.997000 0.067056	1.532089	0.003000	1.529089	0.051355	-1.285575	0.000000	-1.285575	0.043140	34368.011508
0.320781 896418602202.000000 0.015683	0.313937	2.000000	0.003000	1.997000 0.076888	1.532089	0.003000	1.529089	0.058883	-1.285575	0.000000	-1.285575	0.049469	33475.576184
0.336090 896418629917.000000 0.013339	0.327273	2.000000	-0.057009	2.057009 0.085868	1.532089	-0.057000	1.589089	0.065820	-1.285575	0.001000	-1.286575	0.055085	32545.229646
0.354350 896418670585.000000 0.019572	0.346842	2.000000	-0.057009	2.057009 0.099831	1.532089	-0.057000	1.589089	0.076607	-1.285575	0.001000	-1.286575	0.063819	40546.635280
0.370670 896418706373.000000 0.017223	0.364063	2.000000	-0.057009	2.057009 0.112730	1.532089	-0.057000	1.589089	0.086571	-1.285575	0.001000	-1.286575	0.071886	39455.178966
0.383809 896418739978.000000 0.016172	0.380233	2.000000	-0.057009	2.057009 0.125379	1.532089	-0.057000	1.589089	0.096343	-1.285575	0.001000	-1.286575	0.079798	38315.245285
0.391407 896418755708.000000 0.007572	0.387803	2.000000	-0.057009	2.057009 0.131419	1.532089	-0.057000	1.589089	0.101009	-1.285575	0.001000	-1.286575	0.083575	37152.617952
0.399179 896418772346.000000 0.008008	0.395808	2.000000	-0.057009	2.057009 0.137939	1.532089	-0.057000	1.589089	0.106046	-1.285575	0.001000	-1.286575	0.087653	35965.991408
0.406838 896418787303.000000 0.007200	0.403005	2.000000	-0.057009	2.057009 0.143907	1.532089	-0.057000	1.589089	0.110657	-1.285575	0.001000	-1.286575	0.091386	34757.787789
0.414825 896418803602.000000 0.007845	0.410849	2.000000	-0.057009	2.057009 0.150537	1.532089	-0.057000	1.589089	0.115779	-1.285575	0.001000	-1.286575	0.095533	33526.068233
0.422736 896418820307.000000 0.008041	0.418887	2.000000	-0.057009	2.057009 0.157466	1.532089	-0.057000	1.589089	0.121131	-1.285575	0.001000	-1.286575	0.099867	32270.249926
0.429607 896418836021.000000 0.007564	0.426448	2.000000	-0.057009	2.057009 0.164101	1.532089	-0.057000	1.589089	0.126257	-1.285575	0.001000	-1.286575	0.104017	30991.765376
0.437424 896418851003.000000 0.007212	0.433658	2.000000	-0.118068	2.118068 0.170725	1.532089	-0.118000	1.650089	0.131417	-1.285575	0.004000	-1.289575	0.108050	29691.664803
0.447411 896418868834.000000 0.008583	0.442237	2.000000	-0.118068	2.118068 0.178764	1.532089	-0.118000	1.650089	0.137680	-1.285575	0.004000	-1.289575	0.112944	39452.388107
0.455010 896418888002.000000 0.009226	0.451462	2.000000	-0.118068	2.118068 0.187586	1.532089	-0.118000	1.650089	0.144553	-1.285575	0.004000	-1.289575	0.118316	37980.031757
0.463035 896418903836.000000 0.007621	0.459080	2.000000	-0.118068	2.118068 0.194996	1.532089	-0.118000	1.650089	0.150326	-1.285575	0.004000	-1.289575	0.122827	36482.831610
0.470733 896418920257.000000 0.007904	0.466983	2.000000	-0.118068	2.118068 0.202814	1.532089	-0.118000	1.650089	0.156417	-1.285575	0.004000	-1.289575	0.127587	34959.857062
0.478308 896418936397.000000 0.007768	0.474748	2.000000	-0.118068	2.118068 0.210625	1.532089	-0.118000	1.650089	0.162502	-1.285575	0.004000	-1.289575	0.132343	33411.560075
0.485924 896418952431.000000 0.007718	0.482465	2.000000	-0.118068	2.118068 0.218512	1.532089	-0.118000	1.650089	0.168646	-1.285575	0.004000	-1.289575	0.137145	31838.096012
0.493941 896418967597.000000 0.007300	0.489761	2.000000	-0.118068	2.118068 0.226084	1.532089	-0.118000	1.650089	0.174545	-1.285575	0.004000	-1.289575	0.141755	30240.836453
0.501422 896418984079.000000 0.007933	0.497692	2.000000	-0.118068	2.118068 0.234447	1.532089	-0.118000	1.650089	0.181060	-1.285575	0.004000	-1.289575	0.146847	28617.709904
0.508934 896419000354.000000 0.007834	0.505524	2.000000	-0.118068	2.118068 0.242835	1.532089	-0.118000	1.650089	0.187595	-1.285575	0.004000	-1.289575	0.151954	26969.041213
0.516499 896419015654.000000 0.007365	0.512886	2.000000	-0.118068	2.118068 0.250835	1.532089	-0.118000	1.650089	0.193828	-1.285575	0.004000	-1.289575	0.156825	25296.363598
0.523287 896419030891.000000 0.007334	0.520218	2.000000	-0.118068	2.118068 0.258916	1.532089	-0.118000	1.650089	0.200123	-1.285575	0.004000	-1.289575	0.161745	23599.774358
0.529822 896419044815.000000 0.006702	0.526918	2.000000	-0.118068	2.118068 0.266396	1.532089	-0.118000	1.650089	0.205950	-1.285575	0.004000	-1.289575	0.166299	21881.335570
0.536572 896419058188.000000 0.006436	0.533352	2.000000	-0.058034	2.058034 0.273461	1.532089	-0.058000	1.590089	0.211409	-1.285575	-0.002000	-1.283575	0.170705	20141.911926
0.543659 896419073123.000000 0.007188	0.540539	2.000000	-0.058034	2.058034 0.281457	1.532089	-0.058000	1.590089	0.217587	-1.285575	-0.002000	-1.283575	0.175692	18764.792643
0.551391 896419087599.000000 0.006967	0.547505	2.000000	-0.058034	2.058034 0.289308	1.532089	-0.058000	1.590089	0.223652	-1.285575	-0.002000	-1.283575	0.180588	16866.419895
0.558503 896419103832.000000 0.007813	0.555317	2.000000	-0.058034	2.058034 0.298237	1.532089	-0.058000	1.590089	0.230551	-1.285575	-0.002000	-1.283575	0.186158	14940.961621
0.566201 896419119124.000000 0.007360	0.562675	2.000000	-0.058034	2.058034 0.306760	1.532089	-0.058000	1.590089	0.237137	-1.285575	-0.002000	-1.283575	0.191473	12989.991163
0.572818 896419134075.000000 0.007196	0.569869	2.000000	-0.058034	2.058034 0.315200	1.532089	-0.058000	1.590089	0.243657	-1.285575	-0.002000	-1.283575	0.196737	11014.075793
0.579266 896419147606.000000 0.006512	0.576379	2.000000	-0.058034	2.058034 0.322925	1.532089	-0.058000	1.590089	0.249626	-1.285575	-0.002000	-1.283575	0.201555	9015.586370
0.585758 896419161027.000000 0.006460	0.582837	2.000000	-0.058034	2.058034 0.330673	1.532089	-0.058000	1.590089	0.255613	-1.285575	-0.002000	-1.283575	0.206388	6994.704754
0.592088 896419174282.000000 0.006380	0.589216	2.000000	-0.058034	2.058034 0.338410	1.532089	-0.058000	1.590089	0.261590	-1.285575	-0.002000	-1.283575	0.211213	4951.707907
0.598753 896419188134.000000 0.006667	0.595882	2.000000	-0.058034	2.058034 0.346586	1.532089	-0.058000	1.590089	0.267907	-1.285575	-0.002000	-1.283575	0.216313	2885.598099
0.605026 896419201155.000000 0.006268	0.602147	2.000000	-0.058034	2.058034 0.354353	1.532089	-0.058000	1.590089	0.273908	-1.285575	-0.002000	-1.283575	0.221157	797.763477
0.611526 896419214425.000000 0.006387	0.608532	2.000000	-0.058034	2.058034 0.362353	1.532089	-0.058000	1.590089	0.280089	-1.285575	-0.002000	-1.283575	0.226146	-1312.209734
0.617896 896419227963.000000 0.006516	0.615047	2.000000	-0.058034	2.058034 0.370601	1.532089	-0.058000	1.590089	0.286462	-1.285575	-0.002000	-1.283575	0.231290	-3444.772014
0.624325 896419241382.000000 0.006459	0.621504	2.000000	-0.058034	2.058034 0.378863	1.532089	-0.058000	1.590089	0.292845	-1.285575	-0.002000	-1.283575	0.236443	-5599.723150
0.631255 896419255521.000000 0.006805	0.628308	2.000000	-0.058034	2.058034 0.387663	1.532089	-0.058000	1.590089	0.299644	-1.285575	-0.002000	-1.283575	0.241932	-7778.264422
0.638063 896419269169.000000 0.006569	0.634874	2.000000	0.010198	1.989802 0.395961	1.532089	0.002000	1.530089	0.306025	-1.285575	-0.010000	-1.275575	0.247252	-2853.054548
0.646505 896419285413.000000 0.007820	0.642694	2.000000	0.010198	1.989802 0.405962	1.532089	0.002000	1.530089	0.313715	-1.285575	-0.010000	-1.275575	0.253662	-5310.999054
0.653895 896419300962.000000 0.007483	0.650173	2.000000	0.010198	1.989802 0.415643	1.532089	0.002000	1.530089	0.321160	-1.285575	-0.010000	-1.275575	0.259869	-7797.547185
0.660791 896419316469.000000 0.007464	0.657636	2.000000	0.010198	1.989802 0.425410	1.532089	0.002000	1.530089	0.328670	-1.285575	-0.010000	-1.275575	0.266130	-10312.636371
0.668097 896419331645.000000 0.007304	0.664938	2.000000	0.010198	1.989802 0.435075	1.532089	0.002000	1.530089	0.336102	-1.285575	-0.010000	-1.275575	0.272325	-12855.651957
0.675086 896419346126.000000 0.006970	0.671906	2.000000	0.010198	1.989802 0.444393	1.532089	0.002000	1.530089	0.343268	-1.285575	-0.010000	-1.275575	0.278299	-15425.314939
0.682533 896419360907.000000 0.007114	0.679020	2.000000	0.010198	1.989802 0.454006	1.532089	0.002000	1.530089	0.350659	-1.285575	-0.010000	-1.275575	0.284461	-18022.184767
0.690534 896419376255.000000 0.007388	0.686404	2.000000	0.010198	1.989802 0.464096	1.532089	0.002000	1.530089	0.358419	-1.285575	-0.010000	-1.275575	0.290930	-20647.297523
0.699012 896419394286.000000 0.008678	0.695081	2.000000	0.010198	1.989802 0.476098	1.532089	0.002000	1.530089	0.367648	-1.285575	-0.010000	-1.275575	0.298624	-23305.594386
0.706950 896419411635.000000 0.008350	0.703429	2.000000	0.010198	1.989802 0.487786	1.532089	0.002000	1.530089	0.376635	-1.285575	-0.010000	-1.275575	0.306116	-25995.818438
0.714468 896419428055.000000 0.007903	0.711330	2.000000	0.010198	1.989802 0.498972	1.532089	0.002000	1.530089	0.385237	-1.285575	-0.010000	-1.275575	0.313287	-26861.756368
0.721783 896419443162.000000 0.007271	0.718599	2.000000	0.010198	1.989802 0.509369	1.532089	0.002000	1.530089	0.393232	-1.285575	-0.010000	-1.275575	0.319952	-26861.756368
0.728477 896419457215.000000 0.006764	0.725362	2.000000	0.010198	1.989802 0.519131	1.532089	0.002000	1.530089	0.400739	-1.285575	-0.010000	-1.275575	0.326210	-26861.756368
0.735059 896419471065.000000 0.006666	0.732026	2.000000	0.010198	1.989802 0.528841	1.532089	0.002000	1.530089	0.408205	-1.285575	-0.010000	-1.275575	0.332435	-26861.756368
0.742730 896419485796.000000 0.007090	0.739114	2.000000	0.065788	1.934212 0.538977	1.532089	0.062000	1.470089	0.415909	-1.285575	-0.022000	-1.263575	0.339057	-25765.431221
0.749621 896419501255.000000 0.007441	0.746553	2.000000	0.065788	1.934212 0.549722	1.532089	0.062000	1.470089	0.424075	-1.285575	-0.022000	-1.263575	0.346076	-25765.431221
0.756510 896419515619.000000 0.006914	0.753465	2.000000	0.065788	1.934212 0.559798	1.532089	0.062000	1.470089	0.431734	-1.285575	-0.022000	-1.263575	0.352658	-25765.431221
0.763388 896419529776.000000 0.006814	0.760276	2.000000	0.065788	1.934212 0.569817	1.532089	0.062000	1.470089	0.439349	-1.285575	-0.022000	-1.263575	0.359204	-25765.431221
0.771564 896419546234.000000 0.007921	0.768197	2.000000	0.065788	1.934212 0.581587	1.532089	0.062000	1.470089	0.448295	-1.285575	-0.022000	-1.263575	0.366893	-25765.431221
0.778128 896419560676.000000 0.006951	0.775145	2.000000	0.065788	1.934212 0.592009	1.532089	0.062000	1.470089	0.456215	-1.285575	-0.022000	-1.263575	0.373701	-25765.431221
0.784631 896419574196.000000 0.006508	0.781651	2.000000	0.065788	1.934212 0.601847	1.532089	0.062000	1.470089	0.463693	-1.285575	-0.022000	-1.263575	0.380128	-25765.431221
0.791494 896419588185.000000 0.006733	0.788383	2.000000	0.065788	1.934212 0.612115	1.532089	0.062000	1.470089	0.471497	-1.285575	-0.022000	-1.263575	0.386836	-25765.431221
0.797970 896419601920.000000 0.006611	0.794992	2.000000	0.065788	1.934212 0.622280	1.532089	0.062000	1.470089	0.479223	-1.285575	-0.022000	-1.263575	0.393476	-25765.431221
0.805238 896419615666.000000 0.006616	0.801607	2.000000	0.065788	1.934212 0.632539	1.532089	0.062000	1.470089	0.487020	-1.285575	-0.022000	-1.263575	0.400178	-25765.431221
0.812734 896419631286.000000 0.007518	0.809123	2.000000	0.065788	1.934212 0.644305	1.532089	0.062000	1.470089	0.495963	-1.285575	-0.022000	-1.263575	0.407865	-25765.431221
0.820441 896419647498.000000 0.007803	0.816924	2.000000	0.065788	1.934212 0.656634	1.532089	0.062000	1.470089	0.505334	-1.285575	-0.022000	-1.263575	0.415919	-25765.431221
0.828276 896419663778.000000 0.007835	0.824757	2.000000	0.065788	1.934212 0.669133	1.532089	0.062000	1.470089	0.514834	-1.285575	-0.022000	-1.263575	0.424085	-25765.431221
0.835825 896419679283.000000 0.007463	0.832219	2.000000	0.125960	1.874040 0.680773	1.532089	0.121000	1.411089	0.523598	-1.285575	-0.035000	-1.250575	0.431852	-25765.431221
0.843079 896419694941.000000 0.007536	0.839753	2.000000	0.125960	1.874040 0.692633	1.532089	0.121000	1.411089	0.532528	-1.285575	-0.035000	-1.250575	0.439766	-26972.801512
0.849612 896419709270.000000 0.006897	0.846648	2.000000	0.125960	1.874040 0.703576	1.532089	0.121000	1.411089	0.540768	-1.285575	-0.035000	-1.250575	0.447069	-26972.801512
0.855931 896419722547.000000 0.006390	0.853036	2.000000	0.125960	1.874040 0.713791	1.532089	0.121000	1.411089	0.548460	-1.285575	-0.035000	-1.250575	0.453886	-26972.801512
0.862707 896419736227.000000 0.006585	0.859619	2.000000	0.125960	1.874040 0.724399	1.532089	0.121000	1.411089	0.556447	-1.285575	-0.035000	-1.250575	0.460964	-26972.801512
0.869150 896419749808.000000 0.006537	0.866154	2.000000	0.125960	1.874040 0.735010	1.532089	0.121000	1.411089	0.564437	-1.285575	-0.035000	-1.250575	0.468045	-26972.801512
0.876058 896419763667.000000 0.006671	0.872823	2.000000	0.125960	1.874040 0.745921	1.532089	0.121000	1.411089	0.572652	-1.285575	-0.035000	-1.250575	0.475326	-26972.801512
0.882488 896419777642.000000 0.006727	0.879548	2.000000	0.125960	1.874040 0.757009	1.532089	0.121000	1.411089	0.581001	-1.285575	-0.035000	-1.250575	0.482725	-26972.801512
0.889220 896419791588.000000 0.006713	0.886259	2.000000	0.125960	1.874040 0.768158	1.532089	0.121000	1.411089	0.589396	-1.285575	-0.035000	-1.250575	0.490165	-26972.801512
0.895849 896419804997.000000 0.006454	0.892711	2.000000	0.125960	1.874040 0.778955	1.532089	0.121000	1.411089	0.597526	-1.285575	-0.035000	-1.250575	0.497370	-26972.801512
0.902513 896419819201.000000 0.006837	0.899546	2.000000	0.125960	1.874040 0.790481	1.532089	0.121000	1.411089	0.606204	-1.285575	-0.035000	-1.250575	0.505061	-26972.801512
0.909294 896419833146.000000 0.006712	0.906256	2.000000	0.125960	1.874040 0.801880	1.532089	0.121000	1.411089	0.614788	-1.285575	-0.035000	-1.250575	0.512669	-26972.801512
0.916172 896419847611.000000 0.006962	0.913217	2.000000	0.125960	1.874040 0.813796	1.532089	0.121000	1.411089	0.623760	-1.285575	-0.035000	-1.250575	0.520620	-26972.801512
0.922833 896419861234.000000 0.006557	0.919772	2.000000	0.125960	1.874040 0.825098	1.532089	0.121000	1.411089	0.632270	-1.285575	-0.035000	-1.250575	0.528162	-26972.801512
0.929566 896419875354.000000 0.006796	0.926566	2.000000	0.125960	1.874040 0.836900	1.532089	0.121000	1.411089	0.641156	-1.285575	-0.035000	-1.250575	0.536038	-26972.801512
0.936107 896419888914.000000 0.006527	0.933092	2.000000	0.185586	1.814414 0.847950	1.532089	0.179000	1.353089	0.649397	-1.285575	-0.049000	-1.236575	0.543569	-26972.801512
0.944093 896419904573.000000 0.007537	0.940626	2.000000	0.185586	1.814414 0.860813	1.532089	0.179000	1.353089	0.658989	-1.285575	-0.049000	-1.236575	0.552335	-30764.539078
0.951138 896419920096.000000 0.007472	0.948097	2.000000	0.185586	1.814414 0.873667	1.532089	0.179000	1.353089	0.668575	-1.285575	-0.049000	-1.236575	0.561095	-30764.539078
0.957731 896419933713.000000 0.006554	0.954648	2.000000	0.185586	1.814414 0.885019	1.532089	0.179000	1.353089	0.677041	-1.285575	-0.049000	-1.236575	0.568833	-30764.539078
0.964488 896419947925.000000 0.006841	0.961487	2.000000	0.185586	1.814414 0.896953	1.532089	0.179000	1.353089	0.685941	-1.285575	-0.049000	-1.236575	0.576966	-30764.539078
0.971309 896419961899.000000 0.006727	0.968212	2.000000	0.185586	1.814414 0.908770	1.532089	0.179000	1.353089	0.694753	-1.285575	-0.049000	-1.236575	0.585019	-30764.539078
0.977961 896419975872.000000 0.006726	0.974935	2.000000	0.185586	1.814414 0.920667	1.532089	0.179000	1.353089	0.703625	-1.285575	-0.049000	-1.236575	0.593127	-30764.539078
0.984663 896419989745.000000 0.006677	0.981610	2.000000	0.185586	1.814414 0.932560	1.532089	0.179000	1.353089	0.712494	-1.285575	-0.049000	-1.236575	0.601233	-30764.539078
0.991418 896420003966.000000 0.006845	0.988455	2.000000	0.185586	1.814414 0.944836	1.532089	0.179000	1.353089	0.721649	-1.285575	-0.049000	-1.236575	0.609599	-30764.539078
0.998110 896420017946.000000 0.006729	0.995181	2.000000	0.185586	1.814414 0.956987	1.532089	0.179000	1.353089	0.730710	-1.285575	-0.049000	-1.236575	0.617880	-30764.539078
1.004731 896420031514.000000 0.006531	1.001710	2.000000	0.185586	1.814414 0.968856	1.532089	0.179000	1.353089	0.739562	-1.285575	-0.049000	-1.236575	0.625970	-30764.539078
1.011524 896420045254.000000 0.006614	1.008321	2.000000	0.185586	1.814414 0.980956	1.532089	0.179000	1.353089	0.748585	-1.285575	-0.049000	-1.236575	0.634216	-30764.539078
1.018350 896420059913.000000 0.007056	1.015375	2.000000	0.185586	1.814414 0.993955	1.532089	0.179000	1.353089	0.758279	-1.285575	-0.049000	-1.236575	0.643075	-30764.539078
1.024776 896420073171.000000 0.006382	1.021754	2.000000	0.185586	1.814414 1.005785	1.532089	0.179000	1.353089	0.767102	-1.285575	-0.049000	-1.236575	0.651138	-30764.539078
1.031268 896420086778.000000 0.006550	1.028301	2.000000	0.185586	1.814414 1.018005	1.532089	0.179000	1.353089	0.776215	-1.285575	-0.049000	-1.236575	0.659466	-30764.539078
1.038209 896420100071.000000 0.006398	1.034699	2.000000	0.246455	1.753545 1.029614	1.532089	0.238000	1.294089	0.784782	-1.285575	-0.064000	-1.221575	0.667553	-39577.937215
1.046369 896420115777.000000 0.007560	1.042256	2.000000	0.246455	1.753545 1.043431	1.532089	0.238000	1.294089	0.794979	-1.285575	-0.064000	-1.221575	0.677179	-39577.937215
1.053815 896420133072.000000 0.008324	1.050578	2.000000	0.246455	1.753545 1.058766	1.532089	0.238000	1.294089	0.806295	-1.285575	-0.064000	-1.221575	0.687861	-39577.937215
1.060672 896420147597.000000 0.006991	1.057566	2.000000	0.246455	1.753545 1.071730	1.532089	0.238000	1.294089	0.815862	-1.285575	-0.064000	-1.221575	0.696892	-39577.937215
1.067416 896420161678.000000 0.006778	1.064343	2.000000	0.246455	1.753545 1.084379	1.532089	0.238000	1.294089	0.825198	-1.285575	-0.064000	-1.221575	0.705704	-39577.937215
1.074033 896420175413.000000 0.006611	1.070952	2.000000	0.246455	1.753545 1.096795	1.532089	0.238000	1.294089	0.834360	-1.285575	-0.064000	-1.221575	0.714353	-39577.937215
1.080856 896420189256.000000 0.006663	1.077613	2.000000	0.246455	1.753545 1.109386	1.532089	0.238000	1.294089	0.843652	-1.285575	-0.064000	-1.221575	0.723125	-39577.937215
1.087354 896420203266.000000 0.006743	1.084354	2.000000	0.246455	1.753545 1.122207	1.532089	0.238000	1.294089	0.853114	-1.285575	-0.064000	-1.221575	0.732056	-39577.937215
1.094016 896420216856.000000 0.006541	1.090894	2.000000	0.246455	1.753545 1.134720	1.532089	0.238000	1.294089	0.862348	-1.285575	-0.064000	-1.221575	0.740773	-39577.937215
1.101021 896420231130.000000 0.006871	1.097764	2.000000	0.246455	1.753545 1.147947	1.532089	0.238000	1.294089	0.872109	-1.285575	-0.064000	-1.221575	0.749987	-39577.937215
1.107680 896420245220.000000 0.006782	1.104543	2.000000	0.246455	1.753545 1.161082	1.532089	0.238000	1.294089	0.881803	-1.285575	-0.064000	-1.221575	0.759138	-39577.937215
1.114254 896420259137.000000 0.006699	1.111240	2.000000	0.246455	1.753545 1.174136	1.532089	0.238000	1.294089	0.891437	-1.285575	-0.064000	-1.221575	0.768232	-39577.937215
1.120762 896420272602.000000 0.006481	1.117718	2.000000	0.246455	1.753545 1.186839	1.532089	0.238000	1.294089	0.900811	-1.285575	-0.064000	-1.221575	0.777081	-39577.937215
1.127484 896420286494.000000 0.006687	1.124403	2.000000	0.246455	1.753545 1.200023	1.532089	0.238000	1.294089	0.910541	-1.285575	-0.064000	-1.221575	0.786266	-39577.937215
1.134388 896420300882.000000 0.006925	1.131327	2.000000	0.246455	1.753545 1.213762	1.532089	0.238000	1.294089	0.920680	-1.285575	-0.064000	-1.221575	0.795836	-39577.937215
1.142428 896420315272.000000 0.006927	1.138252	2.000000	0.306819	1.693181 1.227112	1.532089	0.297000	1.235089	0.930418	-1.285575	-0.077000	-1.208575	0.805365	-18133.828805
1.149436 896420331883.000000 0.007995	1.146244	2.000000	0.306819	1.693181 1.242628	1.532089	0.297000	1.235089	0.941736	-1.285575	-0.077000	-1.208575	0.816441	-18133.828805
1.157285 896420347183.000000 0.007365	1.153608	2.000000	0.306819	1.693181 1.257013	1.532089	0.297000	1.235089	0.952230	-1.285575	-0.077000	-1.208575	0.826709	-18133.828805
1.164193 896420362596.000000 0.007419	1.161024	2.000000	0.306819	1.693181 1.271598	1.532089	0.297000	1.235089	0.962868	-1.285575	-0.077000	-1.208575	0.837119	-18133.828805
1.170967 896420376595.000000 0.006738	1.167759	2.000000	0.306819	1.693181 1.284921	1.532089	0.297000	1.235089	0.972587	-1.285575	-0.077000	-1.208575	0.846629	-18133.828805
1.177686 896420390933.000000 0.006901	1.174659	2.000000	0.306819	1.693181 1.298647	1.532089	0.297000	1.235089	0.982599	-1.285575	-0.077000	-1.208575	0.856426	-18133.828805
1.184668 896420404932.000000 0.006738	1.181395	2.000000	0.306819	1.693181 1.312125	1.532089	0.297000	1.235089	0.992431	-1.285575	-0.077000	-1.208575	0.866047	-18133.828805
1.191641 896420419438.000000 0.006982	1.188376	2.000000	0.306819	1.693181 1.326174	1.532089	0.297000	1.235089	1.002679	-1.285575	-0.077000	-1.208575	0.876075	-18133.828805
1.198405 896420433532.000000 0.006784	1.195157	2.000000	0.306819	1.693181 1.339902	1.532089	0.297000	1.235089	1.012692	-1.285575	-0.077000	-1.208575	0.885874	-18133.828805
1.205580 896420448478.000000 0.007194	1.202350	2.000000	0.306819	1.693181 1.354548	1.532089	0.297000	1.235089	1.023376	-1.285575	-0.077000	-1.208575	0.896328	-18133.828805
1.212459 896420462866.000000 0.006925	1.209273	2.000000	0.306819	1.693181 1.368728	1.532089	0.297000	1.235089	1.033719	-1.285575	-0.077000	-1.208575	0.906449	-18133.828805
1.219664 896420477228.000000 0.006913	1.216184	2.000000	0.306819	1.693181 1.382963	1.532089	0.297000	1.235089	1.044103	-1.285575	-0.077000	-1.208575	0.916610	-18133.828805
1.226766 896420492176.000000 0.007194	1.223376	2.000000	0.306819	1.693181 1.397865	1.532089	0.297000	1.235089	1.054974	-1.285575	-0.077000	-1.208575	0.927247	-18133.828805
1.233651 896420506759.000000 0.007019	1.230393	2.000000	0.306819	1.693181 1.412488	1.532089	0.297000	1.235089	1.065640	-1.285575	-0.077000	-1.208575	0.937685	-18133.828805
1.240711 896420521319.000000 0.007008	1.237399	2.000000	0.367234	1.632766 1.426647	1.532089	0.355000	1.177089	1.075848	-1.285575	-0.094000	-1.191575	0.948018	-10180.216746
1.247936 896420536594.000000 0.007352	1.244750	2.000000	0.367234	1.632766 1.441589	1.532089	0.355000	1.177089	1.086620	-1.285575	-0.094000	-1.191575	0.958923	-10180.216746
1.254851 896420550886.000000 0.006879	1.251627	2.000000	0.367234	1.632766 1.455647	1.532089	0.355000	1.177089	1.096755	-1.285575	-0.094000	-1.191575	0.969182	-10180.216746
1.261619 896420565299.000000 0.006937	1.258562	2.000000	0.367234	1.632766 1.469903	1.532089	0.355000	1.177089	1.107032	-1.285575	-0.094000	-1.191575	0.979586	-10180.216746
1.268580 896420579730.000000 0.006946	1.265506	2.000000	0.367234	1.632766 1.484254	1.532089	0.355000	1.177089	1.117378	-1.285575	-0.094000	-1.191575	0.990059	-10180.216746
1.275332 896420593572.000000 0.006663	1.272167	2.000000	0.367234	1.632766 1.498094	1.532089	0.355000	1.177089	1.127355	-1.285575	-0.094000	-1.191575	1.000159	-10180.216746
1.282054 896420607770.000000 0.006833	1.278998	2.000000	0.367234	1.632766 1.512364	1.532089	0.355000	1.177089	1.137643	-1.285575	-0.094000	-1.191575	1.010573	-10180.216746
1.288657 896420621544.000000 0.006630	1.285627	2.000000	0.367234	1.632766 1.526281	1.532089	0.355000	1.177089	1.147676	-1.285575	-0.094000	-1.191575	1.020730	-10180.216746
1.295246 896420635199.000000 0.006573	1.292197	2.000000	0.367234	1.632766 1.540148	1.532089	0.355000	1.177089	1.157673	-1.285575	-0.094000	-1.191575	1.030850	-10180.216746
1.301884 896420648841.000000 0.006566	1.298761	2.000000	0.367234	1.632766 1.554071	1.532089	0.355000	1.177089	1.167710	-1.285575	-0.094000	-1.191575	1.041011	-10180.216746
1.308397 896420662632.000000 0.006638	1.305398	2.000000	0.367234	1.632766 1.568220	1.532089	0.355000	1.177089	1.177910	-1.285575	-0.094000	-1.191575	1.051337	-10180.216746
1.314786 896420676000.000000 0.006434	1.311831	2.000000	0.367234	1.632766 1.582002	1.532089	0.355000	1.177089	1.187846	-1.285575	-0.094000	-1.191575	1.061395	-10180.216746
1.321732 896420689909.000000 0.006695	1.318524	2.000000	0.367234	1.632766 1.596415	1.532089	0.355000	1.177089	1.198236	-1.285575	-0.094000	-1.191575	1.071913	-10180.216746
1.328315 896420704061.000000 0.006811	1.325333	2.000000	0.367234	1.632766 1.611154	1.532089	0.355000	1.177089	1.208862	-1.285575	-0.094000	-1.191575	1.082670	-10180.216746
1.334906 896420717707.000000 0.006568	1.331900	2.000000	0.367234	1.632766 1.625438	1.532089	0.355000	1.177089	1.219160	-1.285575	-0.094000	-1.191575	1.093094	-10180.216746
1.342325 896420731264.000000 0.006525	1.338424	2.000000	0.427056	1.572944 1.639176	1.532089	0.411000	1.121089	1.228951	-1.285575	-0.116000	-1.169575	1.103309	-1992.220776
1.349233 896420747408.000000 0.007770	1.346191	2.000000	0.427056	1.572944 1.655628	1.532089	0.411000	1.121089	1.240677	-1.285575	-0.116000	-1.169575	1.115542	-1992.220776
1.356040 896420761317.000000 0.006694	1.352884	2.000000	0.427056	1.572944 1.669874	1.532089	0.411000	1.121089	1.250831	-1.285575	-0.116000	-1.169575	1.126134	-1992.220776
1.362554 896420775066.000000 0.006617	1.359500	2.000000	0.427056	1.572944 1.684024	1.532089	0.411000	1.121089	1.260916	-1.285575	-0.116000	-1.169575	1.136656	-1992.220776
1.369263 896420789010.000000 0.006712	1.366210	2.000000	0.427056	1.572944 1.698448	1.532089	0.411000	1.121089	1.271196	-1.285575	-0.116000	-1.169575	1.147381	-1992.220776
1.376036 896420802966.000000 0.006717	1.372926	2.000000	0.427056	1.572944 1.712954	1.532089	0.411000	1.121089	1.281535	-1.285575	-0.116000	-1.169575	1.158167	-1992.220776
1.382699 896420816637.000000 0.006580	1.379504	2.000000	0.427056	1.572944 1.727233	1.532089	0.411000	1.121089	1.291712	-1.285575	-0.116000	-1.169575	1.168784	-1992.220776
1.389439 896420830634.000000 0.006738	1.386240	2.000000	0.427056	1.572944 1.741924	1.532089	0.411000	1.121089	1.302183	-1.285575	-0.116000	-1.169575	1.179708	-1992.220776
1.396110 896420844812.000000 0.006824	1.393061	2.000000	0.427056	1.572944 1.756876	1.532089	0.411000	1.121089	1.312840	-1.285575	-0.116000	-1.169575	1.190826	-1992.220776
1.402575 896420858441.000000 0.006560	1.399620	2.000000	0.427056	1.572944 1.771318	1.532089	0.411000	1.121089	1.323134	-1.285575	-0.116000	-1.169575	1.201564	-1992.220776
1.409396 896420872233.000000 0.006638	1.406256	2.000000	0.427056	1.572944 1.786002	1.532089	0.411000	1.121089	1.333599	-1.285575	-0.116000	-1.169575	1.212482	-1992.220776
1.416232 896420886445.000000 0.006841	1.413096	2.000000	0.427056	1.572944 1.801207	1.532089	0.411000	1.121089	1.344436	-1.285575	-0.116000	-1.169575	1.223789	-1992.220776
1.423370 896420901019.000000 0.007015	1.420109	2.000000	0.427056	1.572944 1.816878	1.532089	0.411000	1.121089	1.355605	-1.285575	-0.116000	-1.169575	1.235440	-1992.220776
1.430011 896420915100.000000 0.006778	1.426884	2.000000	0.427056	1.572944 1.832090	1.532089	0.411000	1.121089	1.366447	-1.285575	-0.116000	-1.169575	1.246751	-1992.220776
1.436940 896420928997.000000 0.006689	1.433571	2.000000	0.487155	1.512845 1.846597	1.532089	0.466000	1.066089	1.376670	-1.285575	-0.142000	-1.143575	1.257717	-1992.220776
1.444694 896420945177.000000 0.007788	1.441357	2.000000	0.487155	1.512845 1.863578	1.532089	0.466000	1.066089	1.388637	-1.285575	-0.142000	-1.143575	1.270554	-31091.588111
1.451686 896420960170.000000 0.007216	1.448571	2.000000	0.487155	1.512845 1.879392	1.532089	0.466000	1.066089	1.399781	-1.285575	-0.142000	-1.143575	1.282508	-31091.588111
1.458306 896420974225.000000 0.006765	1.455334	2.000000	0.487155	1.512845 1.894287	1.532089	0.466000	1.066089	1.410277	-1.285575	-0.142000	-1.143575	1.293767	-31091.588111
1.464755 896420987863.000000 0.006564	1.461896	2.000000	0.487155	1.512845 1.908804	1.532089	0.466000	1.066089	1.420507	-1.285575	-0.142000	-1.143575	1.304740	-31091.588111
1.471275 896421001041.000000 0.006343	1.468238	2.000000	0.487155	1.512845 1.922893	1.532089	0.466000	1.066089	1.430436	-1.285575	-0.142000	-1.143575	1.315391	-31091.588111
1.477815 896421014904.000000 0.006672	1.474908	2.000000	0.487155	1.512845 1.937781	1.532089	0.466000	1.066089	1.440927	-1.285575	-0.142000	-1.143575	1.326645	-31091.588111
1.485032 896421028387.000000 0.006490	1.481397	2.000000	0.487155	1.512845 1.952326	1.532089	0.466000	1.066089	1.451176	-1.285575	-0.142000	-1.143575	1.337639	-31091.588111
1.491711 896421043268.000000 0.007163	1.488557	2.000000	0.487155	1.512845 1.968455	1.532089	0.466000	1.066089	1.462543	-1.285575	-0.142000	-1.143575	1.349832	-31091.588111
1.498176 896421057250.000000 0.006730	1.495286	2.000000	0.487155	1.512845 1.983679	1.532089	0.466000	1.066089	1.473271	-1.285575	-0.142000	-1.143575	1.361340	-31091.588111
1.504616 896421070615.000000 0.006433	1.501716	2.000000	0.487155	1.512845 1.998294	1.532089	0.466000	1.066089	1.483570	-1.285575	-0.142000	-1.143575	1.372387	-31091.588111
1.511237 896421083941.000000 0.006414	1.508128	2.000000	0.487155	1.512845 2.012929	1.532089	0.466000	1.066089	1.493883	-1.285575	-0.142000	-1.143575	1.383450	-31091.588111
1.517870 896421098042.000000 0.006787	1.514914	2.000000	0.487155	1.512845 2.028484	1.532089	0.466000	1.066089	1.504845	-1.285575	-0.142000	-1.143575	1.395208	-31091.588111
1.524693 896421111527.000000 0.006491	1.521403	2.000000	0.487155	1.512845 2.043425	1.532089	0.466000	1.066089	1.515373	-1.285575	-0.142000	-1.143575	1.406502	-31091.588111
1.531618 896421126620.000000 0.007265	1.528666	2.000000	0.487155	1.512845 2.060225	1.532089	0.466000	1.066089	1.527212	-1.285575	-0.142000	-1.143575	1.419201	-31091.588111
1.539121 896421140659.000000 0.006757	1.535421	2.000000	0.547812	1.452188 2.075292	1.532089	0.523000	1.009089	1.537682	-1.285575	-0.163000	-1.122575	1.430848	-5587.808818
1.546137 896421156462.000000 0.007606	1.543026	2.000000	0.547812	1.452188 2.092336	1.532089	0.523000	1.009089	1.549525	-1.285575	-0.163000	-1.122575	1.444024	-5587.808818
1.552734 896421170452.000000 0.006733	1.549757	2.000000	0.547812	1.452188 2.107489	1.532089	0.523000	1.009089	1.560055	-1.285575	-0.163000	-1.122575	1.455738	-5587.808818
1.559366 896421183980.000000 0.006511	1.556266	2.000000	0.547812	1.452188 2.122205	1.532089	0.523000	1.009089	1.570281	-1.285575	-0.163000	-1.122575	1.467113	-5587.808818
1.566004 896421197776.000000 0.006640	1.562905	2.000000	0.547812	1.452188 2.137277	1.532089	0.523000	1.009089	1.580753	-1.285575	-0.163000	-1.122575	1.478764	-5587.808818
1.572494 896421211574.000000 0.006641	1.569544	2.000000	0.547812	1.452188 2.152414	1.532089	0.523000	1.009089	1.591272	-1.285575	-0.163000	-1.122575	1.490466	-5587.808818
1.579104 896421225455.000000 0.006681	1.576224	2.000000	0.547812	1.452188 2.167708	1.532089	0.523000	1.009089	1.601899	-1.285575	-0.163000	-1.122575	1.502288	-5587.808818
1.585607 896421238848.000000 0.006447	1.582668	2.000000	0.547812	1.452188 2.182524	1.532089	0.523000	1.009089	1.612195	-1.285575	-0.163000	-1.122575	1.513741	-5587.808818
1.592326 896421252671.000000 0.006653	1.589321	2.000000	0.547812	1.452188 2.197880	1.532089	0.523000	1.009089	1.622865	-1.285575	-0.163000	-1.122575	1.525612	-5587.808818
1.598831 896421266353.000000 0.006586	1.595903	2.000000	0.547812	1.452188 2.213142	1.532089	0.523000	1.009089	1.633471	-1.285575	-0.163000	-1.122575	1.537410	-5587.808818
1.605162 896421279656.000000 0.006403	1.602305	2.000000	0.547812	1.452188 2.228041	1.532089	0.523000	1.009089	1.643823	-1.285575	-0.163000	-1.122575	1.548927	-5587.808818
1.611730 896421292828.000000 0.006340	1.608643	2.000000	0.547812	1.452188 2.242852	1.532089	0.523000	1.009089	1.654115	-1.285575	-0.163000	-1.122575	1.560376	-5587.808818
1.618298 896421306497.000000 0.006579	1.615220	2.000000	0.547812	1.452188 2.258284	1.532089	0.523000	1.009089	1.664839	-1.285575	-0.163000	-1.122575	1.572306	-5587.808818
1.624761 896421320168.000000 0.006580	1.621799	2.000000	0.547812	1.452188 2.273782	1.532089	0.523000	1.009089	1.675607	-1.285575	-0.163000	-1.122575	1.584286	-5587.808818
1.631205 896421333660.000000 0.006495	1.628292	2.000000	0.547812	1.452188 2.289139	1.532089	0.523000	1.009089	1.686279	-1.285575	-0.163000	-1.122575	1.596157	-5587.808818
1.637914 896421346883.000000 0.006365	1.634654	2.000000	0.607166	1.392834 2.303630	1.532089	0.577000	0.955089	1.696216	-1.285575	-0.189000	-1.096575	1.607566	4998.082116
1.645876 896421363796.000000 0.008140	1.642793	2.000000	0.607166	1.392834 2.322256	1.532089	0.577000	0.955089	1.708988	-1.285575	-0.189000	-1.096575	1.622230	4998.082116
1.652305 896421377582.000000 0.006636	1.649426	2.000000	0.607166	1.392834 2.337501	1.532089	0.577000	0.955089	1.719441	-1.285575	-0.189000	-1.096575	1.634232	4998.082116
1.659639 896421391798.000000 0.006842	1.656267	2.000000	0.607166	1.392834 2.353285	1.532089	0.577000	0.955089	1.730265	-1.285575	-0.189000	-1.096575	1.646659	4998.082116
1.666802 896421406938.000000 0.007287	1.663553	2.000000	0.607166	1.392834 2.370170	1.532089	0.577000	0.955089	1.741843	-1.285575	-0.189000	-1.096575	1.659952	4998.082116
1.673364 896421421130.000000 0.006831	1.670383	2.000000	0.607166	1.392834 2.386062	1.532089	0.577000	0.955089	1.752741	-1.285575	-0.189000	-1.096575	1.672465	4998.082116
1.679911 896421434582.000000 0.006474	1.676854	2.000000	0.607166	1.392834 2.401184	1.532089	0.577000	0.955089	1.763110	-1.285575	-0.189000	-1.096575	1.684370	4998.082116
1.686693 896421448603.000000 0.006749	1.683601	2.000000	0.607166	1.392834 2.417010	1.532089	0.577000	0.955089	1.773962	-1.285575	-0.189000	-1.096575	1.696829	4998.082116
1.693731 896421463169.000000 0.007011	1.690610	2.000000	0.607166	1.392834 2.433519	1.532089	0.577000	0.955089	1.785282	-1.285575	-0.189000	-1.096575	1.709827	4998.082116
1.700765 896421477997.000000 0.007137	1.697745	2.000000	0.607166	1.392834 2.450395	1.532089	0.577000	0.955089	1.796855	-1.285575	-0.189000	-1.096575	1.723114	4998.082116
1.707480 896421491838.000000 0.006662	1.704405	2.000000	0.607166	1.392834 2.466211	1.532089	0.577000	0.955089	1.807700	-1.285575	-0.189000	-1.096575	1.735565	4998.082116
1.714282 896421505919.000000 0.006778	1.711181	2.000000	0.607166	1.392834 2.482365	1.532089	0.577000	0.955089	1.818777	-1.285575	-0.189000	-1.096575	1.748283	4998.082116
1.721434 896421520467.000000 0.007002	1.718182	2.000000	0.607166	1.392834 2.499122	1.532089	0.577000	0.955089	1.830268	-1.285575	-0.189000	-1.096575	1.761476	4998.082116
1.728049 896421534623.000000 0.006814	1.724994	2.000000	0.607166	1.392834 2.515494	1.532089	0.577000	0.955089	1.841494	-1.285575	-0.189000	-1.096575	1.774366	4998.082116
1.734665 896421548498.000000 0.006678	1.731670	2.000000	0.607166	1.392834 2.531602	1.532089	0.577000	0.955089	1.852540	-1.285575	-0.189000	-1.096575	1.787048	4998.082116
1.742250 896421562806.000000 0.006887	1.738555	2.000000	0.666979	1.333021 2.547564	1.532089	0.630000	0.902089	1.863341	-1.285575	-0.219000	-1.066575	1.799819	8569.305961
1.749284 896421578849.000000 0.007721	1.746274	2.000000	0.666979	1.333021 2.565537	1.532089	0.630000	0.902089	1.875504	-1.285575	-0.219000	-1.066575	1.814200	8569.305961
1.756616 896421593490.000000 0.007047	1.753319	2.000000	0.666979	1.333021 2.582006	1.532089	0.630000	0.902089	1.886649	-1.285575	-0.219000	-1.066575	1.827377	8569.305961
1.763782 896421608482.000000 0.007216	1.760533	2.000000	0.666979	1.333021 2.598942	1.532089	0.630000	0.902089	1.898110	-1.285575	-0.219000	-1.066575	1.840928	8569.305961
1.770573 896421623165.000000 0.007067	1.767598	2.000000	0.666979	1.333021 2.615594	1.532089	0.630000	0.902089	1.909379	-1.285575	-0.219000	-1.066575	1.854251	8569.305961
1.778372 896421638669.000000 0.007463	1.775060	2.000000	0.666979	1.333021 2.633253	1.532089	0.630000	0.902089	1.921329	-1.285575	-0.219000	-1.066575	1.868380	8569.305961
1.785000 896421652824.000000 0.006813	1.781869	2.000000	0.666979	1.333021 2.649435	1.532089	0.630000	0.902089	1.932280	-1.285575	-0.219000	-1.066575	1.881328	8569.305961
1.791734 896421666861.000000 0.006756	1.788625	2.000000	0.666979	1.333021 2.665544	1.532089	0.630000	0.902089	1.943181	-1.285575	-0.219000	-1.066575	1.894217	8569.305961
1.798407 896421681001.000000 0.006806	1.795429	2.000000	0.666979	1.333021 2.681833	1.532089	0.630000	0.902089	1.954205	-1.285575	-0.219000	-1.066575	1.907250	8569.305961
1.804939 896421694640.000000 0.006565	1.801992	2.000000	0.666979	1.333021 2.697603	1.532089	0.630000	0.902089	1.964876	-1.285575	-0.219000	-1.066575	1.919868	8569.305961
1.811405 896421707884.000000 0.006375	1.808365	2.000000	0.666979	1.333021 2.712970	1.532089	0.630000	0.902089	1.975276	-1.285575	-0.219000	-1.066575	1.932163	8569.305961
1.817985 896421721398.000000 0.006504	1.814867	2.000000	0.666979	1.333021 2.728705	1.532089	0.630000	0.902089	1.985924	-1.285575	-0.219000	-1.066575	1.944754	8569.305961
1.824476 896421735124.000000 0.006607	1.821473	2.000000	0.666979	1.333021 2.744747	1.532089	0.630000	0.902089	1.996780	-1.285575	-0.219000	-1.066575	1.957589	8569.305961
1.830942 896421748365.000000 0.006373	1.827844	2.000000	0.666979	1.333021 2.760276	1.532089	0.630000	0.902089	2.007289	-1.285575	-0.219000	-1.066575	1.970014	8569.305961
1.837654 896421761896.000000 0.006513	1.834355	2.000000	0.725192	1.274808 2.775506	1.532089	0.680000	0.852089	2.017469	-1.285575	-0.252000	-1.033575	1.982362	18604.829999
1.845537 896421777526.000000 0.007523	1.841876	2.000000	0.725192	1.274808 2.793170	1.532089	0.680000	0.852089	2.029276	-1.285575	-0.252000	-1.033575	1.996684	18604.829999
1.852256 896421792443.000000 0.007180	1.849054	2.000000	0.725192	1.274808 2.810095	1.532089	0.680000	0.852089	2.040588	-1.285575	-0.252000	-1.033575	2.010405	18604.829999
1.858833 896421806284.000000 0.006662	1.855714	2.000000	0.725192	1.274808 2.825855	1.532089	0.680000	0.852089	2.051122	-1.285575	-0.252000	-1.033575	2.023183	18604.829999
1.865493 896421820510.000000 0.006847	1.862559	2.000000	0.725192	1.274808 2.842112	1.532089	0.680000	0.852089	2.061989	-1.285575	-0.252000	-1.033575	2.036364	18604.829999
1.872145 896421834011.000000 0.006498	1.869056	2.000000	0.725192	1.274808 2.857596	1.532089	0.680000	0.852089	2.072338	-1.285575	-0.252000	-1.033575	2.048918	18604.829999
1.878408 896421847545.000000 0.006515	1.875569	2.000000	0.725192	1.274808 2.873173	1.532089	0.680000	0.852089	2.082750	-1.285575	-0.252000	-1.033575	2.061547	18604.829999
1.885003 896421861027.000000 0.006490	1.882057	2.000000	0.725192	1.274808 2.888744	1.532089	0.680000	0.852089	2.093158	-1.285575	-0.252000	-1.033575	2.074172	18604.829999
1.891606 896421874412.000000 0.006442	1.888497	2.000000	0.725192	1.274808 2.904253	1.532089	0.680000	0.852089	2.103524	-1.285575	-0.252000	-1.033575	2.086746	18604.829999
1.898197 896421888128.000000 0.006602	1.895096	2.000000	0.725192	1.274808 2.920203	1.532089	0.680000	0.852089	2.114185	-1.285575	-0.252000	-1.033575	2.099678	18604.829999
1.904964 896421902425.000000 0.006882	1.901976	2.000000	0.725192	1.274808 2.936888	1.532089	0.680000	0.852089	2.125338	-1.285575	-0.252000	-1.033575	2.113206	18604.829999
1.911620 896421916233.000000 0.006646	1.908620	2.000000	0.725192	1.274808 2.953059	1.532089	0.680000	0.852089	2.136146	-1.285575	-0.252000	-1.033575	2.126317	18604.829999
1.918183 896421929897.000000 0.006577	1.915196	2.000000	0.725192	1.274808 2.969117	1.532089	0.680000	0.852089	2.146879	-1.285575	-0.252000	-1.033575	2.139336	18604.829999
1.924941 896421943754.000000 0.006670	1.921864	2.000000	0.725192	1.274808 2.985458	1.532089	0.680000	0.852089	2.157802	-1.285575	-0.252000	-1.033575	2.152585	18604.829999
1.931761 896421957893.000000 0.006805	1.928667	2.000000	0.725192	1.274808 3.002189	1.532089	0.680000	0.852089	2.168985	-1.285575	-0.252000	-1.033575	2.166150	18604.829999
1.938610 896421971764.000000 0.006677	1.935341	2.000000	0.783827	1.216173 3.017904	1.532089	0.729000	0.803089	2.179362	-1.285575	-0.288000	-0.997575	2.179040	22427.873073
1.946785 896421988696.000000 0.008150	1.943490	2.000000	0.783827	1.216173 3.037168	1.532089	0.729000	0.803089	2.192083	-1.285575	-0.288000	-0.997575	2.194842	22427.873073
1.953764 896422003463.000000 0.007108	1.950596	2.000000	0.783827	1.216173 3.054030	1.532089	0.729000	0.803089	2.203218	-1.285575	-0.288000	-0.997575	2.208672	22427.873073
1.960224 896422017347.000000 0.006683	1.957275	2.000000	0.783827	1.216173 3.069937	1.532089	0.729000	0.803089	2.213722	-1.285575	-0.288000	-0.997575	2.221721	22427.873073
1.969664 896422033242.000000 0.007650	1.964924	2.000000	0.783827	1.216173 3.088219	1.532089	0.729000	0.803089	2.225795	-1.285575	-0.288000	-0.997575	2.236717	22427.873073
1.976448 896422051066.000000 0.008579	1.973502	2.000000	0.783827	1.216173 3.108809	1.532089	0.729000	0.803089	2.239391	-1.285575	-0.288000	-0.997575	2.253606	22427.873073
1.982929 896422064152.000000 0.006299	1.979798	2.000000	0.783827	1.216173 3.123975	1.532089	0.729000	0.803089	2.249406	-1.285575	-0.288000	-0.997575	2.266046	22427.873073
1.989684 896422078224.000000 0.006773	1.986569	2.000000	0.783827	1.216173 3.140339	1.532089	0.729000	0.803089	2.260211	-1.285575	-0.288000	-0.997575	2.279468	22427.873073
1.996219 896422092174.000000 0.006714	1.993282	2.000000	0.783827	1.216173 3.156615	1.532089	0.729000	0.803089	2.270959	-1.285575	-0.288000	-0.997575	2.292818	22427.873073
2.002819 896422105731.000000 0.006525	1.999806	2.000000	0.783827	1.216173 3.172485	1.532089	0.729000	0.803089	2.281439	-1.285575	-0.288000	-0.997575	2.305836	22427.873073
2.009689 896422119784.000000 0.006764	2.006568	2.000000	0.783827	1.216173 3.188992	1.532089	0.729000	0.803089	2.292339	-1.285575	-0.288000	-0.997575	2.319376	22427.873073
2.016172 896422133460.000000 0.006583	2.013149	2.000000	0.783827	1.216173 3.205109	1.532089	0.729000	0.803089	2.302981	-1.285575	-0.288000	-0.997575	2.332596	22427.873073
2.022835 896422147343.000000 0.006682	2.019829	2.000000	0.783827	1.216173 3.221523	1.532089	0.729000	0.803089	2.313821	-1.285575	-0.288000	-0.997575	2.346060	22427.873073
2.029918 896422161790.000000 0.006953	2.026781	2.000000	0.783827	1.216173 3.238663	1.532089	0.729000	0.803089	2.325138	-1.285575	-0.288000	-0.997575	2.360119	22427.873073
2.036810 896422175861.000000 0.006773	2.033552	2.000000	0.841552	1.158448 3.254619	1.532089	0.775000	0.757089	2.335566	-1.285575	-0.328000	-0.957575	2.373308	22427.873073
2.043737 896422190409.000000 0.007003	2.040552	2.000000	0.841552	1.158448 3.271172	1.532089	0.775000	0.757089	2.346385	-1.285575	-0.328000	-0.957575	2.386992	26061.300439
2.050291 896422204217.000000 0.006646	2.047195	2.000000	0.841552	1.158448 3.286933	1.532089	0.775000	0.757089	2.356685	-1.285575	-0.328000	-0.957575	2.400020	26061.300439
2.056705 896422217904.000000 0.006588	2.053782	2.000000	0.841552	1.158448 3.302607	1.532089	0.775000	0.757089	2.366929	-1.285575	-0.328000	-0.957575	2.412976	26061.300439
2.063500 896422231702.000000 0.006641	2.060422	2.000000	0.841552	1.158448 3.318460	1.532089	0.775000	0.757089	2.377289	-1.285575	-0.328000	-0.957575	2.426079	26061.300439
2.069764 896422245053.000000 0.006426	2.066846	2.000000	0.841552	1.158448 3.333845	1.532089	0.775000	0.757089	2.387344	-1.285575	-0.328000	-0.957575	2.438797	26061.300439
2.076028 896422258121.000000 0.006291	2.073134	2.000000	0.841552	1.158448 3.348953	1.532089	0.775000	0.757089	2.397217	-1.285575	-0.328000	-0.957575	2.451285	26061.300439
2.082803 896422271899.000000 0.006632	2.079764	2.000000	0.841552	1.158448 3.364931	1.532089	0.775000	0.757089	2.407659	-1.285575	-0.328000	-0.957575	2.464493	26061.300439
2.089284 896422285444.000000 0.006519	2.086282	2.000000	0.841552	1.158448 3.380687	1.532089	0.775000	0.757089	2.417956	-1.285575	-0.328000	-0.957575	2.477517	26061.300439
2.095820 896422299162.000000 0.006602	2.092883	2.000000	0.841552	1.158448 3.396695	1.532089	0.775000	0.757089	2.428418	-1.285575	-0.328000	-0.957575	2.490748	26061.300439
2.102250 896422312264.000000 0.006307	2.099187	2.000000	0.841552	1.158448 3.412031	1.532089	0.775000	0.757089	2.438441	-1.285575	-0.328000	-0.957575	2.503425	26061.300439
2.108644 896422325678.000000 0.006456	2.105642	2.000000	0.841552	1.158448 3.427779	1.532089	0.775000	0.757089	2.448733	-1.285575	-0.328000	-0.957575	2.516443	26061.300439
2.114949 896422338973.000000 0.006399	2.112039	2.000000	0.841552	1.158448 3.443436	1.532089	0.775000	0.757089	2.458965	-1.285575	-0.328000	-0.957575	2.529385	26061.300439
2.121583 896422352242.000000 0.006387	2.118425	2.000000	0.841552	1.158448 3.459110	1.532089	0.775000	0.757089	2.469209	-1.285575	-0.328000	-0.957575	2.542341	26061.300439
2.128649 896422366898.000000 0.007055	2.125478	2.000000	0.841552	1.158448 3.476481	1.532089	0.775000	0.757089	2.480561	-1.285575	-0.328000	-0.957575	2.556700	26061.300439
2.136761 896422382208.000000 0.007369	2.132844	2.000000	0.898288	1.101712 3.493796	1.532089	0.819000	0.713089	2.491769	-1.285575	-0.369000	-0.916575	2.571106	26061.300439
2.145512 896422399719.000000 0.008429	2.141272	2.000000	0.898288	1.101712 3.513681	1.532089	0.819000	0.713089	2.504639	-1.285575	-0.369000	-0.916575	2.587649	24739.515284
2.152869 896422417272.000000 0.008448	2.149717	2.000000	0.898288	1.101712 3.533690	1.532089	0.819000	0.713089	2.517590	-1.285575	-0.369000	-0.916575	2.604295	24739.515284
2.160020 896422431290.000000 0.006747	2.156462	2.000000	0.898288	1.101712 3.549720	1.532089	0.819000	0.713089	2.527966	-1.285575	-0.369000	-0.916575	2.617631	24739.515284
2.166694 896422445876.000000 0.007020	2.163480	2.000000	0.898288	1.101712 3.566452	1.532089	0.819000	0.713089	2.538796	-1.285575	-0.369000	-0.916575	2.631552	24739.515284
2.173245 896422459560.000000 0.006587	2.170065	2.000000	0.898288	1.101712 3.582199	1.532089	0.819000	0.713089	2.548988	-1.285575	-0.369000	-0.916575	2.644653	24739.515284
2.179894 896422473743.000000 0.006827	2.176890	2.000000	0.898288	1.101712 3.598572	1.532089	0.819000	0.713089	2.559585	-1.285575	-0.369000	-0.916575	2.658274	24739.515284
2.187080 896422487663.000000 0.006700	2.183588	2.000000	0.898288	1.101712 3.614690	1.532089	0.819000	0.713089	2.570018	-1.285575	-0.369000	-0.916575	2.671684	24739.515284
2.194131 896422502995.000000 0.007379	2.190965	2.000000	0.898288	1.101712 3.632502	1.532089	0.819000	0.713089	2.581547	-1.285575	-0.369000	-0.916575	2.686502	24739.515284
2.200548 896422516705.000000 0.006599	2.197564	2.000000	0.898288	1.101712 3.648479	1.532089	0.819000	0.713089	2.591888	-1.285575	-0.369000	-0.916575	2.699795	24739.515284
2.207317 896422530684.000000 0.006728	2.204290	2.000000	0.898288	1.101712 3.664818	1.532089	0.819000	0.713089	2.602463	-1.285575	-0.369000	-0.916575	2.713388	24739.515284
2.213992 896422544259.000000 0.006534	2.210822	2.000000	0.898288	1.101712 3.680733	1.532089	0.819000	0.713089	2.612765	-1.285575	-0.369000	-0.916575	2.726628	24739.515284
2.220554 896422558275.000000 0.006746	2.217566	2.000000	0.898288	1.101712 3.697215	1.532089	0.819000	0.713089	2.623433	-1.285575	-0.369000	-0.916575	2.740341	24739.515284
2.227291 896422571871.000000 0.006544	2.224108	2.000000	0.898288	1.101712 3.713250	1.532089	0.819000	0.713089	2.633812	-1.285575	-0.369000	-0.916575	2.753682	24739.515284
2.234446 896422586824.000000 0.007198	2.231305	2.000000	0.898288	1.101712 3.730944	1.532089	0.819000	0.713089	2.645264	-1.285575	-0.369000	-0.916575	2.768402	24739.515284
2.241866 896422600911.000000 0.006781	2.238083	2.000000	0.954969	1.045031 3.746804	1.532089	0.862000	0.670089	2.655433	-1.285575	-0.411000	-0.874575	2.781675	21035.468183
2.249750 896422616930.000000 0.007710	2.245790	2.000000	0.954969	1.045031 3.764899	1.532089	0.862000	0.670089	2.667036	-1.285575	-0.411000	-0.874575	2.796818	21035.468183
2.256400 896422632563.000000 0.007524	2.253312	2.000000	0.954969	1.045031 3.782616	1.532089	0.862000	0.670089	2.678397	-1.285575	-0.411000	-0.874575	2.811646	21035.468183
2.263175 896422646560.000000 0.006737	2.260049	2.000000	0.954969	1.045031 3.798528	1.532089	0.862000	0.670089	2.688600	-1.285575	-0.411000	-0.874575	2.824962	21035.468183
2.269689 896422660298.000000 0.006613	2.266659	2.000000	0.954969	1.045031 3.814191	1.532089	0.862000	0.670089	2.698643	-1.285575	-0.411000	-0.874575	2.838071	21035.468183
2.276303 896422673884.000000 0.006539	2.273196	2.000000	0.954969	1.045031 3.829726	1.532089	0.862000	0.670089	2.708604	-1.285575	-0.411000	-0.874575	2.851072	21035.468183
2.284419 896422689186.000000 0.007365	2.280559	2.000000	0.954969	1.045031 3.847279	1.532089	0.862000	0.670089	2.719860	-1.285575	-0.411000	-0.874575	2.865761	21035.468183
2.292415 896422706038.000000 0.008111	2.288669	2.000000	0.954969	1.045031 3.866679	1.532089	0.862000	0.670089	2.732299	-1.285575	-0.411000	-0.874575	2.881997	21035.468183
2.300617 896422722635.000000 0.007988	2.296655	2.000000	0.954969	1.045031 3.885852	1.532089	0.862000	0.670089	2.744593	-1.285575	-0.411000	-0.874575	2.898043	21035.468183
2.307972 896422738831.000000 0.007795	2.304448	2.000000	0.954969	1.045031 3.904625	1.532089	0.862000	0.670089	2.756630	-1.285575	-0.411000	-0.874575	2.913753	21035.468183
2.315301 896422753909.000000 0.007257	2.311704	2.000000	0.954969	1.045031 3.922157	1.532089	0.862000	0.670089	2.767872	-1.285575	-0.411000	-0.874575	2.928426	21035.468183
2.323843 896422770155.000000 0.007820	2.319522	2.000000	0.954969	1.045031 3.941112	1.532089	0.862000	0.670089	2.780027	-1.285575	-0.411000	-0.874575	2.944289	21035.468183
2.331813 896422787654.000000 0.008422	2.327942	2.000000	0.954969	1.045031 3.961602	1.532089	0.862000	0.670089	2.793165	-1.285575	-0.411000	-0.874575	2.961437	21035.468183
2.340444 896422803255.000000 0.007509	2.335450	2.000000	1.012939	0.987061 3.978913	1.532089	0.906000	0.626089	2.804145	-1.285575	-0.453000	-0.832575	2.976038	18704.257683
2.349237 896422823201.000000 0.009600	2.345047	2.000000	1.012939	0.987061 4.001133	1.532089	0.906000	0.626089	2.818240	-1.285575	-0.453000	-0.832575	2.994781	18704.257683
2.356781 896422839201.000000 0.007701	2.352746	2.000000	1.012939	0.987061 4.019017	1.532089	0.906000	0.626089	2.829584	-1.285575	-0.453000	-0.832575	3.009866	18704.257683
2.364524 896422855967.000000 0.008070	2.360814	2.000000	1.012939	0.987061 4.037823	1.532089	0.906000	0.626089	2.841512	-1.285575	-0.453000	-0.832575	3.025729	18704.257683
2.372346 896422872516.000000 0.007966	2.368777	2.000000	1.012939	0.987061 4.056448	1.532089	0.906000	0.626089	2.853325	-1.285575	-0.453000	-0.832575	3.041438	18704.257683
2.381091 896422889317.000000 0.008087	2.376862	2.000000	1.012939	0.987061 4.075420	1.532089	0.906000	0.626089	2.865360	-1.285575	-0.453000	-0.832575	3.057442	18704.257683
2.388792 896422906268.000000 0.008158	2.385017	2.000000	1.012939	0.987061 4.094626	1.532089	0.906000	0.626089	2.877542	-1.285575	-0.453000	-0.832575	3.073641	18704.257683
2.397026 896422923100.000000 0.008101	2.393121	2.000000	1.012939	0.987061 4.113763	1.532089	0.906000	0.626089	2.889680	-1.285575	-0.453000	-0.832575	3.089783	18704.257683
2.404786 896422939189.000000 0.007744	2.400859	2.000000	1.012939	0.987061 4.132115	1.532089	0.906000	0.626089	2.901321	-1.285575	-0.453000	-0.832575	3.105263	18704.257683
2.412064 896422956109.000000 0.008145	2.409003	2.000000	1.012939	0.987061 4.151483	1.532089	0.906000	0.626089	2.913606	-1.285575	-0.453000	-0.832575	3.121599	18704.257683
2.419435 896422970417.000000 0.006887	2.415885	2.000000	1.012939	0.987061 4.167905	1.532089	0.906000	0.626089	2.924022	-1.285575	-0.453000	-0.832575	3.135452	18704.257683
2.427028 896422986185.000000 0.007589	2.423473	2.000000	1.012939	0.987061 4.186060	1.532089	0.906000	0.626089	2.935538	-1.285575	-0.453000	-0.832575	3.150765	18704.257683
2.434665 896423001639.000000 0.007439	2.430910	2.000000	1.012939	0.987061 4.203909	1.532089	0.906000	0.626089	2.946859	-1.285575	-0.453000	-0.832575	3.165820	18704.257683
2.444343 896423019670.000000 0.008679	2.439587	2.000000	1.070339	0.929661 4.223592	1.532089	0.949000	0.583089	2.959205	-1.285575	-0.495000	-0.790575	3.182559	16995.120786
2.451588 896423037542.000000 0.008602	2.448185	2.000000	1.070339	0.929661 4.243170	1.532089	0.949000	0.583089	2.971484	-1.285575	-0.495000	-0.790575	3.199207	16995.120786
2.459551 896423052981.000000 0.007432	2.455616	2.000000	1.070339	0.929661 4.260135	1.532089	0.949000	0.583089	2.982125	-1.285575	-0.495000	-0.790575	3.213634	16995.120786
2.466966 896423069289.000000 0.007849	2.463463	2.000000	1.070339	0.929661 4.278111	1.532089	0.949000	0.583089	2.993400	-1.285575	-0.495000	-0.790575	3.228921	16995.120786
2.474872 896423085059.000000 0.007591	2.471051	2.000000	1.070339	0.929661 4.295549	1.532089	0.949000	0.583089	3.004337	-1.285575	-0.495000	-0.790575	3.243750	16995.120786
2.482680 896423101492.000000 0.007910	2.478959	2.000000	1.070339	0.929661 4.313778	1.532089	0.949000	0.583089	3.015770	-1.285575	-0.495000	-0.790575	3.259252	16995.120786
2.490105 896423117061.000000 0.007494	2.486450	2.000000	1.070339	0.929661 4.331101	1.532089	0.949000	0.583089	3.026635	-1.285575	-0.495000	-0.790575	3.273983	16995.120786
2.498630 896423133241.000000 0.007788	2.494237	2.000000	1.070339	0.929661 4.349160	1.532089	0.949000	0.583089	3.037962	-1.285575	-0.495000	-0.790575	3.289340	16995.120786
2.507060 896423151861.000000 0.008962	2.503196	2.000000	1.070339	0.929661 4.370016	1.532089	0.949000	0.583089	3.051043	-1.285575	-0.495000	-0.790575	3.307076	16995.120786
2.516194 896423169631.000000 0.008553	2.511747	2.000000	1.070339	0.929661 4.389988	1.532089	0.949000	0.583089	3.063570	-1.285575	-0.495000	-0.790575	3.324061	16995.120786
2.523087 896423186495.000000 0.008117	2.519861	2.000000	1.070339	0.929661 4.409004	1.532089	0.949000	0.583089	3.075496	-1.285575	-0.495000	-0.790575	3.340231	16995.120786
2.529241 896423200281.000000 0.006635	2.526494	2.000000	1.070339	0.929661 4.424588	1.532089	0.949000	0.583089	3.085271	-1.285575	-0.495000	-0.790575	3.353484	16995.120786
2.535185 896423212685.000000 0.005971	2.532463	2.000000	1.070339	0.929661 4.438646	1.532089	0.949000	0.583089	3.094088	-1.285575	-0.495000	-0.790575	3.365439	16995.120786
2.541562 896423225395.000000 0.006118	2.538580	2.000000	1.128022	0.871978 4.452190	1.532089	0.992000	0.540089	3.102477	-1.285575	-0.537000	-0.748575	3.377066	15277.583679
2.547639 896423238658.000000 0.006384	2.544961	2.000000	1.128022	0.871978 4.466357	1.532089	0.992000	0.540089	3.111252	-1.285575	-0.537000	-0.748575	3.389228	15277.583679
2.553451 896423250813.000000 0.005850	2.550809	2.000000	1.128022	0.871978 4.479370	1.532089	0.992000	0.540089	3.119311	-1.285575	-0.537000	-0.748575	3.400399	15277.583679
2.559260 896423262556.000000 0.005653	2.556460	2.000000	1.128022	0.871978 4.491970	1.532089	0.992000	0.540089	3.127116	-1.285575	-0.537000	-0.748575	3.411216	15277.583679
2.565025 896423274950.000000 0.005966	2.562424	2.000000	1.128022	0.871978 4.505300	1.532089	0.992000	0.540089	3.135372	-1.285575	-0.537000	-0.748575	3.422660	15277.583679
2.570723 896423286562.000000 0.005589	2.568011	2.000000	1.128022	0.871978 4.517815	1.532089	0.992000	0.540089	3.143124	-1.285575	-0.537000	-0.748575	3.433404	15277.583679
2.576406 896423298406.000000 0.005701	2.573711	2.000000	1.128022	0.871978 4.530609	1.532089	0.992000	0.540089	3.151048	-1.285575	-0.537000	-0.748575	3.444387	15277.583679
2.582169 896423310467.000000 0.005805	2.579514	2.000000	1.128022	0.871978 4.543666	1.532089	0.992000	0.540089	3.159136	-1.285575	-0.537000	-0.748575	3.455596	15277.583679
2.588956 896423323140.000000 0.006100	2.585612	2.000000	1.128022	0.871978 4.557419	1.532089	0.992000	0.540089	3.167654	-1.285575	-0.537000	-0.748575	3.467403	15277.583679
2.595189 896423337237.000000 0.006785	2.592396	2.000000	1.128022	0.871978 4.572756	1.532089	0.992000	0.540089	3.177154	-1.285575	-0.537000	-0.748575	3.480570	15277.583679
2.600951 896423349361.000000 0.005835	2.598229	2.000000	1.128022	0.871978 4.585977	1.532089	0.992000	0.540089	3.185342	-1.285575	-0.537000	-0.748575	3.491919	15277.583679
2.606674 896423361414.000000 0.005802	2.604030	2.000000	1.128022	0.871978 4.599151	1.532089	0.992000	0.540089	3.193502	-1.285575	-0.537000	-0.748575	3.503229	15277.583679
2.612520 896423373416.000000 0.005777	2.609804	2.000000	1.128022	0.871978 4.612297	1.532089	0.992000	0.540089	3.201644	-1.285575	-0.537000	-0.748575	3.514514	15277.583679
2.618189 896423385115.000000 0.005631	2.615434	2.000000	1.128022	0.871978 4.625140	1.532089	0.992000	0.540089	3.209599	-1.285575	-0.537000	-0.748575	3.525540	15277.583679
2.624215 896423397454.000000 0.005939	2.621372	2.000000	1.128022	0.871978 4.638716	1.532089	0.992000	0.540089	3.218008	-1.285575	-0.537000	-0.748575	3.537194	15277.583679
2.630006 896423409966.000000 0.006022	2.627392	2.000000	1.128022	0.871978 4.652513	1.532089	0.992000	0.540089	3.226553	-1.285575	-0.537000	-0.748575	3.549039	15277.583679
2.636084 896423422141.000000 0.005860	2.633251	2.000000	1.186818	0.813182 4.665061	1.532089	1.036000	0.496089	3.234208	-1.285575	-0.579000	-0.706575	3.559942	15277.583679
2.642330 896423435127.000000 0.006251	2.639500	2.000000	1.186818	0.813182 4.678477	1.532089	1.036000	0.496089	3.242393	-1.285575	-0.579000	-0.706575	3.571599	13526.883180
2.648099 896423447444.000000 0.005929	2.645427	2.000000	1.186818	0.813182 4.691231	1.532089	1.036000	0.496089	3.250174	-1.285575	-0.579000	-0.706575	3.582681	13526.883180
2.653995 896423459217.000000 0.005667	2.651091	2.000000	1.186818	0.813182 4.703447	1.532089	1.036000	0.496089	3.257626	-1.285575	-0.579000	-0.706575	3.593296	13526.883180
2.659900 896423472075.000000 0.006189	2.657279	2.000000	1.186818	0.813182 4.716820	1.532089	1.036000	0.496089	3.265785	-1.285575	-0.579000	-0.706575	3.604915	13526.883180
2.665536 896423483871.000000 0.005678	2.662955	2.000000	1.186818	0.813182 4.729116	1.532089	1.036000	0.496089	3.273286	-1.285575	-0.579000	-0.706575	3.615599	13526.883180
2.671346 896423495603.000000 0.005647	2.668600	2.000000	1.186818	0.813182 4.741369	1.532089	1.036000	0.496089	3.280761	-1.285575	-0.579000	-0.706575	3.626246	13526.883180
2.677265 896423507935.000000 0.005936	2.674534	2.000000	1.186818	0.813182 4.754278	1.532089	1.036000	0.496089	3.288637	-1.285575	-0.579000	-0.706575	3.637463	13526.883180
2.683083 896423520138.000000 0.005873	2.680406	2.000000	1.186818	0.813182 4.767080	1.532089	1.036000	0.496089	3.296447	-1.285575	-0.579000	-0.706575	3.648587	13526.883180
2.689421 896423532635.000000 0.006015	2.686420	2.000000	1.186818	0.813182 4.780221	1.532089	1.036000	0.496089	3.304463	-1.285575	-0.579000	-0.706575	3.660005	13526.883180
2.695615 896423546067.000000 0.006465	2.692884	2.000000	1.186818	0.813182 4.794379	1.532089	1.036000	0.496089	3.313100	-1.285575	-0.579000	-0.706575	3.672307	13526.883180
2.701627 896423558304.000000 0.005890	2.698771	2.000000	1.186818	0.813182 4.807306	1.532089	1.036000	0.496089	3.320986	-1.285575	-0.579000	-0.706575	3.683539	13526.883180
2.707604 896423570642.000000 0.005939	2.704708	2.000000	1.186818	0.813182 4.820368	1.532089	1.036000	0.496089	3.328955	-1.285575	-0.579000	-0.706575	3.694888	13526.883180
2.713373 896423583065.000000 0.005979	2.710686	2.000000	1.186818	0.813182 4.833548	1.532089	1.036000	0.496089	3.336996	-1.285575	-0.579000	-0.706575	3.706341	13526.883180
2.719356 896423595426.000000 0.005950	2.716635	2.000000	1.186818	0.813182 4.846693	1.532089	1.036000	0.496089	3.345015	-1.285575	-0.579000	-0.706575	3.717762	13526.883180
2.725610 896423608236.000000 0.006166	2.722799	2.000000	1.186818	0.813182 4.860345	1.532089	1.036000	0.496089	3.353344	-1.285575	-0.579000	-0.706575	3.729625	13526.883180
2.731652 896423620560.000000 0.005932	2.728729	2.000000	1.186818	0.813182 4.873509	1.532089	1.036000	0.496089	3.361374	-1.285575	-0.579000	-0.706575	3.741062	13526.883180
2.740057 896423636545.000000 0.007694	2.736421	2.000000	1.245442	0.754558 4.889395	1.532089	1.079000	0.453089	3.370913	-1.285575	-0.622000	-0.663575	3.755033	11781.322591
2.747521 896423652795.000000 0.007821	2.744241	2.000000	1.245442	0.754558 4.905590	1.532089	1.079000	0.453089	3.380638	-1.285575	-0.622000	-0.663575	3.769276	11781.322591
2.754456 896423668025.000000 0.007330	2.751569	2.000000	1.245442	0.754558 4.920810	1.532089	1.079000	0.453089	3.389777	-1.285575	-0.622000	-0.663575	3.782660	11781.322591
2.761827 896423681936.000000 0.006696	2.758263	2.000000	1.245442	0.754558 4.934746	1.532089	1.079000	0.453089	3.398145	-1.285575	-0.622000	-0.663575	3.794916	11781.322591
2.768411 896423697189.000000 0.007342	2.765602	2.000000	1.245442	0.754558 4.950067	1.532089	1.079000	0.453089	3.407345	-1.285575	-0.622000	-0.663575	3.808389	11781.322591
2.774637 896423710101.000000 0.006215	2.771816	2.000000	1.245442	0.754558 4.963066	1.532089	1.079000	0.453089	3.415150	-1.285575	-0.622000	-0.663575	3.819821	11781.322591
2.780993 896423723010.000000 0.006214	2.778028	2.000000	1.245442	0.754558 4.976092	1.532089	1.079000	0.453089	3.422972	-1.285575	-0.622000	-0.663575	3.831276	11781.322591
2.787044 896423735795.000000 0.006154	2.784179	2.000000	1.245442	0.754558 4.989020	1.532089	1.079000	0.453089	3.430735	-1.285575	-0.622000	-0.663575	3.842646	11781.322591
2.793356 896423748558.000000 0.006143	2.790321	2.000000	1.245442	0.754558 5.001955	1.532089	1.079000	0.453089	3.438502	-1.285575	-0.622000	-0.663575	3.854021	11781.322591
2.799226 896423761592.000000 0.006274	2.796592	2.000000	1.245442	0.754558 5.015194	1.532089	1.079000	0.453089	3.446451	-1.285575	-0.622000	-0.663575	3.865663	11781.322591
2.804924 896423773572.000000 0.005766	2.802357	2.000000	1.245442	0.754558 5.027386	1.532089	1.079000	0.453089	3.453773	-1.285575	-0.622000	-0.663575	3.876386	11781.322591
2.810620 896423785156.000000 0.005576	2.807931	2.000000	1.245442	0.754558 5.039199	1.532089	1.079000	0.453089	3.460866	-1.285575	-0.622000	-0.663575	3.886775	11781.322591
2.816542 896423797433.000000 0.005909	2.813838	2.000000	1.245442	0.754558 5.051746	1.532089	1.079000	0.453089	3.468400	-1.285575	-0.622000	-0.663575	3.897808	11781.322591
2.822399 896423809310.000000 0.005717	2.819554	2.000000	1.245442	0.754558 5.063909	1.532089	1.079000	0.453089	3.475703	-1.285575	-0.622000	-0.663575	3.908504	11781.322591
2.828185 896423821760.000000 0.005992	2.825544	2.000000	1.245442	0.754558 5.076684	1.532089	1.079000	0.453089	3.483375	-1.285575	-0.622000	-0.663575	3.919740	11781.322591
2.834100 896423833543.000000 0.005671	2.831214	2.000000	1.245442	0.754558 5.088800	1.532089	1.079000	0.453089	3.490650	-1.285575	-0.622000	-0.663575	3.930395	11781.322591
2.840681 896423846115.000000 0.006051	2.837264	2.000000	1.303756	0.696244 5.100754	1.532089	1.122000	0.410089	3.497691	-1.285575	-0.664000	-0.621575	3.941067	10044.970154
2.848317 896423863127.000000 0.008188	2.845450	2.000000	1.303756	0.696244 5.116976	1.532089	1.122000	0.410089	3.507245	-1.285575	-0.664000	-0.621575	3.955549	10044.970154
2.854510 896423875954.000000 0.006174	2.851622	2.000000	1.303756	0.696244 5.129233	1.532089	1.122000	0.410089	3.514465	-1.285575	-0.664000	-0.621575	3.966491	10044.970154
2.860255 896423888362.000000 0.005972	2.857592	2.000000	1.303756	0.696244 5.141115	1.532089	1.122000	0.410089	3.521463	-1.285575	-0.664000	-0.621575	3.977099	10044.970154
2.866417 896423900567.000000 0.005874	2.863466	2.000000	1.303756	0.696244 5.152827	1.532089	1.122000	0.410089	3.528362	-1.285575	-0.664000	-0.621575	3.987555	10044.970154
2.872716 896423912987.000000 0.005978	2.869442	2.000000	1.303756	0.696244 5.164769	1.532089	1.122000	0.410089	3.535396	-1.285575	-0.664000	-0.621575	3.998217	10044.970154
2.878520 896423926307.000000 0.006411	2.875852	2.000000	1.303756	0.696244 5.177606	1.532089	1.122000	0.410089	3.542957	-1.285575	-0.664000	-0.621575	4.009676	10044.970154
2.884287 896423938288.000000 0.005767	2.881617	2.000000	1.303756	0.696244 5.189176	1.532089	1.122000	0.410089	3.549771	-1.285575	-0.664000	-0.621575	4.020005	10044.970154
2.890158 896423950323.000000 0.005793	2.887408	2.000000	1.303756	0.696244 5.200821	1.532089	1.122000	0.410089	3.556630	-1.285575	-0.664000	-0.621575	4.030401	10044.970154
2.895955 896423962532.000000 0.005876	2.893283	2.000000	1.303756	0.696244 5.212658	1.532089	1.122000	0.410089	3.563602	-1.285575	-0.664000	-0.621575	4.040969	10044.970154
2.901851 896423974474.000000 0.005748	2.899029	2.000000	1.303756	0.696244 5.224260	1.532089	1.122000	0.410089	3.570436	-1.285575	-0.664000	-0.621575	4.051327	10044.970154
2.907451 896423986523.000000 0.005799	2.904826	2.000000	1.303756	0.696244 5.235989	1.532089	1.122000	0.410089	3.577344	-1.285575	-0.664000	-0.621575	4.061798	10044.970154
2.913131 896423998275.000000 0.005657	2.910482	2.000000	1.303756	0.696244 5.247453	1.532089	1.122000	0.410089	3.584097	-1.285575	-0.664000	-0.621575	4.072032	10044.970154
2.918940 896424010479.000000 0.005874	2.916354	2.000000	1.303756	0.696244 5.259380	1.532089	1.122000	0.410089	3.591122	-1.285575	-0.664000	-0.621575	4.082680	10044.970154
2.924616 896424022218.000000 0.005651	2.922003	2.000000	1.303756	0.696244 5.270876	1.532089	1.122000	0.410089	3.597893	-1.285575	-0.664000	-0.621575	4.092943	10044.970154
2.930441 896424034220.000000 0.005777	2.927778	2.000000	1.303756	0.696244 5.282651	1.532089	1.122000	0.410089	3.604828	-1.285575	-0.664000	-0.621575	4.103456	10044.970154
2.936379 896424046051.000000 0.005694	2.933471	2.000000	1.362226	0.637774 5.293305	1.532089	1.165000	0.367089	3.610960	-1.285575	-0.706000	-0.579575	4.113137	10044.970154
2.942735 896424059118.000000 0.006289	2.939759	2.000000	1.362226	0.637774 5.305096	1.532089	1.165000	0.367089	3.617747	-1.285575	-0.706000	-0.579575	4.123853	8303.974175
2.948774 896424071947.000000 0.006176	2.945933	2.000000	1.362226	0.637774 5.316699	1.532089	1.165000	0.367089	3.624426	-1.285575	-0.706000	-0.579575	4.134397	8303.974175
2.956096 896424086927.000000 0.007212	2.953143	2.000000	1.362226	0.637774 5.330283	1.532089	1.165000	0.367089	3.632244	-1.285575	-0.706000	-0.579575	4.146741	8303.974175
2.962067 896424099883.000000 0.006236	2.959374	2.000000	1.362226	0.637774 5.342052	1.532089	1.165000	0.367089	3.639018	-1.285575	-0.706000	-0.579575	4.157437	8303.974175
2.968194 896424112557.000000 0.006102	2.965475	2.000000	1.362226	0.637774 5.353592	1.532089	1.165000	0.367089	3.645661	-1.285575	-0.706000	-0.579575	4.167923	8303.974175
2.974211 896424124786.000000 0.005886	2.971358	2.000000	1.362226	0.637774 5.364747	1.532089	1.165000	0.367089	3.652081	-1.285575	-0.706000	-0.579575	4.178061	8303.974175
2.980024 896424137233.000000 0.005991	2.977347	2.000000	1.362226	0.637774 5.376123	1.532089	1.165000	0.367089	3.658629	-1.285575	-0.706000	-0.579575	4.188398	8303.974175
2.985823 896424149495.000000 0.005902	2.983248	2.000000	1.362226	0.637774 5.387353	1.532089	1.165000	0.367089	3.665093	-1.285575	-0.706000	-0.579575	4.198603	8303.974175
2.992625 896424162659.000000 0.006336	2.989583	2.000000	1.362226	0.637774 5.399434	1.532089	1.165000	0.367089	3.672046	-1.285575	-0.706000	-0.579575	4.209582	8303.974175
3.000476 896424177912.000000 0.007342	2.996923	2.000000	1.362226	0.637774 5.413467	1.532089	1.165000	0.367089	3.680123	-1.285575	-0.706000	-0.579575	4.222334	8303.974175
3.008373 896424193600.000000 0.007551	3.004472	2.000000	1.362226	0.637774 5.427936	1.532089	1.165000	0.367089	3.688451	-1.285575	-0.706000	-0.579575	4.235483	8303.974175
3.016620 896424211208.000000 0.008475	3.012946	2.000000	1.362226	0.637774 5.444221	1.532089	1.165000	0.367089	3.697825	-1.285575	-0.706000	-0.579575	4.250282	8303.974175
3.023785 896424227259.000000 0.007725	3.020667	2.000000	1.362226	0.637774 5.459103	1.532089	1.165000	0.367089	3.706391	-1.285575	-0.706000	-0.579575	4.263807	8303.974175
3.029750 896424240443.000000 0.006346	3.027011	2.000000	1.362226	0.637774 5.471355	1.532089	1.165000	0.367089	3.713442	-1.285575	-0.706000	-0.579575	4.274940	8303.974175
3.035904 896424252644.000000 0.005873	3.032882	2.000000	1.421684	0.578316 5.481656	1.532089	1.209000	0.323089	3.719197	-1.285575	-0.748000	-0.537575	4.284515	8303.974175
3.042649 896424266559.000000 0.006698	3.039579	2.000000	1.421684	0.578316 5.493429	1.532089	1.209000	0.323089	3.725775	-1.285575	-0.748000	-0.537575	4.295459	6533.589577
3.048563 896424279605.000000 0.006280	3.045857	2.000000	1.421684	0.578316 5.504490	1.532089	1.209000	0.323089	3.731954	-1.285575	-0.748000	-0.537575	4.305741	6533.589577
3.054431 896424291952.000000 0.005943	3.051796	2.000000	1.421684	0.578316 5.514979	1.532089	1.209000	0.323089	3.737814	-1.285575	-0.748000	-0.537575	4.315491	6533.589577
3.060583 896424303707.000000 0.005658	3.057454	2.000000	1.421684	0.578316 5.524984	1.532089	1.209000	0.323089	3.743403	-1.285575	-0.748000	-0.537575	4.324791	6533.589577
3.066994 896424317949.000000 0.006855	3.064307	2.000000	1.421684	0.578316 5.537132	1.532089	1.209000	0.323089	3.750190	-1.285575	-0.748000	-0.537575	4.336083	6533.589577
3.072733 896424329857.000000 0.005731	3.070036	2.000000	1.421684	0.578316 5.547308	1.532089	1.209000	0.323089	3.755875	-1.285575	-0.748000	-0.537575	4.345542	6533.589577
3.078407 896424341796.000000 0.005746	3.075781	2.000000	1.421684	0.578316 5.557529	1.532089	1.209000	0.323089	3.761585	-1.285575	-0.748000	-0.537575	4.355044	6533.589577
3.084326 896424353832.000000 0.005793	3.081573	2.000000	1.421684	0.578316 5.567853	1.532089	1.209000	0.323089	3.767353	-1.285575	-0.748000	-0.537575	4.364640	6533.589577
3.090120 896424366073.000000 0.005892	3.087463	2.000000	1.421684	0.578316 5.578373	1.532089	1.209000	0.323089	3.773230	-1.285575	-0.748000	-0.537575	4.374419	6533.589577
3.095843 896424377942.000000 0.005713	3.093175	2.000000	1.421684	0.578316 5.588593	1.532089	1.209000	0.323089	3.778940	-1.285575	-0.748000	-0.537575	4.383919	6533.589577
3.101429 896424389686.000000 0.005653	3.098826	2.000000	1.421684	0.578316 5.598724	1.532089	1.209000	0.323089	3.784600	-1.285575	-0.748000	-0.537575	4.393336	6533.589577
3.107200 896424401669.000000 0.005768	3.104592	2.000000	1.421684	0.578316 5.609080	1.532089	1.209000	0.323089	3.790385	-1.285575	-0.748000	-0.537575	4.402963	6533.589577
3.112872 896424413508.000000 0.005699	3.110289	2.000000	1.421684	0.578316 5.619330	1.532089	1.209000	0.323089	3.796112	-1.285575	-0.748000	-0.537575	4.412491	6533.589577
3.118780 896424425343.000000 0.005696	3.115984	2.000000	1.421684	0.578316 5.629595	1.532089	1.209000	0.323089	3.801847	-1.285575	-0.748000	-0.537575	4.422033	6533.589577
3.124534 896424437473.000000 0.005839	3.121821	2.000000	1.421684	0.578316 5.640137	1.532089	1.209000	0.323089	3.807736	-1.285575	-0.748000	-0.537575	4.431832	6533.589577
3.130106 896424449217.000000 0.005653	3.127472	2.000000	1.421684	0.578316 5.650360	1.532089	1.209000	0.323089	3.813448	-1.285575	-0.748000	-0.537575	4.441335	6533.589577
3.136006 896424460885.000000 0.005616	3.133087	2.000000	1.480941	0.519059 5.659493	1.532089	1.252000	0.280089	3.818376	-1.285575	-0.791000	-0.494575	4.450037	6533.589577
3.142781 896424474831.000000 0.006713	3.139798	2.000000	1.480941	0.519059 5.670434	1.532089	1.252000	0.280089	3.824279	-1.285575	-0.791000	-0.494575	4.460462	4769.179643
3.148681 896424487867.000000 0.006274	3.146070	2.000000	1.480941	0.519059 5.680680	1.532089	1.252000	0.280089	3.829808	-1.285575	-0.791000	-0.494575	4.470224	4769.179643
3.154329 896424499458.000000 0.005579	3.151647	2.000000	1.480941	0.519059 5.689806	1.532089	1.252000	0.280089	3.834733	-1.285575	-0.791000	-0.494575	4.478920	4769.179643
3.160350 896424511309.000000 0.005704	3.157350	2.000000	1.480941	0.519059 5.699154	1.532089	1.252000	0.280089	3.839777	-1.285575	-0.791000	-0.494575	4.487828	4769.179643
3.166389 896424524391.000000 0.006296	3.163644	2.000000	1.480941	0.519059 5.709494	1.532089	1.252000	0.280089	3.845357	-1.285575	-0.791000	-0.494575	4.497679	4769.179643
3.172643 896424537460.000000 0.006290	3.169933	2.000000	1.480941	0.519059 5.719844	1.532089	1.252000	0.280089	3.850941	-1.285575	-0.791000	-0.494575	4.507541	4769.179643
3.178428 896424549478.000000 0.005784	3.175716	2.000000	1.480941	0.519059 5.729379	1.532089	1.252000	0.280089	3.856086	-1.285575	-0.791000	-0.494575	4.516626	4769.179643
3.184423 896424561823.000000 0.005942	3.181657	2.000000	1.480941	0.519059 5.739191	1.532089	1.252000	0.280089	3.861381	-1.285575	-0.791000	-0.494575	4.525976	4769.179643
3.190426 896424574193.000000 0.005954	3.187610	2.000000	1.480941	0.519059 5.749043	1.532089	1.252000	0.280089	3.866697	-1.285575	-0.791000	-0.494575	4.535363	4769.179643
3.196379 896424586713.000000 0.006026	3.193634	2.000000	1.480941	0.519059 5.759032	1.532089	1.252000	0.280089	3.872088	-1.285575	-0.791000	-0.494575	4.544881	4769.179643
3.202233 896424598878.000000 0.005855	3.199488	2.000000	1.480941	0.519059 5.768756	1.532089	1.252000	0.280089	3.877335	-1.285575	-0.791000	-0.494575	4.554146	4769.179643
3.208255 896424611201.000000 0.005932	3.205418	2.000000	1.480941	0.519059 5.778625	1.532089	1.252000	0.280089	3.882660	-1.285575	-0.791000	-0.494575	4.563549	4769.179643
3.214166 896424623706.000000 0.006019	3.211434	2.000000	1.480941	0.519059 5.788658	1.532089	1.252000	0.280089	3.888074	-1.285575	-0.791000	-0.494575	4.573110	4769.179643
3.220160 896424636014.000000 0.005924	3.217356	2.000000	1.480941	0.519059 5.798551	1.532089	1.252000	0.280089	3.893413	-1.285575	-0.791000	-0.494575	4.582536	4769.179643
3.226135 896424648402.000000 0.005962	3.223318	2.000000	1.480941	0.519059 5.808527	1.532089	1.252000	0.280089	3.898796	-1.285575	-0.791000	-0.494575	4.592041	4769.179643
3.232379 896424661163.000000 0.006142	3.229459	2.000000	1.480941	0.519059 5.818824	1.532089	1.252000	0.280089	3.904352	-1.285575	-0.791000	-0.494575	4.601852	4769.179643
3.238700 896424673698.000000 0.006034	3.235491	2.000000	1.539777	0.460223 5.827808	1.532089	1.295000	0.237089	3.908980	-1.285575	-0.833000	-0.452575	4.610687	3017.276740
3.245220 896424687513.000000 0.006650	3.242139	2.000000	1.539777	0.460223 5.837730	1.532089	1.295000	0.237089	3.914092	-1.285575	-0.833000	-0.452575	4.620444	3017.276740
3.251238 896424700729.000000 0.006361	3.248498	2.000000	1.539777	0.460223 5.847240	1.532089	1.295000	0.237089	3.918991	-1.285575	-0.833000	-0.452575	4.629796	3017.276740
3.257250 896424713213.000000 0.006009	3.254504	2.000000	1.539777	0.460223 5.856240	1.532089	1.295000	0.237089	3.923627	-1.285575	-0.833000	-0.452575	4.638647	3017.276740
3.263049 896424725404.000000 0.005868	3.260371	2.000000	1.539777	0.460223 5.865045	1.532089	1.295000	0.237089	3.928163	-1.285575	-0.833000	-0.452575	4.647305	3017.276740
3.268866 896424737458.000000 0.005802	3.266171	2.000000	1.539777	0.460223 5.873767	1.532089	1.295000	0.237089	3.932656	-1.285575	-0.833000	-0.452575	4.655882	3017.276740
3.274775 896424749692.000000 0.005889	3.272058	2.000000	1.539777	0.460223 5.882635	1.532089	1.295000	0.237089	3.937225	-1.285575	-0.833000	-0.452575	4.664603	3017.276740
3.281255 896424761941.000000 0.005896	3.277952	2.000000	1.539777	0.460223 5.891529	1.532089	1.295000	0.237089	3.941807	-1.285575	-0.833000	-0.452575	4.673350	3017.276740
3.287255 896424775538.000000 0.006544	3.284495	2.000000	1.539777	0.460223 5.901422	1.532089	1.295000	0.237089	3.946903	-1.285575	-0.833000	-0.452575	4.683077	3017.276740
3.293134 896424787836.000000 0.005920	3.290413	2.000000	1.539777	0.460223 5.910386	1.532089	1.295000	0.237089	3.951521	-1.285575	-0.833000	-0.452575	4.691893	3017.276740
3.298994 896424800081.000000 0.005894	3.296305	2.000000	1.539777	0.460223 5.919327	1.532089	1.295000	0.237089	3.956127	-1.285575	-0.833000	-0.452575	4.700686	3017.276740
3.304929 896424812221.000000 0.005843	3.302146	2.000000	1.539777	0.460223 5.928207	1.532089	1.295000	0.237089	3.960702	-1.285575	-0.833000	-0.452575	4.709418	3017.276740
3.310896 896424824726.000000 0.006019	3.308163	2.000000	1.539777	0.460223 5.937371	1.532089	1.295000	0.237089	3.965423	-1.285575	-0.833000	-0.452575	4.718429	3017.276740
3.316506 896424836484.000000 0.005660	3.313822	2.000000	1.539777	0.460223 5.946003	1.532089	1.295000	0.237089	3.969869	-1.285575	-0.833000	-0.452575	4.726917	3017.276740
3.322759 896424848458.000000 0.005764	3.319583	2.000000	1.539777	0.460223 5.954808	1.532089	1.295000	0.237089	3.974406	-1.285575	-0.833000	-0.452575	4.735577	3017.276740
3.328579 896424861620.000000 0.006335	3.325916	2.000000	1.539777	0.460223 5.964505	1.532089	1.295000	0.237089	3.979401	-1.285575	-0.833000	-0.452575	4.745112	3017.276740
3.334102 896424873221.000000 0.005584	3.331498	2.000000	1.539777	0.460223 5.973066	1.532089	1.295000	0.237089	3.983811	-1.285575	-0.833000	-0.452575	4.753531	3017.276740
3.339930 896424884970.000000 0.005655	3.337157	2.000000	1.598709	0.401291 5.980639	1.532089	1.338000	0.194089	3.987474	-1.285575	-0.875000	-0.410575	4.761280	1262.556831
3.346260 896424898277.000000 0.006405	3.343556	2.000000	1.598709	0.401291 5.989233	1.532089	1.338000	0.194089	3.991631	-1.285575	-0.875000	-0.410575	4.770072	1262.556831
3.352024 896424910053.000000 0.005668	3.349223	2.000000	1.598709	0.401291 5.996851	1.532089	1.338000	0.194089	3.995316	-1.285575	-0.875000	-0.410575	4.777867	1262.556831
3.357812 896424922210.000000 0.005851	3.355071	2.000000	1.598709	0.401291 6.004729	1.532089	1.338000	0.194089	3.999126	-1.285575	-0.875000	-0.410575	4.785927	1262.556831
3.363607 896424934368.000000 0.005852	3.360922	2.000000	1.598709	0.401291 6.012622	1.532089	1.338000	0.194089	4.002943	-1.285575	-0.875000	-0.410575	4.794002	1262.556831
3.369284 896424946093.000000 0.005643	3.366564	2.000000	1.598709	0.401291 6.020246	1.532089	1.338000	0.194089	4.006630	-1.285575	-0.875000	-0.410575	4.801802	1262.556831
3.375034 896424958255.000000 0.005854	3.372417	2.000000	1.598709	0.401291 6.028168	1.532089	1.338000	0.194089	4.010462	-1.285575	-0.875000	-0.410575	4.809908	1262.556831
3.380709 896424969985.000000 0.005646	3.378060	2.000000	1.598709	0.401291 6.035821	1.532089	1.338000	0.194089	4.014164	-1.285575	-0.875000	-0.410575	4.817738	1262.556831
3.386540 896424982139.000000 0.005850	3.383909	2.000000	1.598709	0.401291 6.043765	1.532089	1.338000	0.194089	4.018006	-1.285575	-0.875000	-0.410575	4.825866	1262.556831
3.392691 896424993882.000000 0.005652	3.389559	2.000000	1.598709	0.401291 6.051453	1.532089	1.338000	0.194089	4.021724	-1.285575	-0.875000	-0.410575	4.833731	1262.556831
3.398540 896425006898.000000 0.006265	3.395823	2.000000	1.598709	0.401291 6.059990	1.532089	1.338000	0.194089	4.025853	-1.285575	-0.875000	-0.410575	4.842467	1262.556831
3.404302 896425018923.000000 0.005788	3.401609	2.000000	1.598709	0.401291 6.067891	1.532089	1.338000	0.194089	4.029675	-1.285575	-0.875000	-0.410575	4.850550	1262.556831
3.410013 896425031121.000000 0.005871	3.407479	2.000000	1.598709	0.401291 6.075919	1.532089	1.338000	0.194089	4.033557	-1.285575	-0.875000	-0.410575	4.858764	1262.556831
3.415800 896425042820.000000 0.005631	3.413108	2.000000	1.598709	0.401291 6.083631	1.532089	1.338000	0.194089	4.037288	-1.285575	-0.875000	-0.410575	4.866654	1262.556831
3.421595 896425054810.000000 0.005771	3.418878	2.000000	1.598709	0.401291 6.091549	1.532089	1.338000	0.194089	4.041117	-1.285575	-0.875000	-0.410575	4.874755	1262.556831
3.427568 896425067316.000000 0.006019	3.424895	2.000000	1.598709	0.401291 6.099821	1.532089	1.338000	0.194089	4.045118	-1.285575	-0.875000	-0.410575	4.883219	1262.556831
3.433324 896425079260.000000 0.005749	3.430644	2.000000	1.598709	0.401291 6.107736	1.532089	1.338000	0.194089	4.048946	-1.285575	-0.875000	-0.410575	4.891317	1262.556831
3.439903 896425091987.000000 0.006126	3.436768	2.000000	1.658558	0.341442 6.114925	1.532089	1.382000	0.150089	4.052106	-1.285575	-0.917000	-0.368575	4.899077	-519.487632
3.446536 896425106510.000000 0.006990	3.443756	2.000000	1.658558	0.341442 6.123144	1.532089	1.382000	0.150089	4.055719	-1.285575	-0.917000	-0.368575	4.907949	-519.487632
3.452643 896425119193.000000 0.006105	3.449860	2.000000	1.658558	0.341442 6.130335	1.532089	1.382000	0.150089	4.058880	-1.285575	-0.917000	-0.368575	4.915712	-519.487632
3.458689 896425131777.000000 0.006057	3.455913	2.000000	1.658558	0.341442 6.137482	1.532089	1.382000	0.150089	4.062022	-1.285575	-0.917000	-0.368575	4.923427	-519.487632
3.464855 896425144633.000000 0.006188	3.462100	2.000000	1.658558	0.341442 6.144797	1.532089	1.382000	0.150089	4.065237	-1.285575	-0.917000	-0.368575	4.931322	-519.487632
3.470687 896425156789.000000 0.005851	3.467950	2.000000	1.658558	0.341442 6.151725	1.532089	1.382000	0.150089	4.068282	-1.285575	-0.917000	-0.368575	4.938801	-519.487632
3.476643 896425169292.000000 0.006018	3.473966	2.000000	1.658558	0.341442 6.158863	1.532089	1.382000	0.150089	4.071420	-1.285575	-0.917000	-0.368575	4.946506	-519.487632
3.482619 896425181521.000000 0.005886	3.479851	2.000000	1.658558	0.341442 6.165856	1.532089	1.382000	0.150089	4.074494	-1.285575	-0.917000	-0.368575	4.954055	-519.487632
3.488712 896425194246.000000 0.006125	3.485973	2.000000	1.658558	0.341442 6.173146	1.532089	1.382000	0.150089	4.077699	-1.285575	-0.917000	-0.368575	4.961924	-519.487632
3.494926 896425206910.000000 0.006095	3.492067	2.000000	1.658558	0.341442 6.180414	1.532089	1.382000	0.150089	4.080893	-1.285575	-0.917000	-0.368575	4.969770	-519.487632
3.501060 896425219822.000000 0.006215	3.498280	2.000000	1.658558	0.341442 6.187837	1.532089	1.382000	0.150089	4.084156	-1.285575	-0.917000	-0.368575	4.977783	-519.487632
3.507124 896425232377.000000 0.006043	3.504321	2.000000	1.658558	0.341442 6.195067	1.532089	1.382000	0.150089	4.087334	-1.285575	-0.917000	-0.368575	4.985588	-519.487632
3.513456 896425244609.000000 0.005888	3.510209	2.000000	1.658558	0.341442 6.202124	1.532089	1.382000	0.150089	4.090436	-1.285575	-0.917000	-0.368575	4.993205	-519.487632
3.519405 896425257961.000000 0.006426	3.516632	2.000000	1.658558	0.341442 6.209840	1.532089	1.382000	0.150089	4.093828	-1.285575	-0.917000	-0.368575	5.001535	-519.487632
3.525288 896425270095.000000 0.005841	3.522471	2.000000	1.658558	0.341442 6.216865	1.532089	1.382000	0.150089	4.096916	-1.285575	-0.917000	-0.368575	5.009117	-519.487632
3.532496 896425283404.000000 0.006407	3.528878	2.000000	1.658558	0.341442 6.224585	1.532089	1.382000	0.150089	4.100310	-1.285575	-0.917000	-0.368575	5.017451	-519.487632
3.540419 896425298173.000000 0.007109	3.535984	2.000000	1.717645	0.282355 6.231682	1.532089	1.425000	0.107089	4.103001	-1.285575	-0.959000	-0.326575	5.025660	-2278.873125
3.547120 896425315024.000000 0.008110	3.544091	2.000000	1.717645	0.282355 6.239798	1.532089	1.425000	0.107089	4.106080	-1.285575	-0.959000	-0.326575	5.035047	-2278.873125
3.553423 896425328670.000000 0.006568	3.550657	2.000000	1.717645	0.282355 6.246383	1.532089	1.425000	0.107089	4.108577	-1.285575	-0.959000	-0.326575	5.042663	-2278.873125
3.559309 896425340773.000000 0.005826	3.556481	2.000000	1.717645	0.282355 6.252233	1.532089	1.425000	0.107089	4.110796	-1.285575	-0.959000	-0.326575	5.049429	-2278.873125
3.565011 896425352878.000000 0.005826	3.562306	2.000000	1.717645	0.282355 6.258093	1.532089	1.425000	0.107089	4.113018	-1.285575	-0.959000	-0.326575	5.056207	-2278.873125
3.570752 896425364807.000000 0.005742	3.568046	2.000000	1.717645	0.282355 6.263877	1.532089	1.425000	0.107089	4.115212	-1.285575	-0.959000	-0.326575	5.062897	-2278.873125
3.576577 896425376987.000000 0.005862	3.573907	2.000000	1.717645	0.282355 6.269793	1.532089	1.425000	0.107089	4.117456	-1.285575	-0.959000	-0.326575	5.069740	-2278.873125
3.582387 896425388833.000000 0.005703	3.579609	2.000000	1.717645	0.282355 6.275557	1.532089	1.425000	0.107089	4.119642	-1.285575	-0.959000	-0.326575	5.076406	-2278.873125
3.588092 896425400939.000000 0.005827	3.585432	2.000000	1.717645	0.282355 6.281456	1.532089	1.425000	0.107089	4.121879	-1.285575	-0.959000	-0.326575	5.083229	-2278.873125
3.593935 896425413085.000000 0.005846	3.591277	2.000000	1.717645	0.282355 6.287384	1.532089	1.425000	0.107089	4.124127	-1.285575	-0.959000	-0.326575	5.090085	-2278.873125
3.599655 896425424854.000000 0.005665	3.596941	2.000000	1.717645	0.282355 6.293137	1.532089	1.425000	0.107089	4.126310	-1.285575	-0.959000	-0.326575	5.096740	-2278.873125
3.605993 896425437004.000000 0.005848	3.602786	2.000000	1.717645	0.282355 6.299086	1.532089	1.425000	0.107089	4.128566	-1.285575	-0.959000	-0.326575	5.103620	-2278.873125
3.611776 896425449984.000000 0.006247	3.609032	2.000000	1.717645	0.282355 6.305452	1.532089	1.425000	0.107089	4.130980	-1.285575	-0.959000	-0.326575	5.110983	-2278.873125
3.617594 896425462289.000000 0.005923	3.614954	2.000000	1.717645	0.282355 6.311497	1.532089	1.425000	0.107089	4.133273	-1.285575	-0.959000	-0.326575	5.117975	-2278.873125
3.623340 896425474094.000000 0.005682	3.620634	2.000000	1.717645	0.282355 6.317306	1.532089	1.425000	0.107089	4.135476	-1.285575	-0.959000	-0.326575	5.124694	-2278.873125
3.629118 896425486021.000000 0.005740	3.626372	2.000000	1.717645	0.282355 6.323183	1.532089	1.425000	0.107089	4.137705	-1.285575	-0.959000	-0.326575	5.131491	-2278.873125
3.634936 896425498346.000000 0.005933	3.632304	2.000000	1.717645	0.282355 6.329268	1.532089	1.425000	0.107089	4.140013	-1.285575	-0.959000	-0.326575	5.138529	-2278.873125
3.641539 896425511173.000000 0.006174	3.638476	2.000000	1.777365	0.222635 6.334269	1.532089	1.468000	0.064089	4.141453	-1.285575	-1.002000	-0.283575	5.144899	-4057.077122
3.647744 896425524538.000000 0.006433	3.644907	2.000000	1.777365	0.222635 6.339489	1.532089	1.468000	0.064089	4.142955	-1.285575	-1.002000	-0.283575	5.151548	-4057.077122
3.653457 896425536773.000000 0.005889	3.650795	2.000000	1.777365	0.222635 6.344276	1.532089	1.468000	0.064089	4.144333	-1.285575	-1.002000	-0.283575	5.157645	-4057.077122
3.659086 896425548538.000000 0.005663	3.656455	2.000000	1.777365	0.222635 6.348885	1.532089	1.468000	0.064089	4.145660	-1.285575	-1.002000	-0.283575	5.163516	-4057.077122
3.664769 896425560309.000000 0.005666	3.662120	2.000000	1.777365	0.222635 6.353504	1.532089	1.468000	0.064089	4.146990	-1.285575	-1.002000	-0.283575	5.169400	-4057.077122
3.670807 896425572259.000000 0.005753	3.667871	2.000000	1.777365	0.222635 6.358202	1.532089	1.468000	0.064089	4.148342	-1.285575	-1.002000	-0.283575	5.175383	-4057.077122
3.676619 896425584942.000000 0.006104	3.673973	2.000000	1.777365	0.222635 6.363195	1.532089	1.468000	0.064089	4.149779	-1.285575	-1.002000	-0.283575	5.181743	-4057.077122
3.682268 896425596584.000000 0.005603	3.679576	2.000000	1.777365	0.222635 6.367786	1.532089	1.468000	0.064089	4.151101	-1.285575	-1.002000	-0.283575	5.187590	-4057.077122
3.688135 896425608663.000000 0.005814	3.685388	2.000000	1.777365	0.222635 6.372556	1.532089	1.468000	0.064089	4.152474	-1.285575	-1.002000	-0.283575	5.193666	-4057.077122
3.694297 896425621350.000000 0.006107	3.691494	2.000000	1.777365	0.222635 6.377575	1.532089	1.468000	0.064089	4.153919	-1.285575	-1.002000	-0.283575	5.200059	-4057.077122
3.700370 896425633934.000000 0.006057	3.697547	2.000000	1.777365	0.222635 6.382561	1.532089	1.468000	0.064089	4.155354	-1.285575	-1.002000	-0.283575	5.206410	-4057.077122
3.706190 896425646215.000000 0.005911	3.703457	2.000000	1.777365	0.222635 6.387435	1.532089	1.468000	0.064089	4.156757	-1.285575	-1.002000	-0.283575	5.212618	-4057.077122
3.711947 896425658338.000000 0.005835	3.709291	2.000000	1.777365	0.222635 6.392254	1.532089	1.468000	0.064089	4.158144	-1.285575	-1.002000	-0.283575	5.218755	-4057.077122
3.718305 896425670838.000000 0.006018	3.715309	2.000000	1.777365	0.222635 6.397231	1.532089	1.468000	0.064089	4.159577	-1.285575	-1.002000	-0.283575	5.225096	-4057.077122
3.724498 896425684100.000000 0.006383	3.721688	2.000000	1.777365	0.222635 6.402520	1.532089	1.468000	0.064089	4.161100	-1.285575	-1.002000	-0.283575	5.231833	-4057.077122
3.730298 896425696401.000000 0.005921	3.727607	2.000000	1.777365	0.222635 6.407434	1.532089	1.468000	0.064089	4.162514	-1.285575	-1.002000	-0.283575	5.238091	-4057.077122
3.736699 896425708958.000000 0.006044	3.733649	2.000000	1.837411	0.162589 6.411103	1.532089	1.512000	0.020089	4.162968	-1.285575	-1.044000	-0.241575	5.243543	-4057.077122
3.743419 896425722725.000000 0.006627	3.740275	2.000000	1.837411	0.162589 6.415133	1.532089	1.512000	0.020089	4.163466	-1.285575	-1.044000	-0.241575	5.249531	-5844.981197
3.749759 896425736855.000000 0.006801	3.747073	2.000000	1.837411	0.162589 6.419277	1.532089	1.512000	0.020089	4.163978	-1.285575	-1.044000	-0.241575	5.255687	-5844.981197
3.755543 896425748921.000000 0.005808	3.752879	2.000000	1.837411	0.162589 6.422821	1.532089	1.512000	0.020089	4.164415	-1.285575	-1.044000	-0.241575	5.260953	-5844.981197
3.761297 896425760933.000000 0.005782	3.758659	2.000000	1.837411	0.162589 6.426354	1.532089	1.512000	0.020089	4.164852	-1.285575	-1.044000	-0.241575	5.266202	-5844.981197
3.767367 896425773171.000000 0.005890	3.764547	2.000000	1.837411	0.162589 6.429959	1.532089	1.512000	0.020089	4.165297	-1.285575	-1.044000	-0.241575	5.271559	-5844.981197
3.773346 896425785650.000000 0.006007	3.770554	2.000000	1.837411	0.162589 6.433642	1.532089	1.512000	0.020089	4.165752	-1.285575	-1.044000	-0.241575	5.277031	-5844.981197
3.779276 896425797910.000000 0.005901	3.776452	2.000000	1.837411	0.162589 6.437265	1.532089	1.512000	0.020089	4.166200	-1.285575	-1.044000	-0.241575	5.282414	-5844.981197
3.785017 896425810185.000000 0.005909	3.782359	2.000000	1.837411	0.162589 6.440899	1.532089	1.512000	0.020089	4.166649	-1.285575	-1.044000	-0.241575	5.287813	-5844.981197
3.790792 896425822217.000000 0.005791	3.788148	2.000000	1.837411	0.162589 6.444466	1.532089	1.512000	0.020089	4.167090	-1.285575	-1.044000	-0.241575	5.293113	-5844.981197
3.796608 896425834213.000000 0.005774	3.793921	2.000000	1.837411	0.162589 6.448027	1.532089	1.512000	0.020089	4.167530	-1.285575	-1.044000	-0.241575	5.298405	-5844.981197
3.802627 896425846646.000000 0.005984	3.799903	2.000000	1.837411	0.162589 6.451725	1.532089	1.512000	0.020089	4.167987	-1.285575	-1.044000	-0.241575	5.303898	-5844.981197
3.808457 896425858986.000000 0.005939	3.805841	2.000000	1.837411	0.162589 6.455400	1.532089	1.512000	0.020089	4.168441	-1.285575	-1.044000	-0.241575	5.309359	-5844.981197
3.814176 896425870899.000000 0.005734	3.811573	2.000000	1.837411	0.162589 6.458953	1.532089	1.512000	0.020089	4.168880	-1.285575	-1.044000	-0.241575	5.314638	-5844.981197
3.819856 896425882664.000000 0.005663	3.817234	2.000000	1.837411	0.162589 6.462468	1.532089	1.512000	0.020089	4.169314	-1.285575	-1.044000	-0.241575	5.319860	-5844.981197
3.827410 896425895545.000000 0.006200	3.823434	2.000000	1.837411	0.162589 6.466322	1.532089	1.512000	0.020089	4.169790	-1.285575	-1.044000	-0.241575	5.325587	-5844.981197
3.834613 896425911711.000000 0.007781	3.831212	2.000000	1.837411	0.162589 6.471169	1.532089	1.512000	0.020089	4.170389	-1.285575	-1.044000	-0.241575	5.332788	-5844.981197
3.842529 896425928423.000000 0.008044	3.839255	2.000000	1.896687	0.103313 6.474359	1.532089	1.555000	-0.022911	4.171097	-1.285575	-1.086000	-0.199575	5.338952	-7609.954103
3.849137 896425943557.000000 0.007284	3.846537	2.000000	1.896687	0.103313 6.477254	1.532089	1.555000	-0.022911	4.171739	-1.285575	-1.086000	-0.199575	5.344544	-7609.954103
3.854944 896425955486.000000 0.005742	3.852276	2.000000	1.896687	0.103313 6.479539	1.532089	1.555000	-0.022911	4.172245	-1.285575	-1.086000	-0.199575	5.348958	-7609.954103
3.860570 896425967423.000000 0.005746	3.858020	2.000000	1.896687	0.103313 6.481829	1.532089	1.555000	-0.022911	4.172753	-1.285575	-1.086000	-0.199575	5.353382	-7609.954103
3.866372 896425979330.000000 0.005731	3.863750	2.000000	1.896687	0.103313 6.484117	1.532089	1.555000	-0.022911	4.173261	-1.285575	-1.086000	-0.199575	5.357802	-7609.954103
3.872208 896425991356.000000 0.005788	3.869536	2.000000	1.896687	0.103313 6.486431	1.532089	1.555000	-0.022911	4.173774	-1.285575	-1.086000	-0.199575	5.362272	-7609.954103
3.877844 896426003271.000000 0.005735	3.875269	2.000000	1.896687	0.103313 6.488727	1.532089	1.555000	-0.022911	4.174283	-1.285575	-1.086000	-0.199575	5.366707	-7609.954103
3.883608 896426015261.000000 0.005771	3.881039	2.000000	1.896687	0.103313 6.491041	1.532089	1.555000	-0.022911	4.174796	-1.285575	-1.086000	-0.199575	5.371177	-7609.954103
3.889264 896426026987.000000 0.005644	3.886682	2.000000	1.896687	0.103313 6.493308	1.532089	1.555000	-0.022911	4.175299	-1.285575	-1.086000	-0.199575	5.375555	-7609.954103
3.895048 896426038820.000000 0.005695	3.892375	2.000000	1.896687	0.103313 6.495598	1.532089	1.555000	-0.022911	4.175807	-1.285575	-1.086000	-0.199575	5.379979	-7609.954103
3.900933 896426051110.000000 0.005916	3.898290	2.000000	1.896687	0.103313 6.497980	1.532089	1.555000	-0.022911	4.176335	-1.285575	-1.086000	-0.199575	5.384582	-7609.954103
3.906700 896426062960.000000 0.005704	3.903991	2.000000	1.896687	0.103313 6.500281	1.532089	1.555000	-0.022911	4.176845	-1.285575	-1.086000	-0.199575	5.389026	-7609.954103
3.912532 896426075019.000000 0.005804	3.909794	2.000000	1.896687	0.103313 6.502625	1.532089	1.555000	-0.022911	4.177365	-1.285575	-1.086000	-0.199575	5.393555	-7609.954103
3.918140 896426087134.000000 0.005831	3.915623	2.000000	1.896687	0.103313 6.504984	1.532089	1.555000	-0.022911	4.177888	-1.285575	-1.086000	-0.199575	5.398112	-7609.954103
3.924011 896426098885.000000 0.005656	3.921279	2.000000	1.896687	0.103313 6.507276	1.532089	1.555000	-0.022911	4.178396	-1.285575	-1.086000	-0.199575	5.402538	-7609.954103
3.929592 896426110833.000000 0.005751	3.927027	2.000000	1.896687	0.103313 6.509609	1.532089	1.555000	-0.022911	4.178914	-1.285575	-1.086000	-0.199575	5.407045	-7609.954103
3.935267 896426122426.000000 0.005580	3.932606	2.000000	1.896687	0.103313 6.511876	1.532089	1.555000	-0.022911	4.179416	-1.285575	-1.086000	-0.199575	5.411424	-7609.954103
