923847761300.000000 0.000002 0.000005 0.006175 -0.000005 0.000000 -40.000000 -0.000005 -40.000000 0.000000 -2248628.054379
923847796786.000000 0.017078 0.017083 0.023613 -0.019224 0.000000 -40.000000 -0.019224 -40.000000 0.000006 -20976.002786
923847825499.000000 0.013819 0.030899 0.036332 -0.053985 0.000000 -40.000000 -0.053985 -40.000000 0.000029 -22874.860862
923847857409.000000 0.015357 0.046254 0.052359 -0.106021 0.000000 -40.000000 -0.106021 -40.000000 0.000104 -24587.967112
923847885350.000000 0.013447 0.059699 0.066186 -0.173182 0.000000 -40.000000 -0.173182 -40.000000 0.000243 -27253.982616
923847917988.000000 0.015707 0.075404 0.082303 -0.258011 0.000000 -40.000000 -0.258011 -40.000000 0.000549 -29630.332801
923847954882.000000 0.017755 0.093237 0.102350 -0.362902 0.000000 -40.000000 -0.362902 -40.000000 0.001149 -32852.456951
923847992685.000000 0.018192 0.111347 0.117425 -0.488168 0.000000 -40.000000 -0.488168 -40.000000 0.002138 -36885.884150
923848027695.000000 0.016849 0.128194 0.138993 -0.632387 0.000000 -40.000000 -0.632387 -40.000000 0.003504 -41764.902177
923848076639.000000 0.023553 0.151746 0.164350 -0.803101 0.000000 -40.000000 -0.803101 -40.000000 0.006375 -45865.809002
923848192544.000000 0.055775 0.207519 0.217684 -1.036560 0.000000 -40.000000 -1.036560 -40.000000 0.018372 -51527.564951
923848249830.000000 0.027567 0.235083 0.245416 -1.301028 0.000000 -40.000000 -1.301028 -40.000000 0.026804 -61709.065829
923848300813.000000 0.024535 0.259617 0.269120 -1.593098 0.000000 -40.000000 -1.593098 -40.000000 0.036951 -70741.348123
923848350945.000000 0.024126 0.283740 0.293693 -1.912305 0.000000 -40.000000 -1.912305 -40.000000 0.050042 -80357.062370
923848396859.000000 0.022096 0.305833 0.314924 -2.256367 0.000000 -40.000000 -2.256367 -40.000000 0.065289 -90976.531507
923848448737.000000 0.024968 0.330799 0.339337 -2.637734 -0.966809 -40.055307 -1.670925 -39.033191 0.079090 -80066.120925
923848492412.000000 0.021018 0.351812 0.361993 -3.043326 -0.966809 -40.055307 -2.076517 -39.033191 0.094445 -82525.302770
923848540407.000000 0.023097 0.374908 0.382496 -3.475544 -0.966809 -40.055307 -2.508735 -39.033191 0.116169 -83591.061354
923848586180.000000 0.022028 0.396934 0.407384 -3.933155 -0.966809 -40.055307 -2.966346 -39.033191 0.142106 -84719.433971
923848632274.000000 0.022182 0.419113 0.429176 -4.442727 -2.988319 -40.184852 -1.454408 -37.011681 0.155628 -78754.870198
923848673789.000000 0.019979 0.439089 0.446273 -4.976585 -2.988319 -40.184852 -1.988267 -37.011681 0.173070 -80071.253477
923848708757.000000 0.016829 0.455916 0.463077 -5.530903 -2.988319 -40.184852 -2.542584 -37.011681 0.192578 -81438.083284
923848747010.000000 0.018409 0.474323 0.481803 -6.107600 -2.988319 -40.184852 -3.119282 -37.011681 0.219815 -82860.098581
923848781864.000000 0.016774 0.491094 0.497963 -6.704689 -2.988319 -40.184852 -3.716370 -37.011681 0.250430 -84332.393063
923848814172.000000 0.015550 0.506642 0.513457 -7.320680 -2.988319 -40.184852 -4.332361 -37.011681 0.284562 -85851.298179
923848846588.000000 0.015601 0.522239 0.530311 -7.972666 -3.955128 -40.330437 -4.017539 -36.044872 0.317295 -86810.742343
923848883197.000000 0.017618 0.539854 0.543296 -8.646644 -3.955128 -40.330437 -4.691516 -36.044872 0.361918 -88472.628988
923848897818.000000 0.007038 0.546890 0.550093 -9.329404 -3.955128 -40.330437 -5.374277 -36.044872 0.382603 -90156.173738
923848912563.000000 0.007097 0.553985 0.557486 -10.021023 -3.955128 -40.330437 -6.065896 -36.044872 0.406452 -91861.560275
923848928986.000000 0.007905 0.561888 0.565945 -10.722509 -3.955128 -40.330437 -6.767382 -36.044872 0.436511 -93591.277184
923848947146.000000 0.008741 0.570626 0.574777 -11.434904 -3.955128 -40.330437 -7.479776 -36.044872 0.473818 -95347.893041
923848964234.000000 0.008224 0.578848 0.582095 -12.157564 -3.955128 -40.330437 -8.202436 -36.044872 0.512866 -97129.819893
923848980707.000000 0.007929 0.586775 0.589941 -12.890119 -3.955128 -40.330437 -8.934992 -36.044872 0.554434 -98936.148219
923848994280.000000 0.006533 0.593306 0.596743 -13.630829 -3.955128 -40.330437 -9.675701 -36.044872 0.591939 -100762.582247
923849010485.000000 0.007800 0.601105 0.604609 -14.381275 -3.955128 -40.330437 -10.426148 -36.044872 0.640824 -102613.025205
923849024941.000000 0.006958 0.608061 0.610940 -15.140405 -3.955128 -40.330437 -11.185277 -36.044872 0.688148 -104484.878890
923849038610.000000 0.006579 0.614637 0.618439 -15.907745 -3.955128 -40.330437 -11.952617 -36.044872 0.736483 -106376.979001
923849055415.000000 0.008089 0.622724 0.626840 -16.685181 -3.955128 -40.552483 -12.730054 -36.044872 0.800606 -109910.108204
923849073786.000000 0.008843 0.631565 0.635297 -17.473655 -3.955128 -40.552483 -13.518527 -36.044872 0.876104 -111854.317528
923849090406.000000 0.007999 0.639561 0.643705 -18.272111 -3.955128 -40.552483 -14.316983 -36.044872 0.949351 -113823.143117
923849107225.000000 0.008095 0.647654 0.651491 -19.080671 -3.955128 -40.552483 -15.125544 -36.044872 1.028652 -115816.882710
923849124108.000000 0.008126 0.655778 0.658870 -19.899374 -3.955128 -40.552483 -15.944246 -36.044872 1.113615 -117835.631112
923849138132.000000 0.006751 0.662527 0.665793 -20.726502 -3.955128 -40.552483 -16.771374 -36.044872 1.188625 -119875.154763
923849153245.000000 0.007274 0.669799 0.673458 -21.562709 -3.955128 -40.552483 -17.607581 -36.044872 1.274413 -121937.065320
923849167828.000000 0.007019 0.676816 0.679912 -22.407676 -3.955128 -40.552483 -18.452548 -36.044872 1.362075 -124020.576211
923849181662.000000 0.006659 0.683474 0.687340 -23.260955 -3.955128 -40.552483 -19.305827 -36.044872 1.449937 -126124.583866
923849197278.000000 0.007516 0.690987 0.694490 -24.123614 -3.955128 -40.552483 -20.168486 -36.044872 1.554685 -128251.719078
923849213263.000000 0.007694 0.698680 0.702273 -24.995877 -3.955128 -40.552483 -21.040749 -36.044872 1.667789 -130402.535852
923849228410.000000 0.007291 0.705968 0.708966 -25.877238 -3.955128 -40.552483 -21.922111 -36.044872 1.780620 -132575.788414
923849242316.000000 0.006694 0.712660 0.715984 -26.766954 -3.955128 -40.552483 -22.811827 -36.044872 1.889442 -134769.641433
923849256141.000000 0.006654 0.719312 0.723056 -27.664975 -4.921937 -40.552483 -22.743039 -36.044872 1.998304 -136983.971959
923849273549.000000 0.008379 0.727690 0.731811 -28.598495 -4.921937 -40.815050 -23.676558 -35.078063 2.142667 -134425.848623
923849289793.000000 0.007818 0.735505 0.738581 -29.542039 -4.921937 -40.815050 -24.620103 -35.078063 2.284244 -136752.430870
923849303379.000000 0.006539 0.742042 0.745738 -30.493970 -4.921937 -40.815050 -25.572034 -35.078063 2.408333 -139099.692753
923849320114.000000 0.008055 0.750095 0.753753 -31.456232 -4.921937 -40.815050 -26.534295 -35.078063 2.568647 -141472.427453
923849335004.000000 0.007167 0.757260 0.760195 -32.427685 -4.921937 -40.815050 -27.505748 -35.078063 2.717926 -143867.826643
923849348448.000000 0.006471 0.763729 0.766914 -33.407437 -4.921937 -40.815050 -28.485500 -35.078063 2.858705 -146283.689327
923849363137.000000 0.007070 0.770797 0.773970 -34.396256 -4.921937 -40.815050 -29.474319 -35.078063 3.019319 -148721.909030
923849376871.000000 0.006611 0.777406 0.780477 -35.393553 -4.921937 -40.815050 -30.471617 -35.078063 3.175917 -151181.035166
923849390283.000000 0.006455 0.783860 0.787221 -36.399130 -4.921937 -40.815050 -31.477194 -35.078063 3.335190 -153660.576087
923849405579.000000 0.007362 0.791220 0.794707 -37.414150 -4.921937 -40.815050 -32.492213 -35.078063 3.524462 -156163.401005
923849421379.000000 0.007605 0.798823 0.802452 -38.438922 -4.921937 -40.815050 -33.516985 -35.078063 3.728073 -158690.274028
923849437597.000000 0.007807 0.806628 0.809938 -39.473707 -4.921937 -40.815050 -34.551770 -35.078063 3.945653 -161241.835971
923849451763.000000 0.006819 0.813444 0.816651 -40.000000 -4.921937 -40.815050 -35.078063 -35.078063 4.140226 -162539.564193
923849465803.000000 0.006758 0.820200 0.823813 -40.000000 -7.998147 -40.815050 -32.001853 -35.078063 4.317606 -162539.564193
923849482312.000000 0.007946 0.828153 0.832376 -40.000000 -7.998147 -41.116673 -32.001853 -32.001853 4.528205 -152386.627540
923849500169.000000 0.008595 0.836736 0.840267 -40.000000 -7.998147 -41.116673 -32.001853 -32.001853 4.758355 -152386.627540
923849515460.000000 0.007359 0.844093 0.847750 -40.000000 -7.998147 -41.116673 -32.001853 -32.001853 4.957150 -152386.627540
923849530147.000000 0.007069 0.851161 0.854129 -40.000000 -7.998147 -41.116673 -32.001853 -32.001853 5.149706 -152386.627540
923849545415.000000 0.007349 0.858508 0.862000 -40.000000 -7.998147 -41.116673 -32.001853 -32.001853 5.351605 -152386.627540
923849561095.000000 0.007547 0.866053 0.869172 -40.000000 -7.998147 -41.116673 -32.001853 -32.001853 5.560759 -152386.627540
923849576338.000000 0.007337 0.873388 0.876949 -40.000000 -7.998147 -41.116673 -32.001853 -32.001853 5.765821 -152386.627540
923849592602.000000 0.007828 0.881214 0.884683 -40.000000 -7.998147 -41.116673 -32.001853 -32.001853 5.986575 -152386.627540
923849607981.000000 0.007402 0.888614 0.891891 -40.000000 -7.998147 -41.116673 -32.001853 -32.001853 6.197073 -152386.627540
923849622751.000000 0.007109 0.895721 0.898474 -40.000000 -7.998147 -41.116673 -32.001853 -32.001853 6.400854 -152386.627540
923849634958.000000 0.005876 0.901595 0.904721 -40.000000 -7.998147 -41.116673 -32.001853 -32.001853 6.570388 -152386.627540
923849647886.000000 0.006222 0.907815 0.910501 -40.000000 -7.998147 -41.116673 -32.001853 -32.001853 6.751157 -152386.627540
923849660443.000000 0.006044 0.913858 0.916907 -40.000000 -7.998147 -41.116673 -32.001853 -32.001853 6.927908 -152386.627540
923849673787.000000 0.006423 0.920279 0.923493 -40.000000 -10.986466 -41.116673 -29.013534 -32.001853 7.099404 -152386.627540
923849688113.000000 0.006895 0.927174 0.930251 -40.000000 -10.986466 -41.501525 -29.013534 -29.013534 7.284896 -142331.928377
923849701260.000000 0.006328 0.933499 0.936334 -40.000000 -10.986466 -41.501525 -29.013534 -29.013534 7.456289 -142331.928377
923849713525.000000 0.005904 0.939401 0.942032 -40.000000 -10.986466 -41.501525 -29.013534 -29.013534 7.617197 -142331.928377
923849725401.000000 0.005717 0.945115 0.947689 -40.000000 -10.986466 -41.501525 -29.013534 -29.013534 7.773952 -142331.928377
923849737147.000000 0.005653 0.950766 0.953330 -40.000000 -10.986466 -41.501525 -29.013534 -29.013534 7.929892 -142331.928377
923849749450.000000 0.005921 0.956687 0.959368 -40.000000 -10.986466 -41.501525 -29.013534 -29.013534 8.094242 -142331.928377
923849761918.000000 0.006001 0.962687 0.965378 -40.000000 -10.986466 -41.501525 -29.013534 -29.013534 8.261867 -142331.928377
923849774071.000000 0.005849 0.968535 0.971597 -40.000000 -10.986466 -41.501525 -29.013534 -29.013534 8.426238 -142331.928377
923849787699.000000 0.006559 0.975093 0.978386 -40.000000 -10.986466 -41.501525 -29.013534 -29.013534 8.611802 -142331.928377
923849802598.000000 0.007172 0.982262 0.985513 -40.000000 -10.986466 -41.501525 -29.013534 -29.013534 8.816187 -142331.928377
923849816587.000000 0.006733 0.988993 0.991672 -40.000000 -10.986466 -41.501525 -29.013534 -29.013534 9.009380 -142331.928377
923849829265.000000 0.006102 0.995094 0.998642 -40.000000 -10.986466 -41.501525 -29.013534 -29.013534 9.185566 -142331.928377
923849845211.000000 0.007675 1.002768 1.005942 -40.000000 -10.986466 -41.501525 -29.013534 -29.013534 9.408861 -142331.928377
923849859000.000000 0.006637 1.009402 1.012706 -40.000000 -10.986466 -41.501525 -29.013534 -29.013534 9.603223 -142331.928377
923849874403.000000 0.007414 1.016814 1.019944 -40.000000 -10.986466 -41.501525 -29.013534 -29.013534 9.821938 -142331.928377
923849890156.000000 0.007582 1.024395 1.028396 -40.000000 -14.941593 -41.866592 -25.058407 -25.058407 10.016569 -129825.899763
923849906740.000000 0.007982 1.032376 1.035233 -40.000000 -14.941593 -41.866592 -25.058407 -25.058407 10.223074 -129825.899763
923849920248.000000 0.006502 1.038875 1.042215 -40.000000 -14.941593 -41.866592 -25.058407 -25.058407 10.392334 -129825.899763
923849934170.000000 0.006701 1.045573 1.048448 -40.000000 -14.941593 -41.866592 -25.058407 -25.058407 10.567905 -129825.899763
923849947126.000000 0.006236 1.051808 1.055360 -40.000000 -14.941593 -41.866592 -25.058407 -25.058407 10.732259 -129825.899763
923849962717.000000 0.007504 1.059311 1.062737 -40.000000 -14.941593 -41.866592 -25.058407 -25.058407 10.931455 -129825.899763
923849977776.000000 0.007248 1.066557 1.069975 -40.000000 -14.941593 -41.866592 -25.058407 -25.058407 11.125171 -129825.899763
923849992999.000000 0.007327 1.073882 1.076894 -40.000000 -14.941593 -41.866592 -25.058407 -25.058407 11.322342 -129825.899763
923850006497.000000 0.006497 1.080377 1.083333 -40.000000 -14.941593 -41.866592 -25.058407 -25.058407 11.498234 -129825.899763
923850020957.000000 0.006960 1.087335 1.090352 -40.000000 -14.941593 -41.866592 -25.058407 -25.058407 11.687871 -129825.899763
923850035936.000000 0.007210 1.094545 1.098707 -40.000000 -14.941593 -41.866592 -25.058407 -25.058407 11.885629 -129825.899763
923850053336.000000 0.008375 1.102916 1.106573 -40.000000 -14.941593 -41.866592 -25.058407 -25.058407 12.117095 -129825.899763
923850068768.000000 0.007428 1.110341 1.113747 -40.000000 -14.941593 -41.866592 -25.058407 -25.058407 12.323758 -129825.899763
923850084022.000000 0.007342 1.117681 1.121084 -40.000000 -14.941593 -41.866592 -25.058407 -25.058407 12.529375 -129825.899763
923850100919.000000 0.008133 1.125813 1.129769 -40.000000 -18.984612 -42.235723 -21.015388 -21.015388 12.721800 -118646.977726
923850117186.000000 0.007830 1.133640 1.137448 -40.000000 -18.984612 -42.235723 -21.015388 -21.015388 12.908340 -118646.977726
923850132020.000000 0.007139 1.140777 1.144142 -40.000000 -18.984612 -42.235723 -21.015388 -21.015388 13.079500 -118646.977726
923850146668.000000 0.007050 1.147826 1.150821 -40.000000 -18.984612 -42.235723 -21.015388 -21.015388 13.249570 -118646.977726
923850161630.000000 0.007202 1.155026 1.158675 -40.000000 -18.984612 -42.235723 -21.015388 -21.015388 13.424375 -118646.977726
923850178091.000000 0.007923 1.162947 1.166576 -40.000000 -18.984612 -42.235723 -21.015388 -21.015388 13.618007 -118646.977726
923850194075.000000 0.007693 1.170637 1.173881 -40.000000 -18.984612 -42.235723 -21.015388 -21.015388 13.807261 -118646.977726
923850208556.000000 0.006970 1.177606 1.180525 -40.000000 -18.984612 -42.235723 -21.015388 -21.015388 13.979755 -118646.977726
923850222384.000000 0.006656 1.184259 1.187515 -40.000000 -18.984612 -42.235723 -21.015388 -21.015388 14.145403 -118646.977726
923850237118.000000 0.007092 1.191349 1.194632 -40.000000 -18.984612 -42.235723 -21.015388 -21.015388 14.322959 -118646.977726
923850250795.000000 0.006583 1.197931 1.201401 -40.000000 -18.984612 -42.235723 -21.015388 -21.015388 14.488690 -118646.977726
923850265530.000000 0.007092 1.205023 1.208312 -40.000000 -18.984612 -42.235723 -21.015388 -21.015388 14.668295 -118646.977726
923850280351.000000 0.007134 1.212154 1.215136 -40.000000 -18.984612 -42.235723 -21.015388 -21.015388 14.850030 -118646.977726
923850293368.000000 0.006266 1.218417 1.221260 -40.000000 -18.984612 -42.235723 -21.015388 -21.015388 15.010464 -118646.977726
923850308801.000000 0.007429 1.225845 1.230390 -40.000000 -22.939740 -42.608909 -17.060260 -17.060260 15.165821 -107983.093592
923850328074.000000 0.009276 1.235118 1.237988 -40.000000 -22.939740 -42.608909 -17.060260 -17.060260 15.361278 -107983.093592
923850343493.000000 0.007422 1.242538 1.247048 -40.000000 -22.939740 -42.608909 -17.060260 -17.060260 15.518607 -107983.093592
923850365187.000000 0.010441 1.252976 1.258668 -40.000000 -22.939740 -42.608909 -17.060260 -17.060260 15.741793 -107983.093592
923850386401.000000 0.010210 1.263184 1.267279 -40.000000 -22.939740 -42.608909 -17.060260 -17.060260 15.961830 -107983.093592
923850403729.000000 0.008340 1.271522 1.275427 -40.000000 -22.939740 -42.608909 -17.060260 -17.060260 16.142746 -107983.093592
923850421367.000000 0.008489 1.280010 1.283891 -40.000000 -22.939740 -42.608909 -17.060260 -17.060260 16.328127 -107983.093592
923850439417.000000 0.008687 1.288695 1.292502 -40.000000 -22.939740 -42.608909 -17.060260 -17.060260 16.519124 -107983.093592
923850456593.000000 0.008267 1.296961 1.300462 -40.000000 -22.939740 -42.608909 -17.060260 -17.060260 16.702052 -107983.093592
923850473559.000000 0.008166 1.305124 1.309329 -40.000000 -22.939740 -42.608909 -17.060260 -17.060260 16.883870 -107983.093592
923850492950.000000 0.009333 1.314455 1.318408 -40.000000 -22.939740 -42.608909 -17.060260 -17.060260 17.093166 -107983.093592
923850512381.000000 0.009352 1.323806 1.327905 -40.000000 -27.949568 -42.967495 -12.050432 -12.050432 17.242353 -94637.833373
923850531415.000000 0.009161 1.332964 1.337291 -40.000000 -27.949568 -42.967495 -12.050432 -12.050432 17.389503 -94637.833373
923850549614.000000 0.008760 1.341721 1.345578 -40.000000 -27.949568 -42.967495 -12.050432 -12.050432 17.531131 -94637.833373
923850566783.000000 0.008264 1.349982 1.353864 -40.000000 -27.949568 -42.967495 -12.050432 -12.050432 17.665561 -94637.833373
923850584902.000000 0.008722 1.358702 1.363132 -40.000000 -27.949568 -42.967495 -12.050432 -12.050432 17.808359 -94637.833373
923850604290.000000 0.009332 1.368032 1.372123 -40.000000 -27.949568 -42.967495 -12.050432 -12.050432 17.962205 -94637.833373
923850623766.000000 0.009374 1.377403 1.381486 -40.000000 -27.949568 -42.967495 -12.050432 -12.050432 18.117799 -94637.833373
923850643055.000000 0.009285 1.386685 1.391115 -40.000000 -27.949568 -42.967495 -12.050432 -12.050432 18.272946 -94637.833373
923850662881.000000 0.009543 1.396225 1.400982 -40.000000 -27.949568 -42.967495 -12.050432 -12.050432 18.433508 -94637.833373
923850683238.000000 0.009798 1.406020 1.410261 -40.000000 -27.949568 -42.967495 -12.050432 -12.050432 18.599517 -94637.833373
923850702827.000000 0.009428 1.415446 1.419313 -40.000000 -27.949568 -42.967495 -12.050432 -12.050432 18.760336 -94637.833373
923850724384.000000 0.010375 1.425819 1.430175 -40.000000 -30.937887 -43.289481 -9.062113 -9.062113 18.894397 -88201.058685
923850743238.000000 0.009075 1.434892 1.438842 -40.000000 -30.937887 -43.289481 -9.062113 -9.062113 19.012398 -88201.058685
923850760904.000000 0.008503 1.443392 1.447141 -40.000000 -30.937887 -43.289481 -9.062113 -9.062113 19.123621 -88201.058685
923850778509.000000 0.008473 1.451863 1.455815 -40.000000 -30.937887 -43.289481 -9.062113 -9.062113 19.235104 -88201.058685
923850796897.000000 0.008851 1.460712 1.464659 -40.000000 -30.937887 -43.289481 -9.062113 -9.062113 19.352260 -88201.058685
923850814241.000000 0.008348 1.469056 1.472732 -40.000000 -30.937887 -43.289481 -9.062113 -9.062113 19.463391 -88201.058685
923850830514.000000 0.007832 1.476888 1.480484 -40.000000 -30.937887 -43.289481 -9.062113 -9.062113 19.568217 -88201.058685
923850846599.000000 0.007743 1.484628 1.487749 -40.000000 -30.937887 -43.289481 -9.062113 -9.062113 19.672388 -88201.058685
923850860450.000000 0.006666 1.491292 1.493861 -40.000000 -30.937887 -43.289481 -9.062113 -9.062113 19.762480 -88201.058685
923850872029.000000 0.005573 1.496863 1.499361 -40.000000 -30.937887 -43.289481 -9.062113 -9.062113 19.838079 -88201.058685
923850884068.000000 0.005795 1.502656 1.505145 -40.000000 -30.937887 -43.289481 -9.062113 -9.062113 19.916984 -88201.058685
923850895833.000000 0.005663 1.508318 1.511124 -40.000000 -30.937887 -43.289481 -9.062113 -9.062113 19.994391 -88201.058685
923850908472.000000 0.006084 1.514399 1.517118 -40.000000 -30.937887 -43.289481 -9.062113 -9.062113 20.077882 -88201.058685
923850920877.000000 0.005971 1.520369 1.523893 -40.000000 -34.980906 -43.289481 -5.019094 -9.062113 20.123447 -88201.058685
923850936416.000000 0.007479 1.527846 1.531072 -40.000000 -34.980906 -43.576070 -5.019094 -5.019094 20.180800 -75269.998856
923850950291.000000 0.006679 1.534524 1.537430 -40.000000 -34.980906 -43.576070 -5.019094 -5.019094 20.232244 -75269.998856
923850963899.000000 0.006550 1.541071 1.543958 -40.000000 -34.980906 -43.576070 -5.019094 -5.019094 20.282907 -75269.998856
923850977495.000000 0.006545 1.547614 1.550587 -40.000000 -34.980906 -43.576070 -5.019094 -5.019094 20.333744 -75269.998856
923850990809.000000 0.006409 1.554019 1.557287 -40.000000 -34.980906 -43.576070 -5.019094 -5.019094 20.383728 -75269.998856
923851005463.000000 0.007053 1.561071 1.563981 -40.000000 -34.980906 -43.576070 -5.019094 -5.019094 20.438992 -75269.998856
923851018813.000000 0.006425 1.567496 1.570339 -40.000000 -34.980906 -43.576070 -5.019094 -5.019094 20.489543 -75269.998856
923851032649.000000 0.006660 1.574153 1.576892 -40.000000 -34.980906 -43.576070 -5.019094 -5.019094 20.542160 -75269.998856
923851045298.000000 0.006088 1.580239 1.583135 -40.000000 -34.980906 -43.576070 -5.019094 -5.019094 20.590447 -75269.998856
923851058429.000000 0.006320 1.586558 1.590102 -40.000000 -34.980906 -43.576070 -5.019094 -5.019094 20.640777 -75269.998856
923851073307.000000 0.007161 1.593717 1.596982 -40.000000 -34.980906 -43.576070 -5.019094 -5.019094 20.698055 -75269.998856
923851088105.000000 0.007123 1.600838 1.603802 -40.000000 -34.980906 -43.576070 -5.019094 -5.019094 20.755283 -75269.998856
923851102196.000000 0.006783 1.607619 1.610828 -40.000000 -34.980906 -43.576070 -5.019094 -5.019094 20.810017 -75269.998856
923851116551.000000 0.006909 1.614525 1.617759 -40.000000 -34.980906 -43.576070 -5.019094 -5.019094 20.866003 -75269.998856
923851130026.000000 0.006486 1.621009 1.625210 -40.000000 -37.969225 -43.777856 -2.030775 -2.030775 20.887353 -68483.169741
923851148007.000000 0.008655 1.629663 1.632958 -40.000000 -37.969225 -43.777856 -2.030775 -2.030775 20.915995 -68483.169741
923851162871.000000 0.007154 1.636815 1.639678 -40.000000 -37.969225 -43.777856 -2.030775 -2.030775 20.939775 -68483.169741
923851176194.000000 0.006413 1.643226 1.646604 -40.000000 -37.969225 -43.777856 -2.030775 -2.030775 20.961175 -68483.169741
923851190915.000000 0.007086 1.650309 1.653343 -40.000000 -37.969225 -43.777856 -2.030775 -2.030775 20.984921 -68483.169741
923851204552.000000 0.006564 1.656871 1.659851 -40.000000 -37.969225 -43.777856 -2.030775 -2.030775 21.007007 -68483.169741
923851219779.000000 0.007329 1.664198 1.667134 -40.000000 -37.969225 -43.777856 -2.030775 -2.030775 21.031777 -68483.169741
923851232609.000000 0.006176 1.670372 1.673243 -40.000000 -37.969225 -43.777856 -2.030775 -2.030775 21.052727 -68483.169741
923851245373.000000 0.006144 1.676514 1.679341 -40.000000 -37.969225 -43.777856 -2.030775 -2.030775 21.073644 -68483.169741
923851257986.000000 0.006071 1.682583 1.686031 -40.000000 -37.969225 -43.777856 -2.030775 -2.030775 21.094389 -68483.169741
923851273525.000000 0.007479 1.690061 1.693394 -40.000000 -37.969225 -43.777856 -2.030775 -2.030775 21.120059 -68483.169741
923851288310.000000 0.007117 1.697183 1.700450 -40.000000 -37.969225 -43.777856 -2.030775 -2.030775 21.144589 -68483.169741
923851302510.000000 0.006834 1.704007 1.706728 -40.000000 -37.969225 -43.777856 -2.030775 -2.030775 21.168239 -68483.169741
923851315054.000000 0.006038 1.710044 1.713525 -40.000000 -37.969225 -43.777856 -2.030775 -2.030775 21.189208 -68483.169741
923851328683.000000 0.006560 1.716602 1.719368 -40.000000 -37.969225 -43.777856 -2.030775 -2.030775 21.212075 -68483.169741
923851341196.000000 0.006023 1.722624 1.725975 -40.000000 -40.957544 -43.939506 0.957544 0.957544 21.222009 -61824.136432
923851354593.000000 0.006448 1.729070 1.731812 -40.000000 -40.957544 -43.939506 0.957544 0.957544 21.232686 -61824.136432
923851367764.000000 0.006339 1.735407 1.737843 -40.000000 -40.957544 -43.939506 0.957544 0.957544 21.243219 -61824.136432
923851378571.000000 0.005201 1.740607 1.743037 -40.000000 -40.957544 -43.939506 0.957544 0.957544 21.251888 -61824.136432
923851389238.000000 0.005134 1.745740 1.748257 -40.000000 -40.957544 -43.939506 0.957544 0.957544 21.260471 -61824.136432
923851401221.000000 0.005768 1.751506 1.754053 -40.000000 -40.957544 -43.939506 0.957544 0.957544 21.270144 -61824.136432
923851412338.000000 0.005351 1.756855 1.759250 -40.000000 -40.957544 -43.939506 0.957544 0.957544 21.279145 -61824.136432
923851423096.000000 0.005178 1.762032 1.764515 -40.000000 -40.957544 -43.939506 0.957544 0.957544 21.287882 -61824.136432
923851434511.000000 0.005494 1.767525 1.769973 -40.000000 -40.957544 -43.939506 0.957544 0.957544 21.297181 -61824.136432
923851445553.000000 0.005315 1.772838 1.775348 -40.000000 -40.957544 -43.939506 0.957544 0.957544 21.306203 -61824.136432
923851456628.000000 0.005331 1.778167 1.780551 -40.000000 -40.957544 -43.939506 0.957544 0.957544 21.315279 -61824.136432
923851467856.000000 0.005405 1.783570 1.786010 -40.000000 -40.957544 -43.939506 0.957544 0.957544 21.324510 -61824.136432
923851478610.000000 0.005176 1.788745 1.791202 -40.000000 -40.957544 -43.939506 0.957544 0.957544 21.333376 -61824.136432
923851490034.000000 0.005499 1.794242 1.796662 -40.000000 -40.957544 -43.939506 0.957544 0.957544 21.342823 -61824.136432
923851500959.000000 0.005259 1.799499 1.801982 -40.000000 -40.957544 -43.939506 0.957544 0.957544 21.351884 -61824.136432
923851512228.000000 0.005424 1.804921 1.807330 -40.000000 -40.957544 -43.939506 0.957544 0.957544 21.361258 -61824.136432
923851523018.000000 0.005194 1.810113 1.812547 -40.000000 -40.957544 -43.939506 0.957544 0.957544 21.370260 -61824.136432
923851533722.000000 0.005152 1.815264 1.817629 -40.000000 -40.957544 -43.939506 0.957544 0.957544 21.379215 -61824.136432
923851544491.000000 0.005183 1.820447 1.823189 -40.000000 -38.936034 -43.939506 -1.063966 0.957544 21.389254 -61824.136432
923851557467.000000 0.006246 1.826691 1.829634 -40.000000 -38.936034 -44.008290 -1.063966 -1.063966 21.401393 -74311.967304
923851569847.000000 0.005959 1.832647 1.835150 -40.000000 -38.936034 -44.008290 -1.063966 -1.063966 21.413012 -74311.967304
923851581214.000000 0.005471 1.838117 1.840690 -40.000000 -38.936034 -44.008290 -1.063966 -1.063966 21.423712 -74311.967304
923851592852.000000 0.005602 1.843718 1.846264 -40.000000 -38.936034 -44.008290 -1.063966 -1.063966 21.434700 -74311.967304
923851604311.000000 0.005515 1.849232 1.852042 -40.000000 -38.936034 -44.008290 -1.063966 -1.063966 21.445552 -74311.967304
923851616151.000000 0.005699 1.854928 1.857378 -40.000000 -38.936034 -44.008290 -1.063966 -1.063966 21.456800 -74311.967304
923851627215.000000 0.005325 1.860252 1.862834 -40.000000 -38.936034 -44.008290 -1.063966 -1.063966 21.467340 -74311.967304
923851638880.000000 0.005615 1.865865 1.868426 -40.000000 -38.936034 -44.008290 -1.063966 -1.063966 21.478486 -74311.967304
923851650560.000000 0.005621 1.871485 1.874042 -40.000000 -38.936034 -44.008290 -1.063966 -1.063966 21.489679 -74311.967304
923851661870.000000 0.005444 1.876928 1.879434 -40.000000 -38.936034 -44.008290 -1.063966 -1.063966 21.500550 -74311.967304
923851673572.000000 0.005632 1.882559 1.885082 -40.000000 -38.936034 -44.008290 -1.063966 -1.063966 21.511832 -74311.967304
923851684854.000000 0.005430 1.887988 1.890441 -40.000000 -38.936034 -44.008290 -1.063966 -1.063966 21.522740 -74311.967304
923851695964.000000 0.005347 1.893334 1.896009 -40.000000 -38.936034 -44.008290 -1.063966 -1.063966 21.533512 -74311.967304
923851707997.000000 0.005792 1.899124 1.901632 -40.000000 -38.936034 -44.008290 -1.063966 -1.063966 21.545215 -74311.967304
923851719190.000000 0.005387 1.904510 1.907037 -40.000000 -38.936034 -44.008290 -1.063966 -1.063966 21.556131 -74311.967304
923851730586.000000 0.005485 1.909994 1.912387 -40.000000 -38.936034 -44.008290 -1.063966 -1.063966 21.567278 -74311.967304
923851741414.000000 0.005212 1.915204 1.917725 -40.000000 -38.936034 -44.008290 -1.063966 -1.063966 21.577898 -74311.967304
923851752382.000000 0.005279 1.920482 1.923177 -40.000000 -35.947715 -44.008290 -4.052285 -1.063966 21.618982 -74311.967304
923851765584.000000 0.006355 1.926835 1.929503 -40.000000 -35.947715 -44.208842 -4.052285 -4.052285 21.668600 -81169.585029
923851777161.000000 0.005573 1.932405 1.934907 -40.000000 -35.947715 -44.208842 -4.052285 -4.052285 21.712237 -81169.585029
923851788294.000000 0.005359 1.937763 1.940180 -40.000000 -35.947715 -44.208842 -4.052285 -4.052285 21.754318 -81169.585029
923851799311.000000 0.005303 1.943064 1.945610 -40.000000 -35.947715 -44.208842 -4.052285 -4.052285 21.796071 -81169.585029
923851810367.000000 0.005322 1.948384 1.950777 -40.000000 -35.947715 -44.208842 -4.052285 -4.052285 21.838091 -81169.585029
923851821342.000000 0.005283 1.953665 1.956131 -40.000000 -35.947715 -44.208842 -4.052285 -4.052285 21.879911 -81169.585029
923851832260.000000 0.005255 1.958918 1.961341 -40.000000 -35.947715 -44.208842 -4.052285 -4.052285 21.921627 -81169.585029
923851843382.000000 0.005353 1.964270 1.966676 -40.000000 -35.947715 -44.208842 -4.052285 -4.052285 21.964238 -81169.585029
923851854368.000000 0.005288 1.969556 1.971992 -40.000000 -35.947715 -44.208842 -4.052285 -4.052285 22.006441 -81169.585029
923851865306.000000 0.005265 1.974820 1.977239 -40.000000 -35.947715 -44.208842 -4.052285 -4.052285 22.048572 -81169.585029
923851876070.000000 0.005181 1.979999 1.982475 -40.000000 -35.947715 -44.208842 -4.052285 -4.052285 22.090142 -81169.585029
923851887216.000000 0.005365 1.985363 1.987798 -40.000000 -35.947715 -44.208842 -4.052285 -4.052285 22.133303 -81169.585029
923851898186.000000 0.005280 1.990641 1.993172 -40.000000 -35.947715 -44.208842 -4.052285 -4.052285 22.175896 -81169.585029
923851909191.000000 0.005297 1.995937 1.998341 -40.000000 -35.947715 -44.208842 -4.052285 -4.052285 22.218742 -81169.585029
923851919951.000000 0.005179 2.001114 2.003619 -40.000000 -35.947715 -44.208842 -4.052285 -4.052285 22.260739 -81169.585029
923851931023.000000 0.005329 2.006443 2.008925 -40.000000 -35.947715 -44.208842 -4.052285 -4.052285 22.304069 -81169.585029
923851942333.000000 0.005444 2.011885 2.014332 -40.000000 -35.947715 -44.208842 -4.052285 -4.052285 22.348451 -81169.585029
923851953294.000000 0.005276 2.017159 2.019558 -40.000000 -35.947715 -44.208842 -4.052285 -4.052285 22.391576 -81169.585029
923851965612.000000 0.005931 2.023089 2.028684 -40.000000 -32.959397 -44.475764 -7.040603 -7.040603 22.476051 -87723.972444
923851985906.000000 0.009768 2.032853 2.036411 -40.000000 -32.959397 -44.475764 -7.040603 -7.040603 22.615851 -87723.972444
923852001690.000000 0.007597 2.040448 2.043751 -40.000000 -32.959397 -44.475764 -7.040603 -7.040603 22.724991 -87723.972444
923852016825.000000 0.007285 2.047731 2.051084 -40.000000 -32.959397 -44.475764 -7.040603 -7.040603 22.830024 -87723.972444
923852032135.000000 0.007369 2.055098 2.058478 -40.000000 -32.959397 -44.475764 -7.040603 -7.040603 22.936647 -87723.972444
923852047564.000000 0.007427 2.062522 2.065915 -40.000000 -32.959397 -44.475764 -7.040603 -7.040603 23.044493 -87723.972444
923852063168.000000 0.007510 2.070030 2.073525 -40.000000 -32.959397 -44.475764 -7.040603 -7.040603 23.153952 -87723.972444
923852078568.000000 0.007412 2.077441 2.080862 -40.000000 -32.959397 -44.475764 -7.040603 -7.040603 23.262367 -87723.972444
923852094666.000000 0.007748 2.085196 2.088571 -40.000000 -32.959397 -44.475764 -7.040603 -7.040603 23.376118 -87723.972444
923852110222.000000 0.007488 2.092673 2.096193 -40.000000 -32.959397 -44.475764 -7.040603 -7.040603 23.486441 -87723.972444
923852125806.000000 0.007501 2.100171 2.103620 -40.000000 -32.959397 -44.475764 -7.040603 -7.040603 23.597352 -87723.972444
923852141518.000000 0.007562 2.107732 2.111286 -40.000000 -32.959397 -44.475764 -7.040603 -7.040603 23.709569 -87723.972444
923852157318.000000 0.007605 2.115334 2.119022 -40.000000 -32.959397 -44.475764 -7.040603 -7.040603 23.822828 -87723.972444
923852176270.000000 0.009122 2.124455 2.128962 -40.000000 -30.937887 -44.957749 -9.062113 -9.062113 23.998454 -88960.841626
923852197031.000000 0.009992 2.134445 2.137925 -40.000000 -30.937887 -44.957749 -9.062113 -9.062113 24.191733 -88960.841626
923852212817.000000 0.007599 2.142042 2.145477 -40.000000 -30.937887 -44.957749 -9.062113 -9.062113 24.339231 -88960.841626
923852228197.000000 0.007403 2.149441 2.153058 -40.000000 -30.937887 -44.957749 -9.062113 -9.062113 24.483423 -88960.841626
923852244103.000000 0.007656 2.157095 2.160495 -40.000000 -30.937887 -44.957749 -9.062113 -9.062113 24.633077 -88960.841626
923852259787.000000 0.007549 2.164642 2.168159 -40.000000 -30.937887 -44.957749 -9.062113 -9.062113 24.781159 -88960.841626
923852275900.000000 0.007756 2.172396 2.175939 -40.000000 -30.937887 -44.957749 -9.062113 -9.062113 24.933844 -88960.841626
923852291667.000000 0.007589 2.179983 2.183341 -40.000000 -30.937887 -44.957749 -9.062113 -9.062113 25.083774 -88960.841626
923852306852.000000 0.007309 2.187290 2.190817 -40.000000 -30.937887 -44.957749 -9.062113 -9.062113 25.228655 -88960.841626
923852323592.000000 0.008057 2.195344 2.198754 -40.000000 -30.937887 -44.957749 -9.062113 -9.062113 25.388946 -88960.841626
923852339409.000000 0.007613 2.202955 2.206330 -40.000000 -30.937887 -44.957749 -9.062113 -9.062113 25.540927 -88960.841626
923852355205.000000 0.007603 2.210556 2.213983 -40.000000 -30.937887 -44.957749 -9.062113 -9.062113 25.693229 -88960.841626
923852370489.000000 0.007356 2.217910 2.221260 -40.000000 -30.937887 -44.957749 -9.062113 -9.062113 25.841086 -88960.841626
923852393067.000000 0.010866 2.228775 2.232319 -40.000000 -29.971078 -45.537462 -10.028922 -10.028922 26.083971 -88149.820485
923852408440.000000 0.007399 2.236172 2.239456 -40.000000 -29.971078 -45.537462 -10.028922 -10.028922 26.249911 -88149.820485
923852423675.000000 0.007333 2.243504 2.246824 -40.000000 -29.971078 -45.537462 -10.028922 -10.028922 26.414900 -88149.820485
923852438669.000000 0.007217 2.250718 2.254152 -40.000000 -29.971078 -45.537462 -10.028922 -10.028922 26.577802 -88149.820485
923852453920.000000 0.007341 2.258056 2.261560 -40.000000 -29.971078 -45.537462 -10.028922 -10.028922 26.744036 -88149.820485
923852469682.000000 0.007586 2.265641 2.269026 -40.000000 -29.971078 -45.537462 -10.028922 -10.028922 26.916415 -88149.820485
923852485180.000000 0.007459 2.273099 2.276427 -40.000000 -29.971078 -45.537462 -10.028922 -10.028922 27.086466 -88149.820485
923852500498.000000 0.007373 2.280470 2.283923 -40.000000 -29.971078 -45.537462 -10.028922 -10.028922 27.255087 -88149.820485
923852515704.000000 0.007319 2.287787 2.291202 -40.000000 -29.971078 -45.537462 -10.028922 -10.028922 27.423024 -88149.820485
923852530881.000000 0.007304 2.295089 2.298344 -40.000000 -29.971078 -45.537462 -10.028922 -10.028922 27.591154 -88149.820485
923852546187.000000 0.007368 2.302456 2.306654 -40.000000 -29.971078 -45.537462 -10.028922 -10.028922 27.761278 -88149.820485
923852564207.000000 0.008673 2.311127 2.315411 -40.000000 -29.971078 -45.537462 -10.028922 -10.028922 27.962302 -88149.820485
923852583412.000000 0.009243 2.320368 2.326955 -40.000000 -30.937887 -46.259021 -9.062113 -9.062113 28.156663 -78307.588525
923852610913.000000 0.013235 2.333602 2.337508 -40.000000 -30.937887 -46.259021 -9.062113 -9.062113 28.436553 -78307.588525
923852631506.000000 0.009911 2.343510 2.347555 -40.000000 -30.937887 -46.259021 -9.062113 -9.062113 28.647036 -78307.588525
923852649800.000000 0.008806 2.352315 2.356540 -40.000000 -30.937887 -46.259021 -9.062113 -9.062113 28.834760 -78307.588525
923852669287.000000 0.009379 2.361690 2.365930 -40.000000 -30.937887 -46.259021 -9.062113 -9.062113 29.035486 -78307.588525
923852688114.000000 0.009061 2.370749 2.374959 -40.000000 -30.937887 -46.259021 -9.062113 -9.062113 29.230160 -78307.588525
923852706032.000000 0.008624 2.379372 2.383340 -40.000000 -30.937887 -46.259021 -9.062113 -9.062113 29.416110 -78307.588525
923852723694.000000 0.008501 2.387871 2.391747 -40.000000 -30.937887 -46.259021 -9.062113 -9.062113 29.600069 -78307.588525
923852740406.000000 0.008044 2.395912 2.399185 -40.000000 -30.937887 -46.259021 -9.062113 -9.062113 29.774712 -78307.588525
923852755990.000000 0.007501 2.403411 2.407024 -40.000000 -30.937887 -46.259021 -9.062113 -9.062113 29.938080 -78307.588525
923852773416.000000 0.008388 2.411796 2.415654 -40.000000 -30.937887 -46.259021 -9.062113 -9.062113 30.121400 -78307.588525
923852789816.000000 0.007894 2.419688 2.423536 -40.000000 -32.959397 -46.259021 -7.040603 -9.062113 30.255882 -78307.588525
923852808344.000000 0.008918 2.428604 2.432409 -40.000000 -32.959397 -46.952439 -7.040603 -7.040603 30.408368 -71508.644500
923852824643.000000 0.007844 2.436445 2.439806 -40.000000 -32.959397 -46.952439 -7.040603 -7.040603 30.542931 -71508.644500
923852842238.000000 0.008468 2.444913 2.449159 -40.000000 -32.959397 -46.952439 -7.040603 -7.040603 30.688705 -71508.644500
923852864313.000000 0.010624 2.455535 2.460611 -40.000000 -32.959397 -46.952439 -7.040603 -7.040603 30.872381 -71508.644500
923852887759.000000 0.011284 2.466818 2.472140 -40.000000 -32.959397 -46.952439 -7.040603 -7.040603 31.068368 -71508.644500
923852910238.000000 0.010819 2.477634 2.481930 -40.000000 -32.959397 -46.952439 -7.040603 -7.040603 31.257097 -71508.644500
923852931755.000000 0.010356 2.487988 2.492410 -40.000000 -32.959397 -46.952439 -7.040603 -7.040603 31.438498 -71508.644500
923852952271.000000 0.009874 2.497859 2.503021 -40.000000 -32.959397 -46.952439 -7.040603 -7.040603 31.612147 -71508.644500
923852973966.000000 0.010442 2.508299 2.512853 -40.000000 -32.959397 -46.952439 -7.040603 -7.040603 31.796550 -71508.644500
923852995136.000000 0.010188 2.518486 2.522468 -40.000000 -32.959397 -46.952439 -7.040603 -7.040603 31.977205 -71508.644500
923853018663.000000 0.011323 2.529807 2.535138 -40.000000 -34.980906 -47.643373 -5.019094 -5.019094 32.120976 -63551.714539
923853041990.000000 0.011227 2.541032 2.546056 -40.000000 -34.980906 -47.643373 -5.019094 -5.019094 32.264164 -63551.714539
923853067305.000000 0.012184 2.553213 2.557796 -40.000000 -34.980906 -47.643373 -5.019094 -5.019094 32.420297 -63551.714539
923853088722.000000 0.010308 2.563519 2.568198 -40.000000 -34.980906 -47.643373 -5.019094 -5.019094 32.552920 -63551.714539
923853111240.000000 0.010838 2.574355 2.578400 -40.000000 -34.980906 -47.643373 -5.019094 -5.019094 32.692962 -63551.714539
923853129364.000000 0.008724 2.583076 2.587418 -40.000000 -34.980906 -47.643373 -5.019094 -5.019094 32.806060 -63551.714539
923853149687.000000 0.009781 2.592855 2.597253 -40.000000 -34.980906 -47.643373 -5.019094 -5.019094 32.933350 -63551.714539
923853168694.000000 0.009148 2.602001 2.605832 -40.000000 -34.980906 -47.643373 -5.019094 -5.019094 33.052826 -63551.714539
923853185749.000000 0.008209 2.610211 2.614237 -40.000000 -34.980906 -47.643373 -5.019094 -5.019094 33.160372 -63551.714539
923853203434.000000 0.008512 2.618717 2.623080 -40.000000 -35.947715 -47.643373 -4.052285 -5.019094 33.250698 -63551.714539
923853221509.000000 0.008699 2.627415 2.630546 -40.000000 -35.947715 -48.304078 -4.052285 -4.052285 33.343321 -61377.882888
923853235433.000000 0.006702 2.634115 2.637113 -40.000000 -35.947715 -48.304078 -4.052285 -4.052285 33.414860 -61377.882888
923853249259.000000 0.006655 2.640767 2.643647 -40.000000 -35.947715 -48.304078 -4.052285 -4.052285 33.486075 -61377.882888
923853262421.000000 0.006336 2.647102 2.650068 -40.000000 -35.947715 -48.304078 -4.052285 -4.052285 33.554039 -61377.882888
923853275902.000000 0.006488 2.653587 2.656593 -40.000000 -35.947715 -48.304078 -4.052285 -4.052285 33.623809 -61377.882888
923853289755.000000 0.006667 2.660253 2.663306 -40.000000 -35.947715 -48.304078 -4.052285 -4.052285 33.695684 -61377.882888
923853304569.000000 0.007130 2.667382 2.670267 -40.000000 -35.947715 -48.304078 -4.052285 -4.052285 33.772755 -61377.882888
923853318189.000000 0.006555 2.673936 2.676946 -40.000000 -35.947715 -48.304078 -4.052285 -4.052285 33.843785 -61377.882888
923853331678.000000 0.006492 2.680427 2.683375 -40.000000 -35.947715 -48.304078 -4.052285 -4.052285 33.914303 -61377.882888
923853345046.000000 0.006435 2.686860 2.689787 -40.000000 -35.947715 -48.304078 -4.052285 -4.052285 33.984367 -61377.882888
923853358659.000000 0.006552 2.693410 2.696353 -40.000000 -35.947715 -48.304078 -4.052285 -4.052285 34.055883 -61377.882888
923853372372.000000 0.006600 2.700008 2.703021 -40.000000 -35.947715 -48.304078 -4.052285 -4.052285 34.128095 -61377.882888
923853385842.000000 0.006484 2.706489 2.709668 -40.000000 -35.947715 -48.304078 -4.052285 -4.052285 34.199203 -61377.882888
923853399805.000000 0.006721 2.713216 2.716028 -40.000000 -35.947715 -48.304078 -4.052285 -4.052285 34.273102 -61377.882888
923853412812.000000 0.006260 2.719467 2.722317 -40.000000 -35.947715 -48.304078 -4.052285 -4.052285 34.342091 -61377.882888
923853427279.000000 0.006964 2.726430 2.729925 -40.000000 -37.969225 -48.996823 -2.030775 -2.030775 34.380648 -52595.189608
923853442396.000000 0.007276 2.733703 2.736825 -40.000000 -37.969225 -48.996823 -2.030775 -2.030775 34.421039 -52595.189608
923853456195.000000 0.006642 2.740343 2.743367 -40.000000 -37.969225 -48.996823 -2.030775 -2.030775 34.458001 -52595.189608
923853469725.000000 0.006512 2.746854 2.749828 -40.000000 -37.969225 -48.996823 -2.030775 -2.030775 34.494329 -52595.189608
923853483315.000000 0.006541 2.753393 2.756590 -40.000000 -37.969225 -48.996823 -2.030775 -2.030775 34.530905 -52595.189608
923853496885.000000 0.006532 2.759923 2.762924 -40.000000 -37.969225 -48.996823 -2.030775 -2.030775 34.567514 -52595.189608
923853510461.000000 0.006534 2.766455 2.769688 -40.000000 -37.969225 -48.996823 -2.030775 -2.030775 34.604223 -52595.189608
923853524569.000000 0.006791 2.773245 2.776674 -40.000000 -37.969225 -48.996823 -2.030775 -2.030775 34.642469 -52595.189608
923853539411.000000 0.007144 2.780386 2.783446 -40.000000 -37.969225 -48.996823 -2.030775 -2.030775 34.682805 -52595.189608
923853553136.000000 0.006606 2.786991 2.790101 -40.000000 -37.969225 -48.996823 -2.030775 -2.030775 34.720195 -52595.189608
923853566901.000000 0.006625 2.793614 2.796707 -40.000000 -37.969225 -48.996823 -2.030775 -2.030775 34.757780 -52595.189608
923853580405.000000 0.006499 2.800112 2.803265 -40.000000 -37.969225 -48.996823 -2.030775 -2.030775 34.794739 -52595.189608
923853594424.000000 0.006748 2.806858 2.810045 -40.000000 -37.969225 -48.996823 -2.030775 -2.030775 34.833201 -52595.189608
923853608232.000000 0.006646 2.813502 2.816782 -40.000000 -37.969225 -48.996823 -2.030775 -2.030775 34.871173 -52595.189608
923853622657.000000 0.006943 2.820443 2.823854 -40.000000 -38.936034 -48.996823 -1.063966 -2.030775 34.892008 -52595.189608
923853637990.000000 0.007380 2.827821 2.830947 -40.000000 -38.936034 -49.576761 -1.063966 -1.063966 34.914212 -50250.145109
923853651878.000000 0.006684 2.834504 2.837681 -40.000000 -38.936034 -49.576761 -1.063966 -1.063966 34.934371 -50250.145109
923853665457.000000 0.006536 2.841038 2.843996 -40.000000 -38.936034 -49.576761 -1.063966 -1.063966 34.954128 -50250.145109
923853678906.000000 0.006473 2.847510 2.851003 -40.000000 -38.936034 -49.576761 -1.063966 -1.063966 34.973740 -50250.145109
923853693666.000000 0.007105 2.854613 2.857786 -40.000000 -38.936034 -49.576761 -1.063966 -1.063966 34.995319 -50250.145109
923853707685.000000 0.006747 2.861358 2.865120 -40.000000 -38.936034 -49.576761 -1.063966 -1.063966 35.015860 -50250.145109
923853723303.000000 0.007517 2.868874 2.871906 -40.000000 -38.936034 -49.576761 -1.063966 -1.063966 35.038805 -50250.145109
923853737267.000000 0.006721 2.875593 2.878725 -40.000000 -38.936034 -49.576761 -1.063966 -1.063966 35.059368 -50250.145109
923853753314.000000 0.007724 2.883315 2.886423 -40.000000 -38.936034 -49.576761 -1.063966 -1.063966 35.083062 -50250.145109
923853766962.000000 0.006569 2.889883 2.892898 -40.000000 -38.936034 -49.576761 -1.063966 -1.063966 35.103259 -50250.145109
923853780892.000000 0.006704 2.896585 2.899724 -40.000000 -38.936034 -49.576761 -1.063966 -1.063966 35.123921 -50250.145109
923853796202.000000 0.007369 2.903953 2.907511 -40.000000 -38.936034 -49.576761 -1.063966 -1.063966 35.146689 -50250.145109
923853812807.000000 0.007992 2.911942 2.915802 -40.000000 -38.936034 -49.576761 -1.063966 -1.063966 35.171451 -50250.145109
923853828437.000000 0.007523 2.919463 2.922923 -40.000000 -38.936034 -49.576761 -1.063966 -1.063966 35.194818 -50250.145109
923853844596.000000 0.007778 2.927239 2.930710 -40.000000 -38.936034 -50.226879 -1.063966 -1.063966 35.219041 -50487.954428
923853859758.000000 0.007298 2.934536 2.937489 -40.000000 -38.936034 -50.226879 -1.063966 -1.063966 35.241827 -50487.954428
923853873182.000000 0.006462 2.940995 2.943947 -40.000000 -38.936034 -50.226879 -1.063966 -1.063966 35.262047 -50487.954428
923853886890.000000 0.006598 2.947590 2.950504 -40.000000 -38.936034 -50.226879 -1.063966 -1.063966 35.282739 -50487.954428
923853901343.000000 0.006957 2.954545 2.957752 -40.000000 -38.936034 -50.226879 -1.063966 -1.063966 35.304608 -50487.954428
923853915648.000000 0.006885 2.961428 2.964340 -40.000000 -38.936034 -50.226879 -1.063966 -1.063966 35.326301 -50487.954428
923853928923.000000 0.006389 2.967815 2.970771 -40.000000 -38.936034 -50.226879 -1.063966 -1.063966 35.346476 -50487.954428
923853943515.000000 0.007023 2.974838 2.977730 -40.000000 -38.936034 -50.226879 -1.063966 -1.063966 35.368705 -50487.954428
923853956840.000000 0.006414 2.981250 2.984139 -40.000000 -38.936034 -50.226879 -1.063966 -1.063966 35.389051 -50487.954428
923853970063.000000 0.006364 2.987612 2.990438 -40.000000 -38.936034 -50.226879 -1.063966 -1.063966 35.409281 -50487.954428
923853985311.000000 0.007339 2.994949 2.998779 -40.000000 -38.936034 -50.226879 -1.063966 -1.063966 35.432667 -50487.954428
923854001770.000000 0.007922 3.002870 3.006106 -40.000000 -38.936034 -50.226879 -1.063966 -1.063966 35.457977 -50487.954428
923854017783.000000 0.007707 3.010575 3.013847 -40.000000 -38.936034 -50.226879 -1.063966 -1.063966 35.482665 -50487.954428
923854031581.000000 0.006641 3.017215 3.020119 -40.000000 -38.936034 -50.226879 -1.063966 -1.063966 35.503985 -50487.954428
923854049385.000000 0.008570 3.025783 3.030566 -40.000000 -38.936034 -50.960534 -1.063966 -1.063966 35.531573 -50925.111167
923854067487.000000 0.008712 3.034492 3.038003 -40.000000 -38.936034 -50.960534 -1.063966 -1.063966 35.559702 -50925.111167
923854081804.000000 0.006891 3.041381 3.044418 -40.000000 -38.936034 -50.960534 -1.063966 -1.063966 35.582000 -50925.111167
923854095259.000000 0.006476 3.047856 3.050741 -40.000000 -38.936034 -50.960534 -1.063966 -1.063966 35.603001 -50925.111167
923854108590.000000 0.006417 3.054271 3.057413 -40.000000 -38.936034 -50.960534 -1.063966 -1.063966 35.623853 -50925.111167
923854122566.000000 0.006727 3.060995 3.064105 -40.000000 -38.936034 -50.960534 -1.063966 -1.063966 35.645760 -50925.111167
923854137136.000000 0.007013 3.068007 3.071113 -40.000000 -38.936034 -50.960534 -1.063966 -1.063966 35.668654 -50925.111167
923854150912.000000 0.006630 3.074635 3.077703 -40.000000 -38.936034 -50.960534 -1.063966 -1.063966 35.690344 -50925.111167
923854164512.000000 0.006546 3.081179 3.084424 -40.000000 -38.936034 -50.960534 -1.063966 -1.063966 35.711802 -50925.111167
923854178548.000000 0.006755 3.087934 3.090879 -40.000000 -38.936034 -50.960534 -1.063966 -1.063966 35.733997 -50925.111167
923854192992.000000 0.006952 3.094885 3.098291 -40.000000 -38.936034 -50.960534 -1.063966 -1.063966 35.756888 -50925.111167
923854219074.000000 0.012552 3.107435 3.111674 -40.000000 -38.936034 -50.960534 -1.063966 -1.063966 35.798389 -50925.111167
923854237360.000000 0.008801 3.116234 3.119262 -40.000000 -38.936034 -50.960534 -1.063966 -1.063966 35.827568 -50925.111167
923854251661.000000 0.006884 3.123116 3.126684 -40.000000 -36.914524 -51.794638 -3.085476 -3.085476 35.893908 -55941.678405
923854269112.000000 0.008399 3.131513 3.135206 -40.000000 -36.914524 -51.794638 -3.085476 -3.085476 35.975063 -55941.678405
923854284832.000000 0.007566 3.139077 3.142168 -40.000000 -36.914524 -51.794638 -3.085476 -3.085476 36.048341 -55941.678405
923854298620.000000 0.006636 3.145711 3.148676 -40.000000 -36.914524 -51.794638 -3.085476 -3.085476 36.112752 -55941.678405
923854312268.000000 0.006569 3.152278 3.155561 -40.000000 -36.914524 -51.794638 -3.085476 -3.085476 36.176641 -55941.678405
923854326852.000000 0.007020 3.159296 3.162390 -40.000000 -36.914524 -51.794638 -3.085476 -3.085476 36.245068 -55941.678405
923854340675.000000 0.006653 3.165948 3.169000 -40.000000 -36.914524 -51.794638 -3.085476 -3.085476 36.310057 -55941.678405
923854354824.000000 0.006810 3.172756 3.175757 -40.000000 -36.914524 -51.794638 -3.085476 -3.085476 36.376722 -55941.678405
923854368596.000000 0.006629 3.179383 3.182670 -40.000000 -36.914524 -51.794638 -3.085476 -3.085476 36.441751 -55941.678405
923854382624.000000 0.006752 3.186134 3.189275 -40.000000 -36.914524 -51.794638 -3.085476 -3.085476 36.508129 -55941.678405
923854396641.000000 0.006747 3.192879 3.195974 -40.000000 -36.914524 -51.794638 -3.085476 -3.085476 36.574595 -55941.678405
923854410563.000000 0.006701 3.199577 3.202674 -40.000000 -36.914524 -51.794638 -3.085476 -3.085476 36.640745 -55941.678405
923854424594.000000 0.006754 3.206330 3.209898 -40.000000 -36.914524 -51.794638 -3.085476 -3.085476 36.707558 -55941.678405
923854439885.000000 0.007360 3.213687 3.216648 -40.000000 -36.914524 -51.794638 -3.085476 -3.085476 36.780536 -55941.678405
923854453691.000000 0.006645 3.220330 3.225065 -40.000000 -34.980906 -51.794638 -5.019094 -3.085476 36.887936 -55941.678405
923854473518.000000 0.009543 3.229873 3.233288 -40.000000 -34.980906 -52.893587 -5.019094 -5.019094 37.042638 -58729.395724
923854488594.000000 0.007256 3.237125 3.240731 -40.000000 -34.980906 -52.893587 -5.019094 -5.019094 37.160528 -58729.395724
923854504772.000000 0.007787 3.244910 3.248235 -40.000000 -34.980906 -52.893587 -5.019094 -5.019094 37.287345 -58729.395724
923854519814.000000 0.007240 3.252149 3.255546 -40.000000 -34.980906 -52.893587 -5.019094 -5.019094 37.405523 -58729.395724
923854533929.000000 0.006793 3.258939 3.261965 -40.000000 -34.980906 -52.893587 -5.019094 -5.019094 37.516643 -58729.395724
923854547312.000000 0.006441 3.265379 3.268350 -40.000000 -34.980906 -52.893587 -5.019094 -5.019094 37.622210 -58729.395724
923854560942.000000 0.006561 3.271938 3.275010 -40.000000 -34.980906 -52.893587 -5.019094 -5.019094 37.729949 -58729.395724
923854574372.000000 0.006464 3.278401 3.281314 -40.000000 -34.980906 -52.893587 -5.019094 -5.019094 37.836317 -58729.395724
923854587721.000000 0.006425 3.284824 3.287854 -40.000000 -34.980906 -52.893587 -5.019094 -5.019094 37.942243 -58729.395724
923854602620.000000 0.007171 3.291994 3.295677 -40.000000 -34.980906 -52.893587 -5.019094 -5.019094 38.060731 -58729.395724
923854618690.000000 0.007735 3.299727 3.303423 -40.000000 -34.980906 -52.893587 -5.019094 -5.019094 38.188838 -58729.395724
923854634703.000000 0.007708 3.307433 3.311048 -40.000000 -34.980906 -52.893587 -5.019094 -5.019094 38.316789 -58729.395724
923854650786.000000 0.007741 3.315171 3.318606 -40.000000 -34.980906 -52.893587 -5.019094 -5.019094 38.445591 -58729.395724
923854669462.000000 0.008989 3.324158 3.328731 -40.000000 -36.914524 -54.330995 -3.085476 -3.085476 38.537785 -45896.577317
923854690251.000000 0.010005 3.334162 3.338896 -40.000000 -36.914524 -54.330995 -3.085476 -3.085476 38.640715 -45896.577317
923854711432.000000 0.010195 3.344354 3.349824 -40.000000 -36.914524 -54.330995 -3.085476 -3.085476 38.745912 -45896.577317
923854735143.000000 0.011411 3.355763 3.359794 -40.000000 -36.914524 -54.330995 -3.085476 -3.085476 38.864068 -45896.577317
923854771475.000000 0.017485 3.373247 3.379396 -40.000000 -36.914524 -54.330995 -3.085476 -3.085476 39.046053 -45896.577317
923854791716.000000 0.009741 3.382984 3.386196 -40.000000 -36.914524 -54.330995 -3.085476 -3.085476 39.147729 -45896.577317
923854815910.000000 0.011644 3.394628 3.402471 -40.000000 -36.914524 -54.330995 -3.085476 -3.085476 39.269687 -45896.577317
923854840725.000000 0.011942 3.406567 3.411546 -40.000000 -36.914524 -54.330995 -3.085476 -3.085476 39.395210 -45896.577317
923854863228.000000 0.010830 3.417396 3.422202 -40.000000 -36.914524 -54.330995 -3.085476 -3.085476 39.509402 -45896.577317
923854891455.000000 0.013585 3.430980 3.435464 -40.000000 -36.914524 -55.824229 -3.085476 -3.085476 39.653211 -46939.565050
923854912337.000000 0.010051 3.441028 3.445580 -40.000000 -36.914524 -55.824229 -3.085476 -3.085476 39.759920 -46939.565050
923854935057.000000 0.010935 3.451960 3.457368 -40.000000 -36.914524 -55.824229 -3.085476 -3.085476 39.876384 -46939.565050
923854959242.000000 0.011639 3.463598 3.469197 -40.000000 -36.914524 -55.824229 -3.085476 -3.085476 40.000769 -46939.565050
923854984632.000000 0.012219 3.475815 3.480805 -40.000000 -36.914524 -55.824229 -3.085476 -3.085476 40.131817 -46939.565050
923855008092.000000 0.011291 3.487104 3.491287 -40.000000 -36.914524 -55.824229 -3.085476 -3.085476 40.253297 -46939.565050
923855028749.000000 0.009942 3.497044 3.501527 -40.000000 -36.914524 -55.824229 -3.085476 -3.085476 40.360571 -46939.565050
923855050112.000000 0.010281 3.507324 3.511824 -40.000000 -36.914524 -55.824229 -3.085476 -3.085476 40.471831 -46939.565050
923855070503.000000 0.009813 3.517135 3.521654 -40.000000 -36.914524 -55.824229 -3.085476 -3.085476 40.578327 -46939.565050
923855099617.000000 0.014011 3.531145 3.535882 -40.000000 -36.914524 -57.660861 -3.085476 -3.085476 40.730984 -44932.636852
923855119351.000000 0.009498 3.540641 3.544817 -40.000000 -36.914524 -57.660861 -3.085476 -3.085476 40.834748 -44932.636852
923855169396.000000 0.024083 3.564722 3.568691 -40.000000 -36.914524 -57.660861 -3.085476 -3.085476 41.099636 -44932.636852
923855195368.000000 0.012499 3.577219 3.584949 -40.000000 -36.914524 -57.660861 -3.085476 -3.085476 41.237592 -44932.636852
923855218736.000000 0.011246 3.588464 3.591323 -40.000000 -36.914524 -57.660861 -3.085476 -3.085476 41.362108 -44932.636852
923855232060.000000 0.006413 3.594875 3.597746 -40.000000 -36.914524 -57.660861 -3.085476 -3.085476 41.433244 -44932.636852
923855246117.000000 0.006766 3.601640 3.604634 -40.000000 -36.914524 -57.660861 -3.085476 -3.085476 41.508434 -44932.636852
923855259686.000000 0.006531 3.608168 3.611188 -40.000000 -36.914524 -57.660861 -3.085476 -3.085476 41.581145 -44932.636852
923855273108.000000 0.006460 3.614627 3.617548 -40.000000 -36.914524 -57.660861 -3.085476 -3.085476 41.653198 -44932.636852
923855286945.000000 0.006660 3.621285 3.625422 -40.000000 -37.969225 -59.771809 -2.030775 -2.030775 41.702173 -38534.866603
923855303645.000000 0.008038 3.629322 3.632350 -40.000000 -37.969225 -59.771809 -2.030775 -2.030775 41.761415 -38534.866603
923855317399.000000 0.006620 3.635939 3.638887 -40.000000 -37.969225 -59.771809 -2.030775 -2.030775 41.810297 -38534.866603
923855331008.000000 0.006550 3.642488 3.645514 -40.000000 -37.969225 -59.771809 -2.030775 -2.030775 41.858748 -38534.866603
923855345077.000000 0.006772 3.649259 3.652185 -40.000000 -37.969225 -59.771809 -2.030775 -2.030775 41.908933 -38534.866603
923855358603.000000 0.006510 3.655766 3.658867 -40.000000 -37.969225 -59.771809 -2.030775 -2.030775 41.957264 -38534.866603
923855372528.000000 0.006703 3.662468 3.665394 -40.000000 -37.969225 -59.771809 -2.030775 -2.030775 42.007115 -38534.866603
923855385973.000000 0.006471 3.668937 3.671790 -40.000000 -37.969225 -59.771809 -2.030775 -2.030775 42.055329 -38534.866603
923855398963.000000 0.006253 3.675187 3.678265 -40.000000 -37.969225 -59.771809 -2.030775 -2.030775 42.101995 -38534.866603
923855412614.000000 0.006570 3.681756 3.684622 -40.000000 -37.969225 -59.771809 -2.030775 -2.030775 42.151119 -38534.866603
923855425701.000000 0.006299 3.688053 3.691091 -40.000000 -37.969225 -59.771809 -2.030775 -2.030775 42.198299 -38534.866603
923855439639.000000 0.006709 3.694760 3.697988 -40.000000 -37.969225 -59.771809 -2.030775 -2.030775 42.248636 -38534.866603
923855453586.000000 0.006713 3.701471 3.704446 -40.000000 -37.969225 -59.771809 -2.030775 -2.030775 42.299094 -38534.866603
923855466928.000000 0.006422 3.707891 3.710842 -40.000000 -37.969225 -59.771809 -2.030775 -2.030775 42.347447 -38534.866603
923855480672.000000 0.006615 3.714505 3.717468 -40.000000 -37.969225 -59.771809 -2.030775 -2.030775 42.397349 -38534.866603
923855493975.000000 0.006404 3.720907 3.724728 -40.000000 -38.936034 -59.771809 -1.063966 -2.030775 42.422701 -38534.866603
923855510518.000000 0.007962 3.728867 3.731952 -40.000000 -38.936034 -62.277530 -1.063966 -1.063966 42.454291 -34152.066920
923855524386.000000 0.006675 3.735540 3.738296 -40.000000 -38.936034 -62.277530 -1.063966 -1.063966 42.480819 -34152.066920
923855537568.000000 0.006345 3.741883 3.744738 -40.000000 -38.936034 -62.277530 -1.063966 -1.063966 42.506080 -34152.066920
923855550459.000000 0.006205 3.748086 3.750893 -40.000000 -38.936034 -62.277530 -1.063966 -1.063966 42.530824 -34152.066920
923855563652.000000 0.006350 3.754435 3.757648 -40.000000 -38.936034 -62.277530 -1.063966 -1.063966 42.556191 -34152.066920
923855577694.000000 0.006758 3.761191 3.764061 -40.000000 -38.936034 -62.277530 -1.063966 -1.063966 42.583236 -34152.066920
923855591049.000000 0.006428 3.767617 3.770488 -40.000000 -38.936034 -62.277530 -1.063966 -1.063966 42.609003 -34152.066920
923855604101.000000 0.006282 3.773898 3.776823 -40.000000 -38.936034 -62.277530 -1.063966 -1.063966 42.634229 -34152.066920
923855617559.000000 0.006477 3.780374 3.783274 -40.000000 -38.936034 -62.277530 -1.063966 -1.063966 42.660282 -34152.066920
923855630564.000000 0.006260 3.786632 3.789497 -40.000000 -38.936034 -62.277530 -1.063966 -1.063966 42.685502 -34152.066920
923855643797.000000 0.006369 3.792999 3.795809 -40.000000 -38.936034 -62.277530 -1.063966 -1.063966 42.711205 -34152.066920
923855656811.000000 0.006264 3.799261 3.802067 -40.000000 -38.936034 -62.277530 -1.063966 -1.063966 42.736524 -34152.066920
923855669938.000000 0.006318 3.805578 3.808398 -40.000000 -38.936034 -62.277530 -1.063966 -1.063966 42.762106 -34152.066920
923855682766.000000 0.006175 3.811751 3.814784 -40.000000 -38.936034 -62.277530 -1.063966 -1.063966 42.787148 -34152.066920
923855696657.000000 0.006686 3.818436 3.821185 -40.000000 -38.936034 -62.277530 -1.063966 -1.063966 42.814312 -34152.066920
923855710958.000000 0.006883 3.825317 3.828861 -40.000000 -38.936034 -65.210277 -1.063966 -1.063966 42.842327 -34379.562147
923855725663.000000 0.007077 3.832392 3.835357 -40.000000 -38.936034 -65.210277 -1.063966 -1.063966 42.871186 -34379.562147
923855739106.000000 0.006471 3.838862 3.841777 -40.000000 -38.936034 -65.210277 -1.063966 -1.063966 42.897614 -34379.562147
923855752570.000000 0.006480 3.845340 3.848179 -40.000000 -38.936034 -65.210277 -1.063966 -1.063966 42.924127 -34379.562147
923855765839.000000 0.006386 3.851725 3.854570 -40.000000 -38.936034 -65.210277 -1.063966 -1.063966 42.950299 -34379.562147
923855778952.000000 0.006311 3.858034 3.860932 -40.000000 -38.936034 -65.210277 -1.063966 -1.063966 42.976205 -34379.562147
923855793251.000000 0.006882 3.864916 3.867892 -40.000000 -38.936034 -65.210277 -1.063966 -1.063966 43.004507 -34379.562147
923855806562.000000 0.006407 3.871321 3.874475 -40.000000 -38.936034 -65.210277 -1.063966 -1.063966 43.030898 -34379.562147
923855821095.000000 0.006995 3.878314 3.881545 -40.000000 -38.936034 -65.210277 -1.063966 -1.063966 43.059762 -34379.562147
923855835191.000000 0.006784 3.885096 3.887951 -40.000000 -38.936034 -65.210277 -1.063966 -1.063966 43.087806 -34379.562147
923855848641.000000 0.006474 3.891569 3.894643 -40.000000 -38.936034 -65.210277 -1.063966 -1.063966 43.114611 -34379.562147
923855862756.000000 0.006794 3.898361 3.901414 -40.000000 -38.936034 -65.210277 -1.063966 -1.063966 43.142791 -34379.562147
923855876440.000000 0.006587 3.904946 3.907912 -40.000000 -38.936034 -65.210277 -1.063966 -1.063966 43.170156 -34379.562147
923855890020.000000 0.006536 3.911480 3.914494 -40.000000 -38.936034 -65.210277 -1.063966 -1.063966 43.197357 -34379.562147
923855903530.000000 0.006503 3.917981 3.920942 -40.000000 -38.936034 -65.210277 -1.063966 -1.063966 43.224465 -34379.562147
923855919635.000000 0.007751 3.925731 3.929356 -40.000000 -37.969225 -68.702615 -2.030775 -2.030775 43.286258 -37068.434093
923855934644.000000 0.007224 3.932953 3.935931 -40.000000 -37.969225 -68.702615 -2.030775 -2.030775 43.343957 -37068.434093
923855948044.000000 0.006450 3.939401 3.942367 -40.000000 -37.969225 -68.702615 -2.030775 -2.030775 43.395556 -37068.434093
923855961644.000000 0.006546 3.945946 3.949060 -40.000000 -37.969225 -68.702615 -2.030775 -2.030775 43.448009 -37068.434093
923855975472.000000 0.006656 3.952600 3.955555 -40.000000 -37.969225 -68.702615 -2.030775 -2.030775 43.501434 -37068.434093
923855988870.000000 0.006449 3.959046 3.961986 -40.000000 -37.969225 -68.702615 -2.030775 -2.030775 43.553283 -37068.434093
923856002552.000000 0.006585 3.965629 3.968630 -40.000000 -37.969225 -68.702615 -2.030775 -2.030775 43.606315 -37068.434093
923856017048.000000 0.006978 3.972605 3.975608 -40.000000 -37.969225 -68.702615 -2.030775 -2.030775 43.662608 -37068.434093
923856030722.000000 0.006581 3.979185 3.982150 -40.000000 -37.969225 -68.702615 -2.030775 -2.030775 43.715790 -37068.434093
923856044224.000000 0.006498 3.985681 3.988617 -40.000000 -37.969225 -68.702615 -2.030775 -2.030775 43.768389 -37068.434093
923856057884.000000 0.006575 3.992260 3.995199 -40.000000 -37.969225 -68.702615 -2.030775 -2.030775 43.821691 -37068.434093
923856071507.000000 0.006557 3.998810 4.001757 -40.000000 -37.969225 -68.702615 -2.030775 -2.030775 43.874940 -37068.434093
923856084713.000000 0.006357 4.005165 4.008047 -40.000000 -37.969225 -68.702615 -2.030775 -2.030775 43.926642 -37068.434093
923856097840.000000 0.006318 4.011481 4.014349 -40.000000 -37.969225 -68.702615 -2.030775 -2.030775 43.978111 -37068.434093
923856110948.000000 0.006309 4.017788 4.020731 -40.000000 -37.969225 -68.702615 -2.030775 -2.030775 44.029587 -37068.434093
923856127647.000000 0.008037 4.025824 4.029451 -40.000000 -36.914524 -72.853388 -3.085476 -3.085476 44.129423 -40096.941666
923856142479.000000 0.007139 4.032961 4.035977 -40.000000 -36.914524 -72.853388 -3.085476 -3.085476 44.218258 -40096.941666
923856156013.000000 0.006515 4.039474 4.042372 -40.000000 -36.914524 -72.853388 -3.085476 -3.085476 44.299457 -40096.941666
923856169254.000000 0.006373 4.045845 4.048789 -40.000000 -36.914524 -72.853388 -3.085476 -3.085476 44.379012 -40096.941666
923856182890.000000 0.006564 4.052407 4.055270 -40.000000 -36.914524 -72.853388 -3.085476 -3.085476 44.461085 -40096.941666
923856196133.000000 0.006374 4.058780 4.061731 -40.000000 -36.914524 -72.853388 -3.085476 -3.085476 44.540913 -40096.941666
923856209746.000000 0.006552 4.065330 4.068244 -40.000000 -36.914524 -72.853388 -3.085476 -3.085476 44.623103 -40096.941666
923856222757.000000 0.006263 4.071591 4.074528 -40.000000 -36.914524 -72.853388 -3.085476 -3.085476 44.701780 -40096.941666
923856236111.000000 0.006427 4.078016 4.081115 -40.000000 -36.914524 -72.853388 -3.085476 -3.085476 44.782652 -40096.941666
923856250668.000000 0.007007 4.085022 4.088326 -40.000000 -36.914524 -72.853388 -3.085476 -3.085476 44.870971 -40096.941666
923856264884.000000 0.006843 4.091861 4.094740 -40.000000 -36.914524 -72.853388 -3.085476 -3.085476 44.957361 -40096.941666
923856278502.000000 0.006555 4.098415 4.102169 -40.000000 -36.914524 -72.853388 -3.085476 -3.085476 45.040256 -40096.941666
923856293383.000000 0.007162 4.105575 4.108513 -40.000000 -36.914524 -72.853388 -3.085476 -3.085476 45.130982 -40096.941666
923856306449.000000 0.006289 4.111862 4.114825 -40.000000 -36.914524 -72.853388 -3.085476 -3.085476 45.210767 -40096.941666
923856319946.000000 0.006496 4.118356 4.121429 -40.000000 -36.914524 -72.853388 -3.085476 -3.085476 45.293314 -40096.941666
923856335660.000000 0.007563 4.125919 4.129559 -40.000000 -34.980906 -78.286472 -5.019094 -5.019094 45.449939 -43744.543691
923856350867.000000 0.007319 4.133236 4.136548 -40.000000 -34.980906 -78.286472 -5.019094 -5.019094 45.601781 -43744.543691
923856365317.000000 0.006955 4.140189 4.143279 -40.000000 -34.980906 -78.286472 -5.019094 -5.019094 45.746309 -43744.543691
923856379685.000000 0.006916 4.147103 4.150122 -40.000000 -34.980906 -78.286472 -5.019094 -5.019094 45.890257 -43744.543691
923856393655.000000 0.006724 4.153825 4.156940 -40.000000 -34.980906 -78.286472 -5.019094 -5.019094 46.030445 -43744.543691
923856408017.000000 0.006913 4.160736 4.163752 -40.000000 -34.980906 -78.286472 -5.019094 -5.019094 46.174806 -43744.543691
923856421407.000000 0.006445 4.167179 4.170210 -40.000000 -34.980906 -78.286472 -5.019094 -5.019094 46.309598 -43744.543691
923856435252.000000 0.006664 4.173841 4.176767 -40.000000 -34.980906 -78.286472 -5.019094 -5.019094 46.449202 -43744.543691
923856448142.000000 0.006204 4.180043 4.183287 -40.000000 -34.980906 -78.286472 -5.019094 -5.019094 46.579362 -43744.543691
923856462329.000000 0.006828 4.186870 4.189957 -40.000000 -34.980906 -78.286472 -5.019094 -5.019094 46.722850 -43744.543691
923856476996.000000 0.007060 4.193928 4.196948 -40.000000 -34.980906 -78.286472 -5.019094 -5.019094 46.871452 -43744.543691
923856490695.000000 0.006594 4.200521 4.203492 -40.000000 -34.980906 -78.286472 -5.019094 -5.019094 47.010467 -43744.543691
923856504432.000000 0.006612 4.207130 4.210155 -40.000000 -34.980906 -78.286472 -5.019094 -5.019094 47.150087 -43744.543691
923856518171.000000 0.006613 4.213741 4.216678 -40.000000 -34.980906 -78.286472 -5.019094 -5.019094 47.289947 -43744.543691
923856532192.000000 0.006749 4.220488 4.224787 -40.000000 -32.959397 -78.286472 -7.040603 -5.019094 47.490484 -43744.543691
923856550505.000000 0.008814 4.229301 4.232885 -40.000000 -32.959397 -84.571412 -7.040603 -7.040603 47.752937 -46506.743942
923856565646.000000 0.007287 4.236586 4.239704 -40.000000 -32.959397 -84.571412 -7.040603 -7.040603 47.970299 -46506.743942
923856579448.000000 0.006643 4.243228 4.246093 -40.000000 -32.959397 -84.571412 -7.040603 -7.040603 48.168768 -46506.743942
923856592489.000000 0.006277 4.249502 4.252382 -40.000000 -32.959397 -84.571412 -7.040603 -7.040603 48.356560 -46506.743942
923856606069.000000 0.006537 4.256037 4.259021 -40.000000 -32.959397 -84.571412 -7.040603 -7.040603 48.552427 -46506.743942
923856619259.000000 0.006349 4.262384 4.265237 -40.000000 -32.959397 -84.571412 -7.040603 -7.040603 48.742954 -46506.743942
923856632040.000000 0.006153 4.268535 4.271511 -40.000000 -32.959397 -84.571412 -7.040603 -7.040603 48.927856 -46506.743942
923856645214.000000 0.006341 4.274873 4.277874 -40.000000 -32.959397 -84.571412 -7.040603 -7.040603 49.118696 -46506.743942
923856659135.000000 0.006701 4.281572 4.285379 -40.000000 -32.959397 -84.571412 -7.040603 -7.040603 49.320684 -46506.743942
923856675473.000000 0.007864 4.289435 4.293175 -40.000000 -32.959397 -84.571412 -7.040603 -7.040603 49.558168 -46506.743942
923856690303.000000 0.007138 4.296570 4.299478 -40.000000 -32.959397 -84.571412 -7.040603 -7.040603 49.774096 -46506.743942
923856704470.000000 0.006819 4.303388 4.306355 -40.000000 -32.959397 -84.571412 -7.040603 -7.040603 49.980700 -46506.743942
923856717671.000000 0.006354 4.309739 4.312652 -40.000000 -32.959397 -84.571412 -7.040603 -7.040603 50.173504 -46506.743942
923856730979.000000 0.006405 4.316143 4.319141 -40.000000 -32.959397 -84.571412 -7.040603 -7.040603 50.368146 -46506.743942
923856744926.000000 0.006714 4.322855 4.326523 -40.000000 -31.992588 -92.090077 -8.007412 -8.007412 50.600536 -46354.919443
923856760748.000000 0.007615 4.330467 4.333459 -40.000000 -31.992588 -92.090077 -8.007412 -8.007412 50.864604 -46354.919443
923856775293.000000 0.007000 4.337466 4.340986 -40.000000 -31.992588 -92.090077 -8.007412 -8.007412 51.107740 -46354.919443
923856790187.000000 0.007169 4.344633 4.347497 -40.000000 -31.992588 -92.090077 -8.007412 -8.007412 51.357138 -46354.919443
923856803251.000000 0.006288 4.350919 4.353972 -40.000000 -31.992588 -92.090077 -8.007412 -8.007412 51.576200 -46354.919443
923856816743.000000 0.006494 4.357411 4.360330 -40.000000 -31.992588 -92.090077 -8.007412 -8.007412 51.802775 -46354.919443
923856829923.000000 0.006344 4.363754 4.366724 -40.000000 -31.992588 -92.090077 -8.007412 -8.007412 52.024450 -46354.919443
923856843230.000000 0.006405 4.370157 4.373182 -40.000000 -31.992588 -92.090077 -8.007412 -8.007412 52.248590 -46354.919443
923856857033.000000 0.006643 4.376799 4.380159 -40.000000 -31.992588 -92.090077 -8.007412 -8.007412 52.481418 -46354.919443
923856871734.000000 0.007076 4.383874 4.386828 -40.000000 -31.992588 -92.090077 -8.007412 -8.007412 52.729807 -46354.919443
923856885496.000000 0.006624 4.390494 4.393527 -40.000000 -31.992588 -92.090077 -8.007412 -8.007412 52.962670 -46354.919443
923856898797.000000 0.006402 4.396895 4.400270 -40.000000 -31.992588 -92.090077 -8.007412 -8.007412 53.188079 -46354.919443
923856914497.000000 0.007557 4.404451 4.407903 -40.000000 -31.992588 -92.090077 -8.007412 -8.007412 53.454589 -46354.919443
923856929839.000000 0.007385 4.411834 4.415712 -40.000000 -31.992588 -92.090077 -8.007412 -8.007412 53.715493 -46354.919443
923856946358.000000 0.007950 4.419781 4.423129 -40.000000 -31.992588 -92.090077 -8.007412 -8.007412 53.996861 -46354.919443
923856963494.000000 0.008248 4.428028 4.431970 -40.000000 -31.992588 -100.464435 -8.007412 -8.007412 54.289297 -43683.218803
923856981689.000000 0.008757 4.436785 4.440200 -40.000000 -31.992588 -100.464435 -8.007412 -8.007412 54.600416 -43683.218803
923856996282.000000 0.007024 4.443806 4.446691 -40.000000 -31.992588 -100.464435 -8.007412 -8.007412 54.850352 -43683.218803
923857010743.000000 0.006961 4.450763 4.453646 -40.000000 -31.992588 -100.464435 -8.007412 -8.007412 55.098433 -43683.218803
923857024555.000000 0.006648 4.457409 4.460715 -40.000000 -31.992588 -100.464435 -8.007412 -8.007412 55.335721 -43683.218803
923857040175.000000 0.007518 4.464926 4.468811 -40.000000 -31.992588 -100.464435 -8.007412 -8.007412 55.604513 -43683.218803
923857057114.000000 0.008153 4.473077 4.476580 -40.000000 -31.992588 -100.464435 -8.007412 -8.007412 55.896530 -43683.218803
923857073179.000000 0.007732 4.480807 4.484347 -40.000000 -31.992588 -100.464435 -8.007412 -8.007412 56.173961 -43683.218803
923857089358.000000 0.007787 4.488593 4.491975 -40.000000 -31.992588 -100.464435 -8.007412 -8.007412 56.453846 -43683.218803
923857103941.000000 0.007019 4.495609 4.498520 -40.000000 -31.992588 -100.464435 -8.007412 -8.007412 56.706505 -43683.218803
923857117887.000000 0.006713 4.502321 4.505665 -40.000000 -31.992588 -100.464435 -8.007412 -8.007412 56.948509 -43683.218803
923857131997.000000 0.006791 4.509109 4.512053 -40.000000 -31.992588 -100.464435 -8.007412 -8.007412 57.193709 -43683.218803
923857145642.000000 0.006568 4.515675 4.519100 -40.000000 -31.992588 -100.464435 -8.007412 -8.007412 57.431192 -43683.218803
923857161039.000000 0.007411 4.523085 4.526763 -40.000000 -31.992588 -109.123855 -8.007412 -8.007412 57.699600 -42329.887260
