748587789980.000000 0.000002 0.000004 0.010141 -0.000005 0.000000 -40.000000 -0.000005 -40.000000 0.000000 -3153709.545358
748587838236.000000 0.023223 0.023227 0.032241 -0.026135 0.000000 -40.000000 -0.026135 -40.000000 0.000014 -21188.575838
748587881903.000000 0.021014 0.044239 0.050952 -0.075904 0.000000 -40.000000 -0.075904 -40.000000 0.000085 -23357.727303
748587909900.000000 0.013474 0.057712 0.063311 -0.140830 0.000000 -40.000000 -0.140830 -40.000000 0.000194 -26403.736478
748587938412.000000 0.013722 0.071431 0.078241 -0.221189 0.000000 -40.000000 -0.221189 -40.000000 0.000411 -28846.339743
748587978386.000000 0.019239 0.090667 0.102981 -0.323190 0.000000 -40.000000 -0.323190 -40.000000 0.000975 -31350.438061
748588023252.000000 0.021592 0.112255 0.119000 -0.449477 0.000000 -40.000000 -0.449477 -40.000000 0.002064 -35328.421114
748588051268.000000 0.013483 0.125736 0.132077 -0.590930 0.000000 -40.000000 -0.590930 -40.000000 0.003066 -41839.251452
748588080452.000000 0.014046 0.139779 0.145299 -0.748181 0.000000 -40.000000 -0.748181 -40.000000 0.004535 -45939.721597
748588109382.000000 0.013923 0.153700 0.160167 -0.921094 0.000000 -40.000000 -0.921094 -40.000000 0.006506 -51469.150682
748588138229.000000 0.013883 0.167581 0.174883 -1.109622 0.000000 -40.000000 -1.109622 -40.000000 0.009087 -57327.844074
748588168564.000000 0.014599 0.182178 0.190136 -1.314572 0.000000 -40.000000 -1.314572 -40.000000 0.012584 -63296.559749
748588202740.000000 0.016448 0.198624 0.206498 -1.538024 0.000000 -40.000000 -1.538024 -40.000000 0.017608 -69459.030042
748588236269.000000 0.016136 0.214757 0.223456 -1.779626 0.000000 -40.000000 -1.779626 -40.000000 0.023775 -77214.548707
748588273640.000000 0.017985 0.232740 0.241884 -2.041458 0.000000 -40.000000 -2.041458 -40.000000 0.032321 -84381.859752
748588311374.000000 0.018160 0.250898 0.259626 -2.323719 0.000000 -40.000000 -2.323719 -40.000000 0.042908 -89161.693806
748588347048.000000 0.017168 0.268064 0.276631 -2.625291 0.000000 -40.000000 -2.625291 -40.000000 0.054991 -84604.441219
748588387140.000000 0.019294 0.287355 0.295760 -2.940936 0.966809 -39.944820 -3.907745 -40.966809 0.076656 -91479.049462
748588424362.000000 0.017913 0.305266 0.312635 -3.276256 0.966809 -39.944820 -4.243065 -40.966809 0.099859 -92305.877453
748588458738.000000 0.016544 0.321808 0.328906 -3.629746 0.966809 -39.944820 -4.596555 -40.966809 0.124331 -93177.510054
748588493582.000000 0.016769 0.338575 0.349109 -4.001654 0.966809 -39.944820 -4.968463 -40.966809 0.152540 -94094.557225
748588535893.000000 0.020362 0.358934 0.365214 -4.395925 0.966809 -39.944820 -5.362734 -40.966809 0.191734 -95066.747029
748588566474.000000 0.014717 0.373648 0.379955 -4.806359 0.966809 -39.944820 -5.773168 -40.966809 0.223480 -96078.791392
748588599739.000000 0.016009 0.389656 0.396216 -5.214249 2.988319 -39.834839 -8.202568 -42.988319 0.274647 -104276.248936
748588631002.000000 0.015045 0.404698 0.411120 -5.637886 2.988319 -39.834839 -8.626205 -42.988319 0.327171 -105320.847558
748588661772.000000 0.014808 0.419505 0.425891 -6.077022 2.988319 -39.834839 -9.065341 -42.988319 0.383486 -106403.665066
748588692461.000000 0.014769 0.434273 0.437641 -6.531617 2.988319 -39.834839 -9.519936 -42.988319 0.444545 -107524.600855
748588707200.000000 0.007094 0.441364 0.444433 -6.993635 2.988319 -39.834839 -9.981953 -42.988319 0.475798 -108663.839380
748588721295.000000 0.006784 0.448146 0.451211 -7.462752 2.988319 -39.834839 -10.451071 -42.988319 0.507571 -109820.584492
748588735344.000000 0.006762 0.454907 0.458218 -7.938947 2.988319 -39.834839 -10.927266 -42.988319 0.541185 -110994.780299
748588751638.000000 0.007842 0.462749 0.465961 -8.423350 2.988319 -39.834839 -11.411669 -42.988319 0.582599 -112189.217671
748588766052.000000 0.006938 0.469683 0.472780 -8.915012 2.988319 -39.834839 -11.903331 -42.988319 0.621387 -113401.552874
748588780047.000000 0.006736 0.476418 0.479784 -9.413725 2.988319 -39.834839 -12.402044 -42.988319 0.661188 -114631.272943
748588796265.000000 0.007806 0.484222 0.489043 -9.920607 -0.966809 -39.834839 -8.953798 -42.988319 0.695031 -115881.136456
748588821694.000000 0.012238 0.496459 0.501791 -10.492956 -0.966809 -39.780038 -9.526147 -39.033191 0.752910 -94914.151922
748588842364.000000 0.009948 0.506404 0.510116 -11.076772 -0.966809 -39.780038 -10.109963 -39.033191 0.803842 -96353.719321
748588859655.000000 0.008322 0.514725 0.519014 -11.670180 -0.966809 -39.780038 -10.703371 -39.033191 0.849691 -97816.938995
748588878852.000000 0.009240 0.523963 0.527845 -12.274239 -0.966809 -39.780038 -11.307430 -39.033191 0.904434 -99306.420889
748588897536.000000 0.008993 0.532953 0.537165 -12.888662 -0.966809 -39.780038 -11.921853 -39.033191 0.961571 -100821.457799
748588916092.000000 0.008930 0.541881 0.546576 -13.513378 -0.966809 -39.780038 -12.546569 -39.033191 1.022287 -102361.876005
748588933905.000000 0.008573 0.550453 0.553575 -14.147976 -0.966809 -39.780038 -13.181167 -39.033191 1.084492 -103926.661895
748588948033.000000 0.006800 0.557251 0.561790 -14.790411 -0.966809 -39.780038 -13.823602 -39.033191 1.136875 -105510.772040
748588966375.000000 0.008828 0.566078 0.569672 -15.443023 -0.966809 -39.780038 -14.476214 -39.033191 1.209217 -107119.974854
748588981888.000000 0.007468 0.573544 0.576825 -16.104241 -0.966809 -39.780038 -15.137432 -39.033191 1.274051 -108750.400562
748588996861.000000 0.007207 0.580747 0.583868 -16.773764 -0.966809 -39.780038 -15.806955 -39.033191 1.340208 -110401.302292
748589012405.000000 0.007482 0.588227 0.592664 -17.528373 -4.921937 -39.780038 -12.606436 -35.078063 1.395688 -103303.978258
748589034543.000000 0.010690 0.598915 0.602744 -18.296692 -4.921937 -39.780038 -13.374755 -35.078063 1.481316 -105198.492209
748589050570.000000 0.007714 0.606591 0.611645 -19.074859 -4.921937 -39.780038 -14.152922 -35.078063 1.547540 -107117.288673
748589072609.000000 0.010607 0.617196 0.621022 -19.866631 -4.921937 -39.780038 -14.944695 -35.078063 1.645377 -109069.632845
748589088866.000000 0.007825 0.625019 0.628440 -20.668439 -4.921937 -39.780038 -15.746503 -35.078063 1.722386 -111046.722256
748589103654.000000 0.007117 0.632134 0.635386 -21.479374 -4.921937 -39.780038 -16.557438 -35.078063 1.796879 -113046.317857
748589118864.000000 0.007320 0.639454 0.642597 -22.299699 -4.921937 -39.780038 -17.377763 -35.078063 1.878225 -115069.066551
748589133264.000000 0.006931 0.646382 0.649561 -23.128912 -4.921937 -39.780038 -18.206976 -35.078063 1.959789 -117113.732371
748589148579.000000 0.007371 0.653753 0.656908 -23.967581 -4.921937 -39.780038 -19.045644 -35.078063 2.051571 -119181.712630
748589163074.000000 0.006977 0.660727 0.663872 -24.815196 -4.921937 -39.780038 -19.893259 -35.078063 2.143274 -121271.753095
748589177716.000000 0.007047 0.667773 0.671011 -25.671850 -4.921937 -39.780038 -20.749914 -35.078063 2.240920 -123384.082084
748589192443.000000 0.007088 0.674859 0.678229 -26.537595 -4.921937 -39.780038 -21.615659 -35.078063 2.344323 -125518.827457
748589207407.000000 0.007202 0.682060 0.685484 -27.412577 -4.921937 -39.780038 -22.490641 -35.078063 2.454808 -127676.349958
748589223643.000000 0.007815 0.689873 0.694154 -28.445038 -9.931765 -39.812909 -18.513273 -30.068235 2.554614 -116962.718177
748589240666.000000 0.008193 0.698064 0.701293 -29.489758 -9.931765 -39.812909 -19.557993 -30.068235 2.666475 -119538.778009
748589255098.000000 0.006946 0.705008 0.708489 -30.544870 -9.931765 -39.812909 -20.613105 -30.068235 2.767417 -122140.461742
748589270749.000000 0.007533 0.712539 0.716472 -31.611253 -9.931765 -39.812909 -21.679488 -30.068235 2.883776 -124769.937554
748589288075.000000 0.008339 0.720876 0.724110 -32.690114 -9.931765 -39.812909 -22.758349 -30.068235 3.020586 -127430.181582
748589302699.000000 0.007039 0.727913 0.731195 -33.779506 -9.931765 -39.812909 -23.847741 -30.068235 3.142775 -130116.394004
748589317573.000000 0.007159 0.735070 0.738345 -34.879609 -9.931765 -39.812909 -24.947844 -30.068235 3.274054 -132829.016981
748589332009.000000 0.006948 0.742017 0.745161 -35.990109 -9.931765 -39.812909 -26.058344 -30.068235 3.408407 -135567.276289
748589346612.000000 0.007028 0.749044 0.753148 -37.111125 -9.931765 -39.812909 -27.179360 -30.068235 3.551492 -138331.466703
748589364877.000000 0.008791 0.757833 0.761203 -38.245296 -9.931765 -39.812909 -28.313531 -30.068235 3.740118 -141128.092750
748589379579.000000 0.007076 0.764907 0.768123 -39.390052 -9.931765 -39.812909 -29.458287 -30.068235 3.899570 -143950.822148
748589393832.000000 0.006860 0.771766 0.775004 -40.000000 -9.931765 -39.812909 -30.068235 -30.068235 4.058768 -145454.825036
748589408441.000000 0.007032 0.778796 0.782027 -40.000000 -9.931765 -39.812909 -30.068235 -30.068235 4.223429 -145454.825036
748589422831.000000 0.006926 0.785720 0.789250 -40.000000 -13.974784 -39.900916 -26.025216 -26.025216 4.365061 -135311.256655
748589440111.000000 0.008317 0.794036 0.797277 -40.000000 -13.974784 -39.900916 -26.025216 -26.025216 4.536930 -135311.256655
748589454951.000000 0.007143 0.801176 0.804345 -40.000000 -13.974784 -39.900916 -26.025216 -26.025216 4.685863 -135311.256655
748589469716.000000 0.007106 0.808281 0.811621 -40.000000 -13.974784 -39.900916 -26.025216 -26.025216 4.835348 -135311.256655
748589485015.000000 0.007364 0.815643 0.819652 -40.000000 -13.974784 -39.900916 -26.025216 -26.025216 4.991659 -135311.256655
748589502067.000000 0.008207 0.823848 0.827916 -40.000000 -13.974784 -39.900916 -26.025216 -26.025216 5.167618 -135311.256655
748589518306.000000 0.007816 0.831661 0.835089 -40.000000 -13.974784 -39.900916 -26.025216 -26.025216 5.336778 -135311.256655
748589533296.000000 0.007215 0.838875 0.842281 -40.000000 -13.974784 -39.900916 -26.025216 -26.025216 5.494295 -135311.256655
748589548304.000000 0.007223 0.846096 0.849379 -40.000000 -13.974784 -39.900916 -26.025216 -26.025216 5.653348 -135311.256655
748589563019.000000 0.007083 0.853177 0.856634 -40.000000 -13.974784 -39.900916 -26.025216 -26.025216 5.810612 -135311.256655
748589578360.000000 0.007383 0.860559 0.863882 -40.000000 -13.974784 -39.900916 -26.025216 -26.025216 5.975973 -135311.256655
748589593160.000000 0.007124 0.867681 0.871166 -40.000000 -13.974784 -39.900916 -26.025216 -26.025216 6.136834 -135311.256655
748589608216.000000 0.007246 0.874925 0.878344 -40.000000 -13.974784 -39.900916 -26.025216 -26.025216 6.301833 -135311.256655
748589623441.000000 0.007328 0.882251 0.885660 -40.000000 -13.974784 -39.900916 -26.025216 -26.025216 6.470080 -135311.256655
748589639469.000000 0.007715 0.889966 0.894023 -40.000000 -9.931765 -40.022786 -30.068235 -30.068235 6.676530 -162287.007122
748589656595.000000 0.008242 0.898205 0.901498 -40.000000 -9.931765 -40.022786 -30.068235 -30.068235 6.899134 -162287.007122
748589671604.000000 0.007224 0.905427 0.908799 -40.000000 -9.931765 -40.022786 -30.068235 -30.068235 7.095795 -162287.007122
748589686358.000000 0.007101 0.912527 0.915916 -40.000000 -9.931765 -40.022786 -30.068235 -30.068235 7.290631 -162287.007122
748589701955.000000 0.007507 0.920032 0.923411 -40.000000 -9.931765 -40.022786 -30.068235 -30.068235 7.498305 -162287.007122
748589716989.000000 0.007236 0.927266 0.930620 -40.000000 -9.931765 -40.022786 -30.068235 -30.068235 7.700058 -162287.007122
748589732448.000000 0.007441 0.934706 0.938854 -40.000000 -9.931765 -40.022786 -30.068235 -30.068235 7.909192 -162287.007122
748589749958.000000 0.008428 0.943132 0.947850 -40.000000 -9.931765 -40.022786 -30.068235 -30.068235 8.148198 -162287.007122
748589771966.000000 0.010592 0.953722 0.957781 -40.000000 -9.931765 -40.022786 -30.068235 -30.068235 8.451955 -162287.007122
748589789374.000000 0.008379 0.962098 0.966012 -40.000000 -9.931765 -40.022786 -30.068235 -30.068235 8.694334 -162287.007122
748589806906.000000 0.008438 0.970534 0.974248 -40.000000 -9.931765 -40.022786 -30.068235 -30.068235 8.940579 -162287.007122
748589825068.000000 0.008742 0.979275 0.983143 -40.000000 -9.931765 -40.022786 -30.068235 -30.068235 9.197997 -162287.007122
748589844410.000000 0.009310 0.988582 0.994784 -40.000000 -11.953275 -40.201565 -28.046725 -28.046725 9.456120 -142825.609992
748589872321.000000 0.013432 1.002012 1.005940 -40.000000 -11.953275 -40.201565 -28.046725 -28.046725 9.833614 -142825.609992
748589891197.000000 0.009085 1.011094 1.014785 -40.000000 -11.953275 -40.201565 -28.046725 -28.046725 10.091243 -142825.609992
748589908514.000000 0.008335 1.019428 1.022810 -40.000000 -11.953275 -40.201565 -28.046725 -28.046725 10.329546 -142825.609992
748589923817.000000 0.007366 1.026790 1.030058 -40.000000 -11.953275 -40.201565 -28.046725 -28.046725 10.541661 -142825.609992
748589938356.000000 0.006997 1.033786 1.036971 -40.000000 -11.953275 -40.201565 -28.046725 -28.046725 10.744549 -142825.609992
748589953025.000000 0.007060 1.040845 1.044109 -40.000000 -11.953275 -40.201565 -28.046725 -28.046725 10.950648 -142825.609992
748589968576.000000 0.007485 1.048328 1.051559 -40.000000 -11.953275 -40.201565 -28.046725 -28.046725 11.170721 -142825.609992
748589982944.000000 0.006916 1.055242 1.058705 -40.000000 -11.953275 -40.201565 -28.046725 -28.046725 11.375399 -142825.609992
748589997957.000000 0.007226 1.062465 1.065749 -40.000000 -11.953275 -40.201565 -28.046725 -28.046725 11.590726 -142825.609992
748590012873.000000 0.007179 1.069644 1.072851 -40.000000 -11.953275 -40.201565 -28.046725 -28.046725 11.806107 -142825.609992
748590027447.000000 0.007014 1.076656 1.080127 -40.000000 -11.953275 -40.201565 -28.046725 -28.046725 12.017917 -142825.609992
748590042840.000000 0.007408 1.084063 1.087713 -40.000000 -15.996294 -40.201565 -24.003706 -28.046725 12.210695 -142825.609992
748590059388.000000 0.007965 1.092028 1.095833 -40.000000 -15.996294 -40.416633 -24.003706 -24.003706 12.419484 -130374.428430
748590075669.000000 0.007836 1.099860 1.103040 -40.000000 -15.996294 -40.416633 -24.003706 -24.003706 12.626366 -130374.428430
748590090515.000000 0.007146 1.107004 1.110262 -40.000000 -15.996294 -40.416633 -24.003706 -24.003706 12.816243 -130374.428430
748590105486.000000 0.007205 1.114208 1.117892 -40.000000 -15.996294 -40.416633 -24.003706 -24.003706 13.008951 -130374.428430
748590121064.000000 0.007497 1.121704 1.124847 -40.000000 -15.996294 -40.416633 -24.003706 -24.003706 13.210820 -130374.428430
748590135937.000000 0.007159 1.128861 1.132221 -40.000000 -15.996294 -40.416633 -24.003706 -24.003706 13.404798 -130374.428430
748590152264.000000 0.007859 1.136719 1.141908 -40.000000 -15.996294 -40.416633 -24.003706 -24.003706 13.619230 -130374.428430
748590172341.000000 0.009662 1.146378 1.149793 -40.000000 -15.996294 -40.416633 -24.003706 -24.003706 13.885111 -130374.428430
748590188029.000000 0.007551 1.153928 1.158071 -40.000000 -15.996294 -40.416633 -24.003706 -24.003706 14.094273 -130374.428430
748590205660.000000 0.008486 1.162411 1.165833 -40.000000 -15.996294 -40.416633 -24.003706 -24.003706 14.331045 -130374.428430
748590222021.000000 0.007875 1.170284 1.173710 -40.000000 -15.996294 -40.416633 -24.003706 -24.003706 14.552255 -130374.428430
748590238217.000000 0.007795 1.178077 1.181619 -40.000000 -15.996294 -40.416633 -24.003706 -24.003706 14.772692 -130374.428430
748590254947.000000 0.008053 1.186128 1.190007 -40.000000 -17.929912 -40.647435 -22.070088 -22.070088 14.983497 -127054.776596
748590272650.000000 0.008520 1.194646 1.197830 -40.000000 -17.929912 -40.647435 -22.070088 -22.070088 15.208147 -127054.776596
748590286825.000000 0.006823 1.201467 1.204565 -40.000000 -17.929912 -40.647435 -22.070088 -22.070088 15.389064 -127054.776596
748590301114.000000 0.006877 1.208342 1.211447 -40.000000 -17.929912 -40.647435 -22.070088 -22.070088 15.572467 -127054.776596
748590317098.000000 0.007694 1.216036 1.220395 -40.000000 -17.929912 -40.647435 -22.070088 -22.070088 15.778965 -127054.776596
748590335997.000000 0.009096 1.225129 1.229451 -40.000000 -17.929912 -40.647435 -22.070088 -22.070088 16.024909 -127054.776596
748590356548.000000 0.009891 1.235018 1.238881 -40.000000 -17.929912 -40.647435 -22.070088 -22.070088 16.294518 -127054.776596
748590374263.000000 0.008526 1.243541 1.247587 -40.000000 -17.929912 -40.647435 -22.070088 -22.070088 16.528508 -127054.776596
748590392115.000000 0.008592 1.252133 1.256196 -40.000000 -17.929912 -40.647435 -22.070088 -22.070088 16.765949 -127054.776596
748590411117.000000 0.009145 1.261275 1.264987 -40.000000 -17.929912 -40.647435 -22.070088 -22.070088 17.020515 -127054.776596
748590432764.000000 0.010419 1.271693 1.275493 -40.000000 -17.929912 -40.647435 -22.070088 -22.070088 17.312932 -127054.776596
748590450668.000000 0.008618 1.280308 1.284191 -40.000000 -17.929912 -40.647435 -22.070088 -22.070088 17.556438 -127054.776596
748590471488.000000 0.010021 1.290327 1.295891 -40.000000 -19.951421 -40.876251 -20.048579 -20.048579 17.815668 -123444.984338
748590495343.000000 0.011481 1.301806 1.305723 -40.000000 -19.951421 -40.876251 -20.048579 -20.048579 18.115321 -123444.984338
748590513610.000000 0.008792 1.310595 1.314578 -40.000000 -19.951421 -40.876251 -20.048579 -20.048579 18.346332 -123444.984338
748590532152.000000 0.008924 1.319517 1.323597 -40.000000 -19.951421 -40.876251 -20.048579 -20.048579 18.582417 -123444.984338
748590550848.000000 0.008999 1.328514 1.332704 -40.000000 -19.951421 -40.876251 -20.048579 -20.048579 18.822097 -123444.984338
748590570459.000000 0.009439 1.337951 1.344531 -40.000000 -19.951421 -40.876251 -20.048579 -20.048579 19.075291 -123444.984338
748590600294.000000 0.014358 1.352307 1.358878 -40.000000 -19.951421 -40.876251 -20.048579 -20.048579 19.464570 -123444.984338
748590629985.000000 0.014290 1.366595 1.372712 -40.000000 -19.951421 -40.876251 -20.048579 -20.048579 19.856090 -123444.984338
748590656968.000000 0.012987 1.379578 1.383730 -40.000000 -19.951421 -40.876251 -20.048579 -20.048579 20.215289 -123444.984338
748590680988.000000 0.011561 1.391136 1.396438 -40.000000 -20.918230 -41.146355 -19.081770 -19.081770 20.522170 -122340.450331
748590701292.000000 0.009772 1.400905 1.404313 -40.000000 -20.918230 -41.146355 -19.081770 -19.081770 20.783394 -122340.450331
748590717144.000000 0.007631 1.408535 1.412612 -40.000000 -20.918230 -41.146355 -19.081770 -19.081770 20.988488 -122340.450331
748590735859.000000 0.009008 1.417540 1.420822 -40.000000 -20.918230 -41.146355 -19.081770 -19.081770 21.232144 -122340.450331
748590750343.000000 0.006972 1.424508 1.427769 -40.000000 -20.918230 -41.146355 -19.081770 -19.081770 21.421645 -122340.450331
748590765171.000000 0.007137 1.431643 1.434728 -40.000000 -20.918230 -41.146355 -19.081770 -19.081770 21.616617 -122340.450331
748590779340.000000 0.006820 1.438461 1.441605 -40.000000 -20.918230 -41.146355 -19.081770 -19.081770 21.803813 -122340.450331
748590793960.000000 0.007036 1.445496 1.448734 -40.000000 -20.918230 -41.146355 -19.081770 -19.081770 21.997897 -122340.450331
748590809105.000000 0.007290 1.452784 1.455886 -40.000000 -20.918230 -41.146355 -19.081770 -19.081770 22.199976 -122340.450331
748590823312.000000 0.006839 1.459622 1.462904 -40.000000 -20.918230 -41.146355 -19.081770 -19.081770 22.390462 -122340.450331
748590838269.000000 0.007199 1.466817 1.469946 -40.000000 -20.918230 -41.146355 -19.081770 -19.081770 22.591948 -122340.450331
748590852627.000000 0.006910 1.473726 1.476785 -40.000000 -20.918230 -41.146355 -19.081770 -19.081770 22.786277 -122340.450331
748590867077.000000 0.006955 1.480679 1.483784 -40.000000 -20.918230 -41.146355 -19.081770 -19.081770 22.982774 -122340.450331
748590882701.000000 0.007520 1.488198 1.491800 -40.000000 -22.939740 -41.417557 -17.060260 -17.060260 23.173702 -114527.760600
748590899035.000000 0.007861 1.496057 1.499177 -40.000000 -22.939740 -41.417557 -17.060260 -17.060260 23.374345 -114527.760600
748590913338.000000 0.006884 1.502939 1.506092 -40.000000 -22.939740 -41.417557 -17.060260 -17.060260 23.550852 -114527.760600
748590927720.000000 0.006922 1.509860 1.513487 -40.000000 -22.939740 -41.417557 -17.060260 -17.060260 23.729165 -114527.760600
748590943158.000000 0.007430 1.517289 1.520587 -40.000000 -22.939740 -41.417557 -17.060260 -17.060260 23.921495 -114527.760600
748590957783.000000 0.007039 1.524326 1.527301 -40.000000 -22.939740 -41.417557 -17.060260 -17.060260 24.104556 -114527.760600
748590971833.000000 0.006762 1.531087 1.534123 -40.000000 -22.939740 -41.417557 -17.060260 -17.060260 24.281189 -114527.760600
748590986441.000000 0.007031 1.538117 1.541922 -40.000000 -22.939740 -41.417557 -17.060260 -17.060260 24.465692 -114527.760600
748591002701.000000 0.007826 1.545941 1.549181 -40.000000 -22.939740 -41.417557 -17.060260 -17.060260 24.672099 -114527.760600
748591017381.000000 0.007065 1.553004 1.556247 -40.000000 -22.939740 -41.417557 -17.060260 -17.060260 24.859293 -114527.760600
748591033535.000000 0.007775 1.560778 1.563916 -40.000000 -22.939740 -41.417557 -17.060260 -17.060260 25.066323 -114527.760600
748591047755.000000 0.006845 1.567622 1.570741 -40.000000 -22.939740 -41.417557 -17.060260 -17.060260 25.249384 -114527.760600
748591062025.000000 0.006869 1.574487 1.577811 -40.000000 -22.939740 -41.417557 -17.060260 -17.060260 25.433881 -114527.760600
748591076725.000000 0.007075 1.581560 1.584750 -40.000000 -22.939740 -41.417557 -17.060260 -17.060260 25.624790 -114527.760600
748591092381.000000 0.007536 1.589095 1.593022 -40.000000 -24.961250 -41.734711 -15.038750 -15.038750 25.804884 -106620.178998
748591111188.000000 0.009051 1.598144 1.601851 -40.000000 -24.961250 -41.734711 -15.038750 -15.038750 26.022421 -106620.178998
748591127514.000000 0.007858 1.606001 1.610860 -40.000000 -24.961250 -41.734711 -15.038750 -15.038750 26.212218 -106620.178998
748591149641.000000 0.010649 1.616648 1.621097 -40.000000 -24.961250 -41.734711 -15.038750 -15.038750 26.471127 -106620.178998
748591169507.000000 0.009562 1.626208 1.630614 -40.000000 -24.961250 -41.734711 -15.038750 -15.038750 26.704970 -106620.178998
748591189309.000000 0.009530 1.635736 1.639847 -40.000000 -24.961250 -41.734711 -15.038750 -15.038750 26.939415 -106620.178998
748591208438.000000 0.009207 1.644941 1.649404 -40.000000 -24.961250 -41.734711 -15.038750 -15.038750 27.167180 -106620.178998
748591226478.000000 0.008683 1.653621 1.656866 -40.000000 -24.961250 -41.734711 -15.038750 -15.038750 27.383102 -106620.178998
748591240965.000000 0.006973 1.660592 1.663997 -40.000000 -24.961250 -41.734711 -15.038750 -15.038750 27.557240 -106620.178998
748591255936.000000 0.007206 1.667795 1.670989 -40.000000 -24.961250 -41.734711 -15.038750 -15.038750 27.737973 -106620.178998
748591270361.000000 0.006943 1.674737 1.677873 -40.000000 -24.961250 -41.734711 -15.038750 -15.038750 27.912842 -106620.178998
748591284990.000000 0.007041 1.681776 1.685113 -40.000000 -24.961250 -41.734711 -15.038750 -15.038750 28.090917 -106620.178998
748591301424.000000 0.007910 1.689684 1.693638 -40.000000 -26.982759 -42.010453 -13.017241 -13.017241 28.264894 -102648.713446
748591318174.000000 0.008061 1.697744 1.701589 -40.000000 -26.982759 -42.010453 -13.017241 -13.017241 28.443051 -102648.713446
748591336084.000000 0.008622 1.706363 1.710236 -40.000000 -26.982759 -42.010453 -13.017241 -13.017241 28.634553 -102648.713446
748591353184.000000 0.008231 1.714591 1.718732 -40.000000 -26.982759 -42.010453 -13.017241 -13.017241 28.818258 -102648.713446
748591369573.000000 0.007888 1.722477 1.725611 -40.000000 -26.982759 -42.010453 -13.017241 -13.017241 28.995126 -102648.713446
748591383913.000000 0.006902 1.729377 1.732576 -40.000000 -26.982759 -42.010453 -13.017241 -13.017241 29.150506 -102648.713446
748591398041.000000 0.006800 1.736175 1.739578 -40.000000 -26.982759 -42.010453 -13.017241 -13.017241 29.304182 -102648.713446
748591412689.000000 0.007050 1.743223 1.746437 -40.000000 -26.982759 -42.010453 -13.017241 -13.017241 29.464159 -102648.713446
748591428382.000000 0.007553 1.750775 1.754580 -40.000000 -26.982759 -42.010453 -13.017241 -13.017241 29.636300 -102648.713446
748591444631.000000 0.007821 1.758594 1.761969 -40.000000 -26.982759 -42.010453 -13.017241 -13.017241 29.815334 -102648.713446
748591459403.000000 0.007110 1.765701 1.768928 -40.000000 -26.982759 -42.010453 -13.017241 -13.017241 29.978745 -102648.713446
748591473789.000000 0.006924 1.772624 1.775929 -40.000000 -26.982759 -42.010453 -13.017241 -13.017241 30.138522 -102648.713446
748591488453.000000 0.007059 1.779681 1.783011 -40.000000 -26.982759 -42.010453 -13.017241 -13.017241 30.302046 -102648.713446
748591503203.000000 0.007100 1.786780 1.790222 -40.000000 -27.949568 -42.337126 -12.050432 -12.050432 30.454929 -100576.677013
748591520584.000000 0.008365 1.795142 1.798450 -40.000000 -27.949568 -42.337126 -12.050432 -12.050432 30.635884 -100576.677013
748591537333.000000 0.008062 1.803202 1.806621 -40.000000 -27.949568 -42.337126 -12.050432 -12.050432 30.811063 -100576.677013
748591552173.000000 0.007143 1.810342 1.813516 -40.000000 -27.949568 -42.337126 -12.050432 -12.050432 30.966887 -100576.677013
748591567600.000000 0.007425 1.817766 1.821113 -40.000000 -27.949568 -42.337126 -12.050432 -12.050432 31.129536 -100576.677013
748591582814.000000 0.007323 1.825087 1.828278 -40.000000 -27.949568 -42.337126 -12.050432 -12.050432 31.290587 -100576.677013
748591597915.000000 0.007268 1.832352 1.835777 -40.000000 -27.949568 -42.337126 -12.050432 -12.050432 31.451078 -100576.677013
748591613536.000000 0.007518 1.839869 1.843300 -40.000000 -27.949568 -42.337126 -12.050432 -12.050432 31.617764 -100576.677013
748591630562.000000 0.008195 1.848064 1.851542 -40.000000 -27.949568 -42.337126 -12.050432 -12.050432 31.800270 -100576.677013
748591645681.000000 0.007277 1.855337 1.858704 -40.000000 -27.949568 -42.337126 -12.050432 -12.050432 31.962957 -100576.677013
748591660829.000000 0.007291 1.862626 1.865833 -40.000000 -27.949568 -42.337126 -12.050432 -12.050432 32.126608 -100576.677013
748591675469.000000 0.007046 1.869671 1.872973 -40.000000 -27.949568 -42.337126 -12.050432 -12.050432 32.285359 -100576.677013
748591690561.000000 0.007264 1.876933 1.880310 -40.000000 -27.949568 -42.337126 -12.050432 -12.050432 32.449656 -100576.677013
748591706149.000000 0.007503 1.884435 1.888727 -40.000000 -29.971078 -42.337126 -10.028922 -12.050432 32.591449 -100576.677013
748591741198.000000 0.016868 1.901301 1.907116 -40.000000 -29.971078 -42.650976 -10.028922 -10.028922 32.913083 -92425.045684
748591768772.000000 0.013271 1.914570 1.921019 -40.000000 -29.971078 -42.650976 -10.028922 -10.028922 33.167896 -92425.045684
748591802876.000000 0.016413 1.930980 1.936892 -40.000000 -29.971078 -42.650976 -10.028922 -10.028922 33.485744 -92425.045684
748591829105.000000 0.012624 1.943601 1.949666 -40.000000 -29.971078 -42.650976 -10.028922 -10.028922 33.731806 -92425.045684
748591854481.000000 0.012213 1.955811 1.959816 -40.000000 -29.971078 -42.650976 -10.028922 -10.028922 33.971353 -92425.045684
748591872083.000000 0.008472 1.964282 1.968251 -40.000000 -29.971078 -42.650976 -10.028922 -10.028922 34.138255 -92425.045684
748591889833.000000 0.008543 1.972821 1.977498 -40.000000 -29.971078 -42.650976 -10.028922 -10.028922 34.307273 -92425.045684
748591910343.000000 0.009872 1.982693 1.986213 -40.000000 -29.971078 -42.650976 -10.028922 -10.028922 34.503563 -92425.045684
748591925960.000000 0.007517 1.990206 1.994075 -40.000000 -32.959397 -42.973434 -7.040603 -7.040603 34.608896 -81770.604655
748591942769.000000 0.008090 1.998294 2.001441 -40.000000 -32.959397 -42.973434 -7.040603 -7.040603 34.722720 -81770.604655
748591958382.000000 0.007516 2.005808 2.009907 -40.000000 -32.959397 -42.973434 -7.040603 -7.040603 34.828858 -81770.604655
748591980208.000000 0.010505 2.016310 2.019658 -40.000000 -32.959397 -42.973434 -7.040603 -7.040603 34.977986 -81770.604655
748591994830.000000 0.007038 2.023345 2.026879 -40.000000 -32.959397 -42.973434 -7.040603 -7.040603 35.078245 -81770.604655
748592012863.000000 0.008679 2.032023 2.035966 -40.000000 -32.959397 -42.973434 -7.040603 -7.040603 35.202416 -81770.604655
748592030564.000000 0.008520 2.040540 2.044128 -40.000000 -32.959397 -42.973434 -7.040603 -7.040603 35.324813 -81770.604655
748592047234.000000 0.008023 2.048561 2.052106 -40.000000 -32.959397 -42.973434 -7.040603 -7.040603 35.440528 -81770.604655
748592063667.000000 0.007909 2.056469 2.060352 -40.000000 -32.959397 -42.973434 -7.040603 -7.040603 35.555046 -81770.604655
748592079956.000000 0.007840 2.064307 2.067469 -40.000000 -32.959397 -42.973434 -7.040603 -7.040603 35.668993 -81770.604655
748592094455.000000 0.006978 2.071283 2.074435 -40.000000 -32.959397 -42.973434 -7.040603 -7.040603 35.770757 -81770.604655
748592108757.000000 0.006883 2.078165 2.081428 -40.000000 -32.959397 -42.973434 -7.040603 -7.040603 35.871473 -81770.604655
748592124083.000000 0.007377 2.085541 2.089046 -40.000000 -36.914524 -43.235342 -3.085476 -3.085476 35.918941 -68653.998593
748592141301.000000 0.008288 2.093827 2.097210 -40.000000 -36.914524 -43.235342 -3.085476 -3.085476 35.972482 -68653.998593
748592156320.000000 0.007228 2.101052 2.104243 -40.000000 -36.914524 -43.235342 -3.085476 -3.085476 36.019342 -68653.998593
748592171224.000000 0.007173 2.108224 2.111394 -40.000000 -36.914524 -43.235342 -3.085476 -3.085476 36.066003 -68653.998593
748592186353.000000 0.007281 2.115504 2.118934 -40.000000 -36.914524 -43.235342 -3.085476 -3.085476 36.113531 -68653.998593
748592201821.000000 0.007445 2.122947 2.126327 -40.000000 -36.914524 -43.235342 -3.085476 -3.085476 36.162295 -68653.998593
748592216685.000000 0.007154 2.130100 2.133526 -40.000000 -36.914524 -43.235342 -3.085476 -3.085476 36.209316 -68653.998593
748592231922.000000 0.007334 2.137432 2.141068 -40.000000 -36.914524 -43.235342 -3.085476 -3.085476 36.257682 -68653.998593
748592247798.000000 0.007641 2.145071 2.148650 -40.000000 -36.914524 -43.235342 -3.085476 -3.085476 36.308254 -68653.998593
748592263442.000000 0.007529 2.152598 2.155882 -40.000000 -36.914524 -43.235342 -3.085476 -3.085476 36.358261 -68653.998593
748592278189.000000 0.007098 2.159695 2.162961 -40.000000 -36.914524 -43.235342 -3.085476 -3.085476 36.405557 -68653.998593
748592292859.000000 0.007061 2.166754 2.170014 -40.000000 -36.914524 -43.235342 -3.085476 -3.085476 36.452763 -68653.998593
748592307401.000000 0.006999 2.173751 2.176953 -40.000000 -36.914524 -43.235342 -3.085476 -3.085476 36.499706 -68653.998593
748592321959.000000 0.007007 2.180757 2.183938 -40.000000 -36.914524 -43.235342 -3.085476 -3.085476 36.546851 -68653.998593
748592337214.000000 0.007343 2.188098 2.192279 -40.000000 -40.957544 -43.433332 0.957544 0.957544 36.562235 -56649.375002
748592354382.000000 0.008263 2.196358 2.199673 -40.000000 -40.957544 -43.433332 0.957544 0.957544 36.579612 -56649.375002
748592368942.000000 0.007008 2.203364 2.206592 -40.000000 -40.957544 -43.433332 0.957544 0.957544 36.594398 -56649.375002
748592384076.000000 0.007284 2.210647 2.213734 -40.000000 -40.957544 -43.433332 0.957544 0.957544 36.609816 -56649.375002
748592398624.000000 0.007002 2.217647 2.220790 -40.000000 -40.957544 -43.433332 0.957544 0.957544 36.624684 -56649.375002
748592413588.000000 0.007203 2.224849 2.229019 -40.000000 -40.957544 -43.433332 0.957544 0.957544 36.640030 -56649.375002
748592432338.000000 0.009024 2.233871 2.237270 -40.000000 -40.957544 -43.433332 0.957544 0.957544 36.659333 -56649.375002
748592447827.000000 0.007455 2.241324 2.245045 -40.000000 -40.957544 -43.433332 0.957544 0.957544 36.675332 -56649.375002
748592463648.000000 0.007615 2.248938 2.252428 -40.000000 -40.957544 -43.433332 0.957544 0.957544 36.691731 -56649.375002
748592478856.000000 0.007320 2.256255 2.260098 -40.000000 -40.957544 -43.433332 0.957544 0.957544 36.707545 -56649.375002
748592495122.000000 0.007829 2.264082 2.267268 -40.000000 -40.957544 -43.433332 0.957544 0.957544 36.724518 -56649.375002
748592509607.000000 0.006972 2.271052 2.274220 -40.000000 -40.957544 -43.433332 0.957544 0.957544 36.739680 -56649.375002
748592523815.000000 0.006839 2.277888 2.281032 -40.000000 -40.957544 -43.433332 0.957544 0.957544 36.754596 -56649.375002
748592538098.000000 0.006874 2.284762 2.288564 -40.000000 -44.912671 -43.511049 4.912671 4.912671 36.831755 -47005.234105
748592555443.000000 0.008349 2.293109 2.296794 -40.000000 -44.912671 -43.511049 4.912671 4.912671 36.925811 -47005.234105
748592571793.000000 0.007869 2.300976 2.304809 -40.000000 -44.912671 -43.511049 4.912671 4.912671 37.014766 -47005.234105
748592590810.000000 0.009153 2.310127 2.313260 -40.000000 -44.912671 -43.511049 4.912671 4.912671 37.118640 -47005.234105
748592604983.000000 0.006821 2.316946 2.320124 -40.000000 -44.912671 -43.511049 4.912671 4.912671 37.196284 -47005.234105
748592619148.000000 0.006818 2.323761 2.326811 -40.000000 -44.912671 -43.511049 4.912671 4.912671 37.274112 -47005.234105
748592633799.000000 0.007052 2.330811 2.333943 -40.000000 -44.912671 -43.511049 4.912671 4.912671 37.354859 -47005.234105
748592647962.000000 0.006817 2.337627 2.340812 -40.000000 -44.912671 -43.511049 4.912671 4.912671 37.433146 -47005.234105
748592663208.000000 0.007338 2.344964 2.349416 -40.000000 -44.912671 -43.511049 4.912671 4.912671 37.517682 -47005.234105
748592683019.000000 0.009536 2.354498 2.359213 -40.000000 -44.912671 -43.511049 4.912671 4.912671 37.627981 -47005.234105
748592702204.000000 0.009234 2.363729 2.366895 -40.000000 -44.912671 -43.511049 4.912671 4.912671 37.735204 -47005.234105
748592716733.000000 0.006993 2.370719 2.374358 -40.000000 -44.912671 -43.511049 4.912671 4.912671 37.816650 -47005.234105
748592732026.000000 0.007361 2.378078 2.381222 -40.000000 -44.912671 -43.511049 4.912671 4.912671 37.902644 -47005.234105
748592746670.000000 0.007048 2.385124 2.388981 -40.000000 -48.955691 -43.430583 8.955691 8.955691 38.053203 -33860.765807
748592769219.000000 0.010853 2.395976 2.401236 -40.000000 -48.955691 -43.430583 8.955691 8.955691 38.286078 -33860.765807
748592788655.000000 0.009354 2.405328 2.408646 -40.000000 -48.955691 -43.430583 8.955691 8.955691 38.487584 -33860.765807
748592803380.000000 0.007087 2.412412 2.415703 -40.000000 -48.955691 -43.430583 8.955691 8.955691 38.640697 -33860.765807
748592818552.000000 0.007303 2.419713 2.422929 -40.000000 -48.955691 -43.430583 8.955691 8.955691 38.798946 -33860.765807
748592833149.000000 0.007025 2.426737 2.430221 -40.000000 -48.955691 -43.430583 8.955691 8.955691 38.951629 -33860.765807
748592850330.000000 0.008270 2.435007 2.439053 -40.000000 -48.955691 -43.430583 8.955691 8.955691 39.131980 -33860.765807
748592868168.000000 0.008585 2.443588 2.446786 -40.000000 -48.955691 -43.430583 8.955691 8.955691 39.319864 -33860.765807
748592883033.000000 0.007154 2.450741 2.453966 -40.000000 -48.955691 -43.430583 8.955691 8.955691 39.476888 -33860.765807
748592897862.000000 0.007138 2.457877 2.461047 -40.000000 -48.955691 -43.430583 8.955691 8.955691 39.633999 -33860.765807
748592912153.000000 0.006879 2.464754 2.468228 -40.000000 -48.955691 -43.430583 8.955691 8.955691 39.785835 -33860.765807
748592926903.000000 0.007099 2.471851 2.475469 -40.000000 -48.955691 -43.430583 8.955691 8.955691 39.942987 -33860.765807
748592944470.000000 0.008455 2.480305 2.484102 -40.000000 -48.955691 -43.430583 8.955691 8.955691 40.130797 -33860.765807
748592960416.000000 0.007675 2.487978 2.491612 -40.000000 -52.998710 -43.229440 12.998710 12.998710 40.379011 -22254.031244
748592976999.000000 0.007982 2.495958 2.499219 -40.000000 -52.998710 -43.229440 12.998710 12.998710 40.637981 -22254.031244
748592991221.000000 0.006845 2.502800 2.505904 -40.000000 -52.998710 -43.229440 12.998710 12.998710 40.860669 -22254.031244
748593005380.000000 0.006815 2.509613 2.512832 -40.000000 -52.998710 -43.229440 12.998710 12.998710 41.082975 -22254.031244
748593020047.000000 0.007060 2.516672 2.520771 -40.000000 -52.998710 -43.229440 12.998710 12.998710 41.313918 -22254.031244
748593037678.000000 0.008486 2.525156 2.529432 -40.000000 -52.998710 -43.229440 12.998710 12.998710 41.592454 -22254.031244
748593054300.000000 0.008001 2.533154 2.536369 -40.000000 -52.998710 -43.229440 12.998710 12.998710 41.855902 -22254.031244
748593068979.000000 0.007065 2.540217 2.543470 -40.000000 -52.998710 -43.229440 12.998710 12.998710 42.089180 -22254.031244
748593083786.000000 0.007127 2.547341 2.550375 -40.000000 -52.998710 -43.229440 12.998710 12.998710 42.325168 -22254.031244
748593097892.000000 0.006789 2.554129 2.557223 -40.000000 -52.998710 -43.229440 12.998710 12.998710 42.550570 -22254.031244
748593115621.000000 0.008534 2.562662 2.566833 -40.000000 -52.998710 -43.229440 12.998710 12.998710 42.834847 -22254.031244
748593132008.000000 0.007887 2.570546 2.573595 -40.000000 -52.998710 -43.229440 12.998710 12.998710 43.098389 -22254.031244
748593145922.000000 0.006697 2.577241 2.580530 -40.000000 -52.998710 -43.229440 12.998710 12.998710 43.322735 -22254.031244
748593160413.000000 0.006974 2.584214 2.587449 -40.000000 -48.955691 -43.229440 8.955691 12.998710 43.484146 -22254.031244
748593177233.000000 0.008096 2.592309 2.596095 -40.000000 -48.955691 -42.805563 8.955691 8.955691 43.672092 -47879.462217
748593193043.000000 0.007610 2.599915 2.603409 -40.000000 -48.955691 -42.805563 8.955691 8.955691 43.849274 -47879.462217
748593208230.000000 0.007310 2.607223 2.610443 -40.000000 -48.955691 -42.805563 8.955691 8.955691 44.019954 -47879.462217
748593222993.000000 0.007106 2.614328 2.617640 -40.000000 -48.955691 -42.805563 8.955691 8.955691 44.186322 -47879.462217
748593237616.000000 0.007038 2.621364 2.624467 -40.000000 -48.955691 -42.805563 8.955691 8.955691 44.351556 -47879.462217
748593253795.000000 0.007788 2.629150 2.632360 -40.000000 -48.955691 -42.805563 8.955691 8.955691 44.534922 -47879.462217
748593268308.000000 0.006985 2.636132 2.639495 -40.000000 -48.955691 -42.805563 8.955691 8.955691 44.699826 -47879.462217
748593283675.000000 0.007396 2.643527 2.646620 -40.000000 -48.955691 -42.805563 8.955691 8.955691 44.874933 -47879.462217
748593297890.000000 0.006842 2.650366 2.653541 -40.000000 -48.955691 -42.805563 8.955691 8.955691 45.037324 -47879.462217
748593312411.000000 0.006989 2.657355 2.660603 -40.000000 -48.955691 -42.805563 8.955691 8.955691 45.203647 -47879.462217
748593327077.000000 0.007059 2.664412 2.667607 -40.000000 -48.955691 -42.805563 8.955691 8.955691 45.372088 -47879.462217
748593341780.000000 0.007077 2.671486 2.674744 -40.000000 -48.955691 -42.805563 8.955691 8.955691 45.541403 -47879.462217
748593356656.000000 0.007160 2.678644 2.681819 -40.000000 -48.955691 -42.805563 8.955691 8.955691 45.713168 -47879.462217
748593372454.000000 0.007604 2.686247 2.689718 -40.000000 -44.912671 -42.523442 4.912671 4.912671 45.813513 -56092.985139
748593389166.000000 0.008044 2.694289 2.697709 -40.000000 -44.912671 -42.523442 4.912671 4.912671 45.919986 -56092.985139
748593404287.000000 0.007278 2.701564 2.704754 -40.000000 -44.912671 -42.523442 4.912671 4.912671 46.016572 -56092.985139
748593418958.000000 0.007061 2.708624 2.711647 -40.000000 -44.912671 -42.523442 4.912671 4.912671 46.110530 -56092.985139
748593432861.000000 0.006691 2.715313 2.718670 -40.000000 -44.912671 -42.523442 4.912671 4.912671 46.199791 -56092.985139
748593447426.000000 0.007010 2.722322 2.725390 -40.000000 -44.912671 -42.523442 4.912671 4.912671 46.293541 -56092.985139
748593461683.000000 0.006862 2.729182 2.732201 -40.000000 -44.912671 -42.523442 4.912671 4.912671 46.385542 -56092.985139
748593476636.000000 0.007197 2.736378 2.740028 -40.000000 -44.912671 -42.523442 4.912671 4.912671 46.482293 -56092.985139
748593491675.000000 0.007239 2.743615 2.746712 -40.000000 -44.912671 -42.523442 4.912671 4.912671 46.579858 -56092.985139
748593505715.000000 0.006757 2.750370 2.753416 -40.000000 -44.912671 -42.523442 4.912671 4.912671 46.671161 -56092.985139
748593520081.000000 0.006914 2.757283 2.760353 -40.000000 -44.912671 -42.523442 4.912671 4.912671 46.764819 -56092.985139
748593534633.000000 0.007004 2.764286 2.767321 -40.000000 -44.912671 -42.523442 4.912671 4.912671 46.859937 -56092.985139
748593548826.000000 0.006831 2.771115 2.774292 -40.000000 -44.912671 -42.523442 4.912671 4.912671 46.952931 -56092.985139
748593563107.000000 0.006874 2.777987 2.781115 -40.000000 -44.912671 -42.523442 4.912671 4.912671 47.046740 -56092.985139
