926901890076.000000 0.000002 0.000004 0.007315 -0.000005 0.000000 -40.000000 -0.000005 -40.000000 0.000000 -2025783.087132
926901927159.000000 0.017846 0.017851 0.025660 -0.020088 0.000000 -40.000000 -0.020088 -40.000000 0.000006 -21037.789814
926901963617.000000 0.017545 0.035394 0.043886 -0.059905 0.000000 -40.000000 -0.059905 -40.000000 0.000044 -22873.950890
926902002676.000000 0.018797 0.054189 0.062035 -0.120868 0.000000 -40.000000 -0.120868 -40.000000 0.000167 -24953.604297
926902042747.000000 0.019284 0.073471 0.082599 -0.203523 0.000000 -40.000000 -0.203523 -40.000000 0.000455 -27722.989378
926902086328.000000 0.020973 0.094441 0.102055 -0.309769 0.000000 -40.000000 -0.309769 -40.000000 0.001069 -31035.038804
926902120903.000000 0.016639 0.111078 0.117515 -0.434732 0.000000 -40.000000 -0.434732 -40.000000 0.001872 -35785.000520
926902150895.000000 0.014434 0.125510 0.131694 -0.575931 0.000000 -40.000000 -0.575931 -40.000000 0.002915 -40706.947818
926902180192.000000 0.014100 0.139608 0.145732 -0.732990 0.000000 -40.000000 -0.732990 -40.000000 0.004358 -45589.575234
926902209657.000000 0.014180 0.153787 0.159860 -0.905999 0.000000 -40.000000 -0.905999 -40.000000 0.006334 -50923.389496
926902240906.000000 0.015039 0.168823 0.175061 -1.095925 0.000000 -40.000000 -1.095925 -40.000000 0.009116 -56460.572536
926902270963.000000 0.014465 0.183286 0.190057 -1.302122 0.000000 -40.000000 -1.302122 -40.000000 0.012569 -63206.633742
926902303456.000000 0.015637 0.198921 0.205127 -1.525908 0.000000 -40.000000 -1.525908 -40.000000 0.017315 -69441.837732
926902334981.000000 0.015171 0.214091 0.220405 -1.766760 0.000000 -40.000000 -1.766760 -40.000000 0.023054 -77205.754619
926902364858.000000 0.014379 0.228468 0.234636 -2.023786 0.000000 -40.000000 -2.023786 -40.000000 0.029702 -85441.862259
926902394466.000000 0.014250 0.242715 0.248920 -2.296840 0.000000 -40.000000 -2.296840 -40.000000 0.037646 -90735.847419
926902423860.000000 0.014147 0.256859 0.263122 -2.585806 0.000000 -40.000000 -2.585806 -40.000000 0.047042 -83426.300797
926902453826.000000 0.014421 0.271278 0.277477 -2.890994 0.000000 -40.000000 -2.890994 -40.000000 0.058352 -86854.616289
926902486792.000000 0.015865 0.287141 0.294651 -3.222029 -0.966809 -40.055307 -2.255220 -39.033191 0.068626 -83169.189912
926902519021.000000 0.015511 0.302650 0.308663 -3.570944 -0.966809 -40.055307 -2.604135 -39.033191 0.080851 -84029.539886
926902548170.000000 0.014029 0.316676 0.324029 -3.936029 -0.966809 -40.055307 -2.969220 -39.033191 0.094041 -84929.762637
926902580435.000000 0.015528 0.332201 0.338855 -4.319012 -0.966809 -40.055307 -3.352203 -39.033191 0.111333 -85874.119157
926902610841.000000 0.014634 0.346833 0.352824 -4.718864 -0.966809 -40.055307 -3.752055 -39.033191 0.130376 -86860.070633
926902640732.000000 0.014385 0.361215 0.368645 -5.135297 -0.966809 -40.055307 -4.168488 -39.033191 0.152036 -87886.905760
926902676711.000000 0.017315 0.378529 0.385445 -5.571689 -0.966809 -40.055307 -4.604880 -39.033191 0.182217 -88962.957755
926902712460.000000 0.017205 0.395732 0.402744 -6.052833 -2.988319 -40.166303 -3.064514 -37.011681 0.203082 -82957.669959
926902746227.000000 0.016251 0.411980 0.415662 -6.553731 -2.988319 -40.166303 -3.565413 -37.011681 0.226952 -84192.781084
926902762447.000000 0.007807 0.419784 0.423310 -7.064119 -2.988319 -40.166303 -4.075800 -37.011681 0.240310 -85451.288411
926902778214.000000 0.007589 0.427371 0.431429 -7.583730 -2.988319 -40.166303 -4.595411 -37.011681 0.255215 -86732.541324
926902794720.000000 0.007945 0.435314 0.439425 -8.112998 -2.988319 -40.166303 -5.124680 -37.011681 0.272939 -88037.605909
926902813037.000000 0.008816 0.444128 0.448623 -8.652983 -2.988319 -40.166303 -5.664665 -37.011681 0.295119 -89369.094727
926902834495.000000 0.010327 0.454454 0.458583 -9.205522 -2.988319 -40.166303 -6.217204 -37.011681 0.324298 -90731.540451
926902853564.000000 0.009179 0.463632 0.468124 -9.769221 -2.988319 -40.166303 -6.780902 -37.011681 0.353154 -92121.502462
926902873889.000000 0.009783 0.473410 0.477622 -10.344808 -2.988319 -40.166303 -7.356489 -37.011681 0.387224 -93540.778248
926902893571.000000 0.009474 0.482882 0.487376 -10.931911 -2.988319 -40.166303 -7.943592 -37.011681 0.423563 -94988.451755
926902924019.000000 0.014654 0.497533 0.502002 -11.589958 -5.976637 -40.311762 -5.613321 -34.023363 0.464488 -86945.269621
926902944860.000000 0.010031 0.507562 0.511838 -12.261270 -5.976637 -40.311762 -6.284632 -34.023363 0.496485 -88600.582784
926902964601.000000 0.009502 0.517059 0.521556 -12.945143 -5.976637 -40.311762 -6.968506 -34.023363 0.530721 -90286.871052
926902984605.000000 0.009629 0.526687 0.531043 -13.641750 -5.976637 -40.311762 -7.665112 -34.023363 0.569595 -92004.556570
926903003909.000000 0.009291 0.535974 0.540683 -14.350640 -5.976637 -40.311762 -8.374003 -34.023363 0.611294 -93752.531403
926903026598.000000 0.010920 0.546891 0.551001 -15.073970 -5.976637 -40.311762 -9.097333 -34.023363 0.665623 -95536.110813
926903045424.000000 0.009061 0.555951 0.560293 -15.809283 -5.976637 -40.311762 -9.832645 -34.023363 0.715156 -97349.237254
926903063603.000000 0.008750 0.564698 0.569075 -16.556164 -5.976637 -40.311762 -10.579527 -34.023363 0.767431 -99190.890670
926903082444.000000 0.009069 0.573765 0.577774 -17.315037 -5.976637 -40.311762 -11.338400 -34.023363 0.826427 -101062.111517
926903101267.000000 0.009060 0.582822 0.587627 -18.085890 -5.976637 -40.311762 -12.109252 -34.023363 0.890367 -102962.871547
926903125578.000000 0.011701 0.594521 0.599742 -18.975648 -9.931765 -40.514776 -9.043883 -30.068235 0.953279 -93017.033655
926903146307.000000 0.009977 0.604495 0.608592 -19.880332 -9.931765 -40.514776 -9.948567 -30.068235 1.013279 -95247.795870
926903164891.000000 0.008945 0.613438 0.617633 -20.798401 -9.931765 -40.514776 -10.866636 -30.068235 1.072909 -97511.560178
926903182578.000000 0.008513 0.621949 0.625560 -21.729207 -9.931765 -40.514776 -11.797442 -30.068235 1.135371 -99806.731968
926903201209.000000 0.008967 0.630914 0.635649 -22.673430 -9.931765 -40.514776 -12.741665 -30.068235 1.207460 -102134.987536
926903223269.000000 0.010617 0.641529 0.646077 -23.633539 -9.931765 -40.514776 -13.701775 -30.068235 1.300788 -104502.415889
926903245654.000000 0.010774 0.652300 0.656419 -24.609770 -9.931765 -40.514776 -14.678005 -30.068235 1.403942 -106909.594140
926903265345.000000 0.009478 0.661775 0.665849 -25.600179 -9.931765 -40.514776 -15.668415 -30.068235 1.502215 -109351.736677
926903282833.000000 0.008417 0.670190 0.674400 -26.603183 -9.931765 -40.514776 -16.671418 -30.068235 1.596258 -111824.931547
926903301760.000000 0.009110 0.679299 0.682866 -27.619818 -9.931765 -40.514776 -17.688053 -30.068235 1.705724 -114331.741141
926903319208.000000 0.008398 0.687694 0.692216 -28.808904 -13.974784 -40.732692 -14.834120 -26.025216 1.791397 -106224.275722
926903341521.000000 0.010739 0.698430 0.702157 -30.016555 -13.974784 -40.732692 -16.041771 -26.025216 1.911715 -109202.087919
926903358684.000000 0.008261 0.706689 0.710999 -31.238485 -13.974784 -40.732692 -17.263701 -26.025216 2.012501 -112215.111713
926903377760.000000 0.009182 0.715868 0.719796 -32.476288 -13.974784 -40.732692 -18.501503 -26.025216 2.134108 -115267.271814
926903395114.000000 0.008353 0.724219 0.728262 -33.728529 -13.974784 -40.732692 -19.753745 -26.025216 2.253607 -118355.035369
926903413121.000000 0.008667 0.732884 0.737360 -34.995752 -13.974784 -40.732692 -21.020968 -26.025216 2.387126 -121479.742072
926903432109.000000 0.009140 0.742022 0.746255 -36.278777 -13.974784 -40.732692 -22.303992 -26.025216 2.538397 -124643.410696
926903451424.000000 0.009297 0.751316 0.755295 -37.577871 -13.974784 -40.732692 -23.603087 -26.025216 2.703258 -127846.703908
926903471426.000000 0.009627 0.760940 0.765009 -38.893606 -13.974784 -40.732692 -24.918822 -26.025216 2.885806 -131091.031156
926903490026.000000 0.008953 0.769890 0.773860 -40.000000 -13.974784 -40.732692 -26.025216 -26.025216 3.065185 -133819.165295
926903507603.000000 0.008460 0.778348 0.781947 -40.000000 -13.974784 -40.732692 -26.025216 -26.025216 3.236553 -133819.165295
926903525365.000000 0.008549 0.786896 0.791561 -40.000000 -18.984612 -40.989241 -21.015388 -21.015388 3.377933 -120907.562101
926903546472.000000 0.010159 0.797051 0.800565 -40.000000 -18.984612 -40.989241 -21.015388 -21.015388 3.548098 -120907.562101
926903562305.000000 0.007621 0.804670 0.808868 -40.000000 -18.984612 -40.989241 -21.015388 -21.015388 3.676975 -120907.562101
926903581067.000000 0.009031 0.813698 0.817794 -40.000000 -18.984612 -40.989241 -21.015388 -21.015388 3.831399 -120907.562101
926903600653.000000 0.009427 0.823123 0.827870 -40.000000 -18.984612 -40.989241 -21.015388 -21.015388 3.994461 -120907.562101
926903619942.000000 0.009285 0.832405 0.836696 -40.000000 -18.984612 -40.989241 -21.015388 -21.015388 4.156880 -120907.562101
926903638522.000000 0.008943 0.841345 0.845179 -40.000000 -18.984612 -40.989241 -21.015388 -21.015388 4.315002 -120907.562101
926903658052.000000 0.009400 0.850742 0.855343 -40.000000 -18.984612 -40.989241 -21.015388 -21.015388 4.483054 -120907.562101
926903677398.000000 0.009311 0.860052 0.863722 -40.000000 -18.984612 -40.989241 -21.015388 -21.015388 4.651345 -120907.562101
926903695674.000000 0.008797 0.868847 0.873867 -40.000000 -18.984612 -40.989241 -21.015388 -21.015388 4.811974 -120907.562101
926903717397.000000 0.010455 0.879299 0.883258 -40.000000 -18.984612 -40.989241 -21.015388 -21.015388 5.005176 -120907.562101
926903734939.000000 0.008443 0.887739 0.893332 -40.000000 -22.939740 -41.222238 -17.060260 -17.060260 5.133046 -110521.019490
926903758112.000000 0.011153 0.898891 0.902620 -40.000000 -22.939740 -41.222238 -17.060260 -17.060260 5.304082 -110521.019490
926903775958.000000 0.008590 0.907478 0.913182 -40.000000 -22.939740 -41.222238 -17.060260 -17.060260 5.437067 -110521.019490
926903799020.000000 0.011100 0.918575 0.922716 -40.000000 -22.939740 -41.222238 -17.060260 -17.060260 5.611011 -110521.019490
926903817306.000000 0.008802 0.927376 0.931160 -40.000000 -22.939740 -41.222238 -17.060260 -17.060260 5.750269 -110521.019490
926903834247.000000 0.008155 0.935527 0.940173 -40.000000 -22.939740 -41.222238 -17.060260 -17.060260 5.880422 -110521.019490
926903855059.000000 0.010017 0.945542 0.949371 -40.000000 -22.939740 -41.222238 -17.060260 -17.060260 6.042007 -110521.019490
926903872014.000000 0.008161 0.953699 0.957959 -40.000000 -22.939740 -41.222238 -17.060260 -17.060260 6.174790 -110521.019490
926903892351.000000 0.009789 0.963487 0.967690 -40.000000 -22.939740 -41.222238 -17.060260 -17.060260 6.335693 -110521.019490
926903908959.000000 0.007994 0.971476 0.975221 -40.000000 -22.939740 -41.222238 -17.060260 -17.060260 6.468176 -110521.019490
926903925937.000000 0.008172 0.979646 0.982785 -40.000000 -22.939740 -41.222238 -17.060260 -17.060260 6.604748 -110521.019490
926903939955.000000 0.006747 0.986391 0.990057 -40.000000 -26.982759 -41.222238 -13.017241 -17.060260 6.691383 -110521.019490
926903958582.000000 0.008966 0.995356 0.999637 -40.000000 -26.982759 -41.454783 -13.017241 -13.017241 6.807548 -99842.963119
926903977435.000000 0.009074 1.004427 1.008374 -40.000000 -26.982759 -41.454783 -13.017241 -13.017241 6.926194 -99842.963119
926903994214.000000 0.008076 1.012500 1.016376 -40.000000 -26.982759 -41.454783 -13.017241 -13.017241 7.032633 -99842.963119
926904011123.000000 0.008138 1.020637 1.024012 -40.000000 -26.982759 -41.454783 -13.017241 -13.017241 7.140759 -99842.963119
926904026341.000000 0.007325 1.027960 1.031331 -40.000000 -26.982759 -41.454783 -13.017241 -13.017241 7.238779 -99842.963119
926904041274.000000 0.007188 1.035146 1.038915 -40.000000 -26.982759 -41.454783 -13.017241 -13.017241 7.335629 -99842.963119
926904057022.000000 0.007580 1.042723 1.045897 -40.000000 -26.982759 -41.454783 -13.017241 -13.017241 7.438512 -99842.963119
926904072247.000000 0.007328 1.050049 1.053314 -40.000000 -26.982759 -41.454783 -13.017241 -13.017241 7.538677 -99842.963119
926904087829.000000 0.007500 1.057547 1.060852 -40.000000 -26.982759 -41.454783 -13.017241 -13.017241 7.641929 -99842.963119
926904102423.000000 0.007024 1.064569 1.068275 -40.000000 -26.982759 -41.454783 -13.017241 -13.017241 7.739266 -99842.963119
926904119838.000000 0.008382 1.072950 1.076916 -40.000000 -26.982759 -41.454783 -13.017241 -13.017241 7.856341 -99842.963119
926904137795.000000 0.008642 1.081590 1.084841 -40.000000 -26.982759 -41.454783 -13.017241 -13.017241 7.978017 -99842.963119
926904155662.000000 0.008600 1.090189 1.094502 -40.000000 -31.992588 -41.662609 -8.007412 -8.007412 8.053091 -86658.743372
926904175975.000000 0.009777 1.099963 1.104229 -40.000000 -31.992588 -41.662609 -8.007412 -8.007412 8.139204 -86658.743372
926904194590.000000 0.008959 1.108920 1.112225 -40.000000 -31.992588 -41.662609 -8.007412 -8.007412 8.218759 -86658.743372
926904209323.000000 0.007091 1.116010 1.119851 -40.000000 -31.992588 -41.662609 -8.007412 -8.007412 8.282129 -86658.743372
926904227720.000000 0.008855 1.124863 1.128530 -40.000000 -31.992588 -41.662609 -8.007412 -8.007412 8.361887 -86658.743372
926904244141.000000 0.007904 1.132763 1.136626 -40.000000 -31.992588 -41.662609 -8.007412 -8.007412 8.433577 -86658.743372
926904262460.000000 0.008818 1.141580 1.145105 -40.000000 -31.992588 -41.662609 -8.007412 -8.007412 8.514182 -86658.743372
926904279081.000000 0.008000 1.149576 1.152787 -40.000000 -31.992588 -41.662609 -8.007412 -8.007412 8.587821 -86658.743372
926904295189.000000 0.007753 1.157328 1.160891 -40.000000 -31.992588 -41.662609 -8.007412 -8.007412 8.659674 -86658.743372
926904311603.000000 0.007900 1.165225 1.168946 -40.000000 -31.992588 -41.662609 -8.007412 -8.007412 8.733386 -86658.743372
926904328556.000000 0.008160 1.173383 1.176697 -40.000000 -31.992588 -41.662609 -8.007412 -8.007412 8.810052 -86658.743372
926904345068.000000 0.007948 1.181329 1.184502 -40.000000 -31.992588 -41.662609 -8.007412 -8.007412 8.885233 -86658.743372
926904360105.000000 0.007239 1.188565 1.193069 -40.000000 -34.980906 -41.827980 -5.019094 -5.019094 8.928415 -80411.867806
926904380052.000000 0.009601 1.198163 1.201465 -40.000000 -34.980906 -41.827980 -5.019094 -5.019094 8.986151 -80411.867806
926904396658.000000 0.007993 1.206154 1.209780 -40.000000 -34.980906 -41.827980 -5.019094 -5.019094 9.034537 -80411.867806
926904412036.000000 0.007402 1.213553 1.216879 -40.000000 -34.980906 -41.827980 -5.019094 -5.019094 9.079620 -80411.867806
926904429464.000000 0.008389 1.221940 1.226754 -40.000000 -34.980906 -41.827980 -5.019094 -5.019094 9.131068 -80411.867806
926904448147.000000 0.008993 1.230929 1.234830 -40.000000 -34.980906 -41.827980 -5.019094 -5.019094 9.186625 -80411.867806
926904463894.000000 0.007579 1.238507 1.242283 -40.000000 -34.980906 -41.827980 -5.019094 -5.019094 9.233739 -80411.867806
926904479299.000000 0.007415 1.245919 1.249182 -40.000000 -34.980906 -41.827980 -5.019094 -5.019094 9.280106 -80411.867806
926904493952.000000 0.007053 1.252970 1.256422 -40.000000 -34.980906 -41.827980 -5.019094 -5.019094 9.324459 -80411.867806
926904510018.000000 0.007733 1.260702 1.264810 -40.000000 -34.980906 -41.827980 -5.019094 -5.019094 9.373392 -80411.867806
926904527098.000000 0.008221 1.268919 1.271977 -40.000000 -34.980906 -41.827980 -5.019094 -5.019094 9.425748 -80411.867806
926904542166.000000 0.007253 1.276171 1.280602 -40.000000 -34.980906 -41.827980 -5.019094 -5.019094 9.472205 -80411.867806
926904561398.000000 0.009257 1.285426 1.290518 -40.000000 -36.914524 -41.827980 -3.085476 -5.019094 9.508920 -80411.867806
926904582622.000000 0.010215 1.295639 1.299511 -40.000000 -36.914524 -41.949536 -3.085476 -3.085476 9.549757 -76697.602138
926904599704.000000 0.008222 1.303859 1.307400 -40.000000 -36.914524 -41.949536 -3.085476 -3.085476 9.582835 -76697.602138
926904616215.000000 0.007947 1.311802 1.315844 -40.000000 -36.914524 -41.949536 -3.085476 -3.085476 9.615000 -76697.602138
926904633734.000000 0.008432 1.320232 1.323484 -40.000000 -36.914524 -41.949536 -3.085476 -3.085476 9.649348 -76697.602138
926904648309.000000 0.007016 1.327246 1.331125 -40.000000 -36.914524 -41.949536 -3.085476 -3.085476 9.678079 -76697.602138
926904663760.000000 0.007437 1.334680 1.337776 -40.000000 -36.914524 -41.949536 -3.085476 -3.085476 9.708705 -76697.602138
926904677540.000000 0.006633 1.341311 1.344460 -40.000000 -36.914524 -41.949536 -3.085476 -3.085476 9.736155 -76697.602138
926904692441.000000 0.007173 1.348483 1.351931 -40.000000 -36.914524 -41.949536 -3.085476 -3.085476 9.766000 -76697.602138
926904707177.000000 0.007093 1.355572 1.358725 -40.000000 -36.914524 -41.949536 -3.085476 -3.085476 9.795667 -76697.602138
926904721379.000000 0.006836 1.362406 1.365647 -40.000000 -36.914524 -41.949536 -3.085476 -3.085476 9.824402 -76697.602138
926904736426.000000 0.007242 1.369646 1.372736 -40.000000 -36.914524 -41.949536 -3.085476 -3.085476 9.855009 -76697.602138
926904751751.000000 0.007376 1.377022 1.380716 -40.000000 -36.914524 -41.949536 -3.085476 -3.085476 9.886348 -76697.602138
926904768438.000000 0.008032 1.385051 1.388771 -40.000000 -37.969225 -41.949536 -2.030775 -3.085476 9.908939 -76697.602138
926904787062.000000 0.008964 1.394013 1.398076 -40.000000 -37.969225 -42.046991 -2.030775 -2.030775 9.934316 -75050.056587
926904803190.000000 0.007763 1.401773 1.405173 -40.000000 -37.969225 -42.046991 -2.030775 -2.030775 9.956413 -75050.056587
926904818432.000000 0.007336 1.409107 1.413070 -40.000000 -37.969225 -42.046991 -2.030775 -2.030775 9.977407 -75050.056587
926904835419.000000 0.008176 1.417281 1.420473 -40.000000 -37.969225 -42.046991 -2.030775 -2.030775 10.000938 -75050.056587
926904849665.000000 0.006857 1.424136 1.428278 -40.000000 -37.969225 -42.046991 -2.030775 -2.030775 10.020770 -75050.056587
926904868041.000000 0.008844 1.432979 1.436793 -40.000000 -37.969225 -42.046991 -2.030775 -2.030775 10.046507 -75050.056587
926904885216.000000 0.008267 1.441244 1.445172 -40.000000 -37.969225 -42.046991 -2.030775 -2.030775 10.070703 -75050.056587
926904902053.000000 0.008104 1.449346 1.452933 -40.000000 -37.969225 -42.046991 -2.030775 -2.030775 10.094555 -75050.056587
926904918882.000000 0.008100 1.457443 1.460924 -40.000000 -37.969225 -42.046991 -2.030775 -2.030775 10.118528 -75050.056587
926904934945.000000 0.007732 1.465173 1.468258 -40.000000 -37.969225 -42.046991 -2.030775 -2.030775 10.141534 -75050.056587
926904949024.000000 0.006777 1.471948 1.475600 -40.000000 -37.969225 -42.046991 -2.030775 -2.030775 10.161792 -75050.056587
926904963944.000000 0.007181 1.479126 1.482232 -40.000000 -37.969225 -42.046991 -2.030775 -2.030775 10.183363 -75050.056587
926904977565.000000 0.006556 1.485679 1.489136 -40.000000 -36.914524 -42.046991 -3.085476 -2.030775 10.213414 -75050.056587
926904993405.000000 0.007624 1.493303 1.496662 -40.000000 -36.914524 -42.143868 -3.085476 -3.085476 10.248545 -81137.028994
926905007772.000000 0.006915 1.500216 1.503280 -40.000000 -36.914524 -42.143868 -3.085476 -3.085476 10.280554 -81137.028994
926905022437.000000 0.007059 1.507272 1.510246 -40.000000 -36.914524 -42.143868 -3.085476 -3.085476 10.313381 -81137.028994
926905035983.000000 0.006520 1.513791 1.516812 -40.000000 -36.914524 -42.143868 -3.085476 -3.085476 10.343836 -81137.028994
926905049728.000000 0.006615 1.520404 1.523655 -40.000000 -36.914524 -42.143868 -3.085476 -3.085476 10.374870 -81137.028994
926905064166.000000 0.006949 1.527352 1.530320 -40.000000 -36.914524 -42.143868 -3.085476 -3.085476 10.407619 -81137.028994
926905077866.000000 0.006594 1.533944 1.536945 -40.000000 -36.914524 -42.143868 -3.085476 -3.085476 10.438830 -81137.028994
926905091329.000000 0.006480 1.540422 1.543390 -40.000000 -36.914524 -42.143868 -3.085476 -3.085476 10.469627 -81137.028994
926905104693.000000 0.006433 1.546853 1.549758 -40.000000 -36.914524 -42.143868 -3.085476 -3.085476 10.500329 -81137.028994
926905117824.000000 0.006320 1.553172 1.556169 -40.000000 -36.914524 -42.143868 -3.085476 -3.085476 10.530618 -81137.028994
926905131387.000000 0.006528 1.559698 1.562652 -40.000000 -36.914524 -42.143868 -3.085476 -3.085476 10.562035 -81137.028994
926905144689.000000 0.006402 1.566099 1.569347 -40.000000 -36.914524 -42.143868 -3.085476 -3.085476 10.592972 -81137.028994
926905159137.000000 0.006954 1.573051 1.576274 -40.000000 -36.914524 -42.143868 -3.085476 -3.085476 10.626725 -81137.028994
926905173343.000000 0.006838 1.579888 1.583132 -40.000000 -36.914524 -42.143868 -3.085476 -3.085476 10.660057 -81137.028994
926905187873.000000 0.006994 1.586879 1.590848 -40.000000 -35.947715 -42.240611 -4.052285 -4.052285 10.705029 -82887.145406
926905205183.000000 0.008331 1.595209 1.598320 -40.000000 -35.947715 -42.240611 -4.052285 -4.052285 10.758885 -82887.145406
926905219431.000000 0.006858 1.602065 1.605113 -40.000000 -35.947715 -42.240611 -4.052285 -4.052285 10.803407 -82887.145406
926905233719.000000 0.006877 1.608940 1.611946 -40.000000 -35.947715 -42.240611 -4.052285 -4.052285 10.848245 -82887.145406
926905247431.000000 0.006600 1.615537 1.618718 -40.000000 -35.947715 -42.240611 -4.052285 -4.052285 10.891450 -82887.145406
926905261878.000000 0.006954 1.622489 1.625888 -40.000000 -35.947715 -42.240611 -4.052285 -4.052285 10.937169 -82887.145406
926905276777.000000 0.007172 1.629660 1.632802 -40.000000 -35.947715 -42.240611 -4.052285 -4.052285 10.984530 -82887.145406
926905290932.000000 0.006813 1.636470 1.639991 -40.000000 -35.947715 -42.240611 -4.052285 -4.052285 11.029711 -82887.145406
926905306401.000000 0.007445 1.643914 1.647134 -40.000000 -35.947715 -42.240611 -4.052285 -4.052285 11.079307 -82887.145406
926905321086.000000 0.007068 1.650980 1.653954 -40.000000 -35.947715 -42.240611 -4.052285 -4.052285 11.126595 -82887.145406
926905334670.000000 0.006538 1.657517 1.660630 -40.000000 -35.947715 -42.240611 -4.052285 -4.052285 11.170512 -82887.145406
926905348342.000000 0.006580 1.664095 1.667385 -40.000000 -35.947715 -42.240611 -4.052285 -4.052285 11.214885 -82887.145406
926905362638.000000 0.006882 1.670975 1.673949 -40.000000 -35.947715 -42.240611 -4.052285 -4.052285 11.261482 -82887.145406
926905376252.000000 0.006552 1.677525 1.680645 -40.000000 -35.947715 -42.240611 -4.052285 -4.052285 11.306024 -82887.145406
926905390237.000000 0.006731 1.684254 1.687443 -40.000000 -35.947715 -42.240611 -4.052285 -4.052285 11.351963 -82887.145406
926905405889.000000 0.007535 1.691789 1.695403 -40.000000 -33.926206 -42.435709 -6.073794 -6.073794 11.429384 -87128.251049
926905420578.000000 0.007070 1.698855 1.701819 -40.000000 -33.926206 -42.435709 -6.073794 -6.073794 11.502338 -87128.251049
926905434111.000000 0.006514 1.705366 1.708301 -40.000000 -33.926206 -42.435709 -6.073794 -6.073794 11.569809 -87128.251049
926905447725.000000 0.006553 1.711918 1.715015 -40.000000 -33.926206 -42.435709 -6.073794 -6.073794 11.637945 -87128.251049
926905463791.000000 0.007733 1.719649 1.724723 -40.000000 -33.926206 -42.435709 -6.073794 -6.073794 11.718712 -87128.251049
926905484332.000000 0.009886 1.729534 1.733724 -40.000000 -33.926206 -42.435709 -6.073794 -6.073794 11.822563 -87128.251049
926905502875.000000 0.008925 1.738456 1.742575 -40.000000 -33.926206 -42.435709 -6.073794 -6.073794 11.916799 -87128.251049
926905522034.000000 0.009223 1.747676 1.751823 -40.000000 -33.926206 -42.435709 -6.073794 -6.073794 12.014696 -87128.251049
926905540446.000000 0.008862 1.756535 1.760694 -40.000000 -33.926206 -42.435709 -6.073794 -6.073794 12.109245 -87128.251049
926905558321.000000 0.008603 1.765136 1.769291 -40.000000 -33.926206 -42.435709 -6.073794 -6.073794 12.201481 -87128.251049
926905576489.000000 0.008745 1.773879 1.778166 -40.000000 -33.926206 -42.435709 -6.073794 -6.073794 12.295698 -87128.251049
926905595810.000000 0.009300 1.783176 1.787410 -40.000000 -33.926206 -42.435709 -6.073794 -6.073794 12.396417 -87128.251049
926905615520.000000 0.009488 1.792662 1.797192 -40.000000 -33.926206 -42.661745 -6.073794 -6.073794 12.499721 -84258.739441
926905634439.000000 0.009107 1.801764 1.805904 -40.000000 -33.926206 -42.661745 -6.073794 -6.073794 12.599380 -84258.739441
926905652436.000000 0.008662 1.810424 1.813874 -40.000000 -33.926206 -42.661745 -6.073794 -6.073794 12.694633 -84258.739441
926905668211.000000 0.007592 1.818014 1.821244 -40.000000 -33.926206 -42.661745 -6.073794 -6.073794 12.778468 -84258.739441
926905683268.000000 0.007247 1.825259 1.829227 -40.000000 -33.926206 -42.661745 -6.073794 -6.073794 12.858813 -84258.739441
926905700698.000000 0.008390 1.833647 1.837122 -40.000000 -33.926206 -42.661745 -6.073794 -6.073794 12.952249 -84258.739441
926905717471.000000 0.008074 1.841719 1.845448 -40.000000 -33.926206 -42.661745 -6.073794 -6.073794 13.042566 -84258.739441
926905733139.000000 0.007542 1.849258 1.853198 -40.000000 -33.926206 -42.661745 -6.073794 -6.073794 13.127274 -84258.739441
926905751587.000000 0.008880 1.858135 1.862795 -40.000000 -33.926206 -42.661745 -6.073794 -6.073794 13.227493 -84258.739441
926905772287.000000 0.009963 1.868095 1.872051 -40.000000 -33.926206 -42.661745 -6.073794 -6.073794 13.340538 -84258.739441
926905789909.000000 0.008481 1.876574 1.880504 -40.000000 -33.926206 -42.661745 -6.073794 -6.073794 13.437209 -84258.739441
926905808439.000000 0.008919 1.885492 1.890635 -40.000000 -32.959397 -42.661745 -7.040603 -6.073794 13.555608 -84258.739441
926905832472.000000 0.011567 1.897056 1.901482 -40.000000 -32.959397 -42.977203 -7.040603 -7.040603 13.710100 -84701.845895
926905851745.000000 0.009277 1.906330 1.910453 -40.000000 -32.959397 -42.977203 -7.040603 -7.040603 13.834612 -84701.845895
926905870323.000000 0.008942 1.915269 1.919357 -40.000000 -32.959397 -42.977203 -7.040603 -7.040603 13.955185 -84701.845895
926905888581.000000 0.008788 1.924055 1.928242 -40.000000 -32.959397 -42.977203 -7.040603 -7.040603 14.074232 -84701.845895
926905907486.000000 0.009099 1.933152 1.936921 -40.000000 -32.959397 -42.977203 -7.040603 -7.040603 14.198079 -84701.845895
926905925474.000000 0.008658 1.941808 1.945694 -40.000000 -32.959397 -42.977203 -7.040603 -7.040603 14.316441 -84701.845895
926905943539.000000 0.008695 1.950501 1.954267 -40.000000 -32.959397 -42.977203 -7.040603 -7.040603 14.435849 -84701.845895
926905962573.000000 0.009161 1.959659 1.963753 -40.000000 -32.959397 -42.977203 -7.040603 -7.040603 14.562251 -84701.845895
926905980378.000000 0.008570 1.968226 1.971781 -40.000000 -32.959397 -42.977203 -7.040603 -7.040603 14.681003 -84701.845895
926905996100.000000 0.007567 1.975792 1.979392 -40.000000 -32.959397 -42.977203 -7.040603 -7.040603 14.786269 -84701.845895
926906012539.000000 0.007913 1.983703 1.987293 -40.000000 -32.959397 -42.977203 -7.040603 -7.040603 14.896782 -84701.845895
926906030733.000000 0.008757 1.992457 1.996558 -40.000000 -34.980906 -43.336931 -5.019094 -5.019094 14.984352 -72023.283504
926906047028.000000 0.007843 2.000297 2.003072 -40.000000 -34.980906 -43.336931 -5.019094 -5.019094 15.063092 -72023.283504
926906061328.000000 0.006883 2.007179 2.010874 -40.000000 -34.980906 -43.336931 -5.019094 -5.019094 15.132433 -72023.283504
926906076879.000000 0.007485 2.014662 2.017744 -40.000000 -34.980906 -43.336931 -5.019094 -5.019094 15.208119 -72023.283504
926906091714.000000 0.007140 2.021800 2.024710 -40.000000 -34.980906 -43.336931 -5.019094 -5.019094 15.280577 -72023.283504
926906104794.000000 0.006296 2.028094 2.030939 -40.000000 -34.980906 -43.336931 -5.019094 -5.019094 15.344664 -72023.283504
926906117901.000000 0.006309 2.034401 2.037708 -40.000000 -34.980906 -43.336931 -5.019094 -5.019094 15.409084 -72023.283504
926906132784.000000 0.007164 2.041563 2.044796 -40.000000 -34.980906 -43.336931 -5.019094 -5.019094 15.482487 -72023.283504
926906147182.000000 0.006930 2.048491 2.051454 -40.000000 -34.980906 -43.336931 -5.019094 -5.019094 15.553734 -72023.283504
926906160717.000000 0.006515 2.055004 2.058580 -40.000000 -34.980906 -43.336931 -5.019094 -5.019094 15.620930 -72023.283504
926906175357.000000 0.007047 2.062048 2.064829 -40.000000 -34.980906 -43.336931 -5.019094 -5.019094 15.693860 -72023.283504
926906189218.000000 0.006671 2.068718 2.072136 -40.000000 -34.980906 -43.336931 -5.019094 -5.019094 15.763128 -72023.283504
926906205175.000000 0.007680 2.076397 2.079875 -40.000000 -34.980906 -43.336931 -5.019094 -5.019094 15.843169 -72023.283504
926906220053.000000 0.007161 2.083556 2.086433 -40.000000 -34.980906 -43.336931 -5.019094 -5.019094 15.918057 -72023.283504
926906233558.000000 0.006500 2.090055 2.093522 -40.000000 -36.914524 -43.664890 -3.085476 -3.085476 15.959977 -65942.248723
926906248183.000000 0.007039 2.097092 2.099735 -40.000000 -36.914524 -43.664890 -3.085476 -3.085476 16.005525 -65942.248723
926906260729.000000 0.006039 2.103129 2.105805 -40.000000 -36.914524 -43.664890 -3.085476 -3.085476 16.044716 -65942.248723
926906273095.000000 0.005952 2.109079 2.111678 -40.000000 -36.914524 -43.664890 -3.085476 -3.085476 16.083451 -65942.248723
926906285026.000000 0.005743 2.114820 2.117594 -40.000000 -36.914524 -43.664890 -3.085476 -3.085476 16.120922 -65942.248723
926906297705.000000 0.006102 2.120921 2.123710 -40.000000 -36.914524 -43.664890 -3.085476 -3.085476 16.160857 -65942.248723
926906310313.000000 0.006068 2.126988 2.129824 -40.000000 -36.914524 -43.664890 -3.085476 -3.085476 16.200682 -65942.248723
926906322875.000000 0.006047 2.133033 2.135636 -40.000000 -36.914524 -43.664890 -3.085476 -3.085476 16.240478 -65942.248723
926906334999.000000 0.005835 2.138866 2.141781 -40.000000 -36.914524 -43.664890 -3.085476 -3.085476 16.278988 -65942.248723
926906347614.000000 0.006072 2.144936 2.148176 -40.000000 -36.914524 -43.664890 -3.085476 -3.085476 16.319174 -65942.248723
926906361260.000000 0.006568 2.151503 2.154111 -40.000000 -36.914524 -43.664890 -3.085476 -3.085476 16.362777 -65942.248723
926906373248.000000 0.005770 2.157271 2.160021 -40.000000 -36.914524 -43.664890 -3.085476 -3.085476 16.401183 -65942.248723
926906385393.000000 0.005846 2.163115 2.165754 -40.000000 -36.914524 -43.664890 -3.085476 -3.085476 16.440198 -65942.248723
926906397538.000000 0.005846 2.168960 2.171630 -40.000000 -36.914524 -43.664890 -3.085476 -3.085476 16.479321 -65942.248723
926906409808.000000 0.005907 2.174864 2.177482 -40.000000 -36.914524 -43.664890 -3.085476 -3.085476 16.518957 -65942.248723
926906423720.000000 0.006696 2.181559 2.184375 -40.000000 -36.914524 -43.664890 -3.085476 -3.085476 16.564031 -65942.248723
926906437568.000000 0.006665 2.188223 2.192737 -40.000000 -37.969225 -43.959126 -2.030775 -2.030775 16.593651 -63569.187633
926906455559.000000 0.008659 2.196880 2.199707 -40.000000 -37.969225 -43.959126 -2.030775 -2.030775 16.632282 -63569.187633
926906468049.000000 0.006011 2.202888 2.205644 -40.000000 -37.969225 -43.959126 -2.030775 -2.030775 16.659173 -63569.187633
926906480347.000000 0.005919 2.208806 2.211518 -40.000000 -37.969225 -43.959126 -2.030775 -2.030775 16.685724 -63569.187633
926906492202.000000 0.005706 2.214511 2.217295 -40.000000 -37.969225 -43.959126 -2.030775 -2.030775 16.711384 -63569.187633
926906504343.000000 0.005845 2.220355 2.223010 -40.000000 -37.969225 -43.959126 -2.030775 -2.030775 16.737738 -63569.187633
926906516391.000000 0.005799 2.226151 2.228835 -40.000000 -37.969225 -43.959126 -2.030775 -2.030775 16.763953 -63569.187633
926906528274.000000 0.005719 2.231868 2.234584 -40.000000 -37.969225 -43.959126 -2.030775 -2.030775 16.789876 -63569.187633
926906540579.000000 0.005923 2.237789 2.240531 -40.000000 -37.969225 -43.959126 -2.030775 -2.030775 16.816791 -63569.187633
926906552671.000000 0.005820 2.243608 2.246333 -40.000000 -37.969225 -43.959126 -2.030775 -2.030775 16.843308 -63569.187633
926906564938.000000 0.005905 2.249511 2.252157 -40.000000 -37.969225 -43.959126 -2.030775 -2.030775 16.870282 -63569.187633
926906576806.000000 0.005713 2.255222 2.257937 -40.000000 -37.969225 -43.959126 -2.030775 -2.030775 16.896446 -63569.187633
926906588944.000000 0.005843 2.261063 2.263670 -40.000000 -37.969225 -43.959126 -2.030775 -2.030775 16.923273 -63569.187633
926906600746.000000 0.005680 2.266741 2.269470 -40.000000 -37.969225 -43.959126 -2.030775 -2.030775 16.949422 -63569.187633
926906612797.000000 0.005800 2.272540 2.275158 -40.000000 -37.969225 -43.959126 -2.030775 -2.030775 16.976190 -63569.187633
926906624706.000000 0.005732 2.278271 2.280946 -40.000000 -37.969225 -43.959126 -2.030775 -2.030775 17.002710 -63569.187633
926906636751.000000 0.005798 2.284067 2.287056 -40.000000 -37.969225 -43.959126 -2.030775 -2.030775 17.029603 -63569.187633
926906650370.000000 0.006555 2.290621 2.294128 -40.000000 -36.914524 -44.187544 -3.085476 -3.085476 17.075934 -68820.981855
926906664584.000000 0.006841 2.297460 2.300228 -40.000000 -36.914524 -44.187544 -3.085476 -3.085476 17.124428 -68820.981855
926906677553.000000 0.006242 2.303700 2.306423 -40.000000 -36.914524 -44.187544 -3.085476 -3.085476 17.168797 -68820.981855
926906689671.000000 0.005833 2.309531 2.312213 -40.000000 -36.914524 -44.187544 -3.085476 -3.085476 17.210359 -68820.981855
926906701445.000000 0.005667 2.315197 2.317937 -40.000000 -36.914524 -44.187544 -3.085476 -3.085476 17.250842 -68820.981855
926906713422.000000 0.005765 2.320960 2.323585 -40.000000 -36.914524 -44.187544 -3.085476 -3.085476 17.292127 -68820.981855
926906725279.000000 0.005707 2.326666 2.329509 -40.000000 -36.914524 -44.187544 -3.085476 -3.085476 17.333097 -68820.981855
926906737581.000000 0.005921 2.332585 2.335372 -40.000000 -36.914524 -44.187544 -3.085476 -3.085476 17.375711 -68820.981855
926906749741.000000 0.005853 2.338437 2.341190 -40.000000 -36.914524 -44.187544 -3.085476 -3.085476 17.417940 -68820.981855
926906761764.000000 0.005788 2.344224 2.347121 -40.000000 -36.914524 -44.187544 -3.085476 -3.085476 17.459807 -68820.981855
926906774372.000000 0.006069 2.350290 2.353093 -40.000000 -36.914524 -44.187544 -3.085476 -3.085476 17.503816 -68820.981855
926906787077.000000 0.006116 2.356403 2.359141 -40.000000 -36.914524 -44.187544 -3.085476 -3.085476 17.548283 -68820.981855
926906799261.000000 0.005865 2.362266 2.365347 -40.000000 -36.914524 -44.187544 -3.085476 -3.085476 17.591030 -68820.981855
926906813969.000000 0.007079 2.369343 2.372232 -40.000000 -36.914524 -44.187544 -3.085476 -3.085476 17.642780 -68820.981855
926906826737.000000 0.006145 2.375487 2.378546 -40.000000 -36.914524 -44.187544 -3.085476 -3.085476 17.687822 -68820.981855
926906840297.000000 0.006527 2.382012 2.384751 -40.000000 -36.914524 -44.187544 -3.085476 -3.085476 17.735792 -68820.981855
926906852877.000000 0.006055 2.388065 2.391873 -40.000000 -34.980906 -44.566159 -5.019094 -5.019094 17.808371 -73597.981860
926906868678.000000 0.007605 2.395668 2.399361 -40.000000 -34.980906 -44.566159 -5.019094 -5.019094 17.899817 -73597.981860
926906882904.000000 0.006847 2.402514 2.405249 -40.000000 -34.980906 -44.566159 -5.019094 -5.019094 17.982385 -73597.981860
926906895163.000000 0.005901 2.408413 2.411234 -40.000000 -34.980906 -44.566159 -5.019094 -5.019094 18.053715 -73597.981860
926906907664.000000 0.006017 2.414428 2.417255 -40.000000 -34.980906 -44.566159 -5.019094 -5.019094 18.126628 -73597.981860
926906920287.000000 0.006076 2.420502 2.423359 -40.000000 -34.980906 -44.566159 -5.019094 -5.019094 18.200438 -73597.981860
926906933013.000000 0.006126 2.426626 2.429370 -40.000000 -34.980906 -44.566159 -5.019094 -5.019094 18.275044 -73597.981860
926906945243.000000 0.005887 2.432511 2.435230 -40.000000 -34.980906 -44.566159 -5.019094 -5.019094 18.346918 -73597.981860
926906957900.000000 0.006092 2.438601 2.441290 -40.000000 -34.980906 -44.566159 -5.019094 -5.019094 18.421480 -73597.981860
926906970076.000000 0.005860 2.444460 2.447215 -40.000000 -34.980906 -44.566159 -5.019094 -5.019094 18.493381 -73597.981860
926906982713.000000 0.006083 2.450541 2.453371 -40.000000 -34.980906 -44.566159 -5.019094 -5.019094 18.568196 -73597.981860
926906994884.000000 0.005859 2.456398 2.459194 -40.000000 -34.980906 -44.566159 -5.019094 -5.019094 18.640425 -73597.981860
926907006930.000000 0.005798 2.462194 2.464937 -40.000000 -34.980906 -44.566159 -5.019094 -5.019094 18.712081 -73597.981860
926907019248.000000 0.005929 2.468121 2.470952 -40.000000 -34.980906 -44.566159 -5.019094 -5.019094 18.785525 -73597.981860
926907031501.000000 0.005897 2.474017 2.476704 -40.000000 -34.980906 -44.566159 -5.019094 -5.019094 18.858756 -73597.981860
926907043729.000000 0.005885 2.479901 2.482681 -40.000000 -34.980906 -44.566159 -5.019094 -5.019094 18.932011 -73597.981860
926907055888.000000 0.005852 2.485752 2.488534 -40.000000 -34.980906 -44.566159 -5.019094 -5.019094 19.005025 -73597.981860
926907069761.000000 0.006677 2.492429 2.495650 -40.000000 -32.959397 -45.016385 -7.040603 -7.040603 19.122203 -76993.920414
926907082996.000000 0.006370 2.498796 2.501471 -40.000000 -32.959397 -45.016385 -7.040603 -7.040603 19.234271 -76993.920414
926907095296.000000 0.005920 2.504715 2.507450 -40.000000 -32.959397 -45.016385 -7.040603 -7.040603 19.338671 -76993.920414
926907108282.000000 0.006251 2.510965 2.513737 -40.000000 -32.959397 -45.016385 -7.040603 -7.040603 19.449175 -76993.920414
926907120675.000000 0.005965 2.516927 2.520017 -40.000000 -32.959397 -45.016385 -7.040603 -7.040603 19.554876 -76993.920414
926907133466.000000 0.006156 2.523082 2.525836 -40.000000 -32.959397 -45.016385 -7.040603 -7.040603 19.664238 -76993.920414
926907145731.000000 0.005904 2.528984 2.531741 -40.000000 -32.959397 -45.016385 -7.040603 -7.040603 19.769357 -76993.920414
926907157657.000000 0.005741 2.534724 2.537571 -40.000000 -32.959397 -45.016385 -7.040603 -7.040603 19.871804 -76993.920414
926907169993.000000 0.005937 2.540658 2.543414 -40.000000 -32.959397 -45.016385 -7.040603 -7.040603 19.978012 -76993.920414
926907182192.000000 0.005872 2.546529 2.549329 -40.000000 -32.959397 -45.016385 -7.040603 -7.040603 20.083282 -76993.920414
926907194403.000000 0.005877 2.552404 2.555055 -40.000000 -32.959397 -45.016385 -7.040603 -7.040603 20.188900 -76993.920414
926907206325.000000 0.005739 2.558142 2.560854 -40.000000 -32.959397 -45.016385 -7.040603 -7.040603 20.292259 -76993.920414
926907218530.000000 0.005874 2.564014 2.566936 -40.000000 -32.959397 -45.016385 -7.040603 -7.040603 20.398304 -76993.920414
926907231146.000000 0.006073 2.570085 2.572866 -40.000000 -32.959397 -45.016385 -7.040603 -7.040603 20.508189 -76993.920414
926907243422.000000 0.005910 2.575993 2.578842 -40.000000 -32.959397 -45.016385 -7.040603 -7.040603 20.615367 -76993.920414
926907255572.000000 0.005848 2.581839 2.584531 -40.000000 -32.959397 -45.016385 -7.040603 -7.040603 20.721677 -76993.920414
926907267701.000000 0.005838 2.587674 2.591273 -40.000000 -31.992588 -45.655141 -8.007412 -8.007412 20.842640 -75754.449504
926907282808.000000 0.007271 2.594944 2.597705 -40.000000 -31.992588 -45.655141 -8.007412 -8.007412 20.993729 -75754.449504
926907295010.000000 0.005873 2.600816 2.603499 -40.000000 -31.992588 -45.655141 -8.007412 -8.007412 21.116038 -75754.449504
926907307163.000000 0.005850 2.606664 2.609506 -40.000000 -31.992588 -45.655141 -8.007412 -8.007412 21.238150 -75754.449504
926907320314.000000 0.006331 2.612993 2.616470 -40.000000 -31.992588 -45.655141 -8.007412 -8.007412 21.370606 -75754.449504
926907334323.000000 0.006743 2.619733 2.622516 -40.000000 -31.992588 -45.655141 -8.007412 -8.007412 21.512055 -75754.449504
926907346941.000000 0.006073 2.625805 2.628643 -40.000000 -31.992588 -45.655141 -8.007412 -8.007412 21.639747 -75754.449504
926907359202.000000 0.005901 2.631704 2.634409 -40.000000 -31.992588 -45.655141 -8.007412 -8.007412 21.764107 -75754.449504
926907371600.000000 0.005967 2.637670 2.640379 -40.000000 -31.992588 -45.655141 -8.007412 -8.007412 21.890141 -75754.449504
926907384702.000000 0.006306 2.643975 2.647389 -40.000000 -31.992588 -45.655141 -8.007412 -8.007412 22.023648 -75754.449504
926907398467.000000 0.006626 2.650599 2.653393 -40.000000 -31.992588 -45.655141 -8.007412 -8.007412 22.164272 -75754.449504
926907410876.000000 0.005974 2.656570 2.659323 -40.000000 -31.992588 -45.655141 -8.007412 -8.007412 22.291342 -75754.449504
926907423157.000000 0.005911 2.662479 2.665150 -40.000000 -31.992588 -45.655141 -8.007412 -8.007412 22.417371 -75754.449504
926907435281.000000 0.005835 2.668313 2.671056 -40.000000 -31.992588 -45.655141 -8.007412 -8.007412 22.542052 -75754.449504
926907447506.000000 0.005884 2.674196 2.676996 -40.000000 -31.992588 -45.655141 -8.007412 -8.007412 22.668059 -75754.449504
926907460057.000000 0.006041 2.680235 2.682923 -40.000000 -31.992588 -45.655141 -8.007412 -8.007412 22.797717 -75754.449504
926907472048.000000 0.005771 2.686005 2.688956 -40.000000 -30.937887 -45.655141 -9.062113 -8.007412 22.938199 -75754.449504
926907486164.000000 0.006794 2.692798 2.696179 -40.000000 -30.937887 -46.400164 -9.062113 -9.062113 23.103988 -76159.166577
926907500138.000000 0.006726 2.699522 2.702198 -40.000000 -30.937887 -46.400164 -9.062113 -9.062113 23.268519 -76159.166577
926907512721.000000 0.006056 2.705578 2.708295 -40.000000 -30.937887 -46.400164 -9.062113 -9.062113 23.417008 -76159.166577
926907525280.000000 0.006045 2.711620 2.714313 -40.000000 -30.937887 -46.400164 -9.062113 -9.062113 23.565558 -76159.166577
926907537401.000000 0.005834 2.717452 2.720100 -40.000000 -30.937887 -46.400164 -9.062113 -9.062113 23.709224 -76159.166577
926907549302.000000 0.005728 2.723178 2.726137 -40.000000 -30.937887 -46.400164 -9.062113 -9.062113 23.850581 -76159.166577
926907562215.000000 0.006215 2.729393 2.732004 -40.000000 -30.937887 -46.400164 -9.062113 -9.062113 24.004305 -76159.166577
926907574265.000000 0.005800 2.735191 2.737787 -40.000000 -30.937887 -46.400164 -9.062113 -9.062113 24.148074 -76159.166577
926907586061.000000 0.005678 2.740867 2.743484 -40.000000 -30.937887 -46.400164 -9.062113 -9.062113 24.289095 -76159.166577
926907597987.000000 0.005740 2.746606 2.749269 -40.000000 -30.937887 -46.400164 -9.062113 -9.062113 24.431967 -76159.166577
926907609848.000000 0.005709 2.752313 2.754936 -40.000000 -30.937887 -46.400164 -9.062113 -9.062113 24.574368 -76159.166577
926907621702.000000 0.005705 2.758017 2.760783 -40.000000 -30.937887 -46.400164 -9.062113 -9.062113 24.716968 -76159.166577
926907633752.000000 0.005800 2.763816 2.766484 -40.000000 -30.937887 -46.400164 -9.062113 -9.062113 24.862230 -76159.166577
926907645625.000000 0.005715 2.769528 2.772162 -40.000000 -30.937887 -46.400164 -9.062113 -9.062113 25.005655 -76159.166577
926907657387.000000 0.005661 2.775189 2.777966 -40.000000 -30.937887 -46.400164 -9.062113 -9.062113 25.148029 -76159.166577
926907669595.000000 0.005876 2.781063 2.783693 -40.000000 -30.937887 -46.400164 -9.062113 -9.062113 25.296114 -76159.166577
926907681641.000000 0.005798 2.786859 2.789865 -40.000000 -29.971078 -46.400164 -10.028922 -9.062113 25.458160 -76159.166577
926907695915.000000 0.006871 2.793729 2.796641 -40.000000 -29.971078 -47.308740 -10.028922 -10.028922 25.650670 -75733.107366
926907708708.000000 0.006157 2.799884 2.802527 -40.000000 -29.971078 -47.308740 -10.028922 -10.028922 25.823567 -75733.107366
926907720665.000000 0.005755 2.805637 2.808242 -40.000000 -29.971078 -47.308740 -10.028922 -10.028922 25.985500 -75733.107366
926907732263.000000 0.005582 2.811218 2.813769 -40.000000 -29.971078 -47.308740 -10.028922 -10.028922 26.142885 -75733.107366
926907744421.000000 0.005852 2.817069 2.819623 -40.000000 -29.971078 -47.308740 -10.028922 -10.028922 26.308224 -75733.107366
926907756055.000000 0.005600 2.822667 2.825201 -40.000000 -29.971078 -47.308740 -10.028922 -10.028922 26.466740 -75733.107366
926907767776.000000 0.005642 2.828307 2.830977 -40.000000 -29.971078 -47.308740 -10.028922 -10.028922 26.626774 -75733.107366
926907780253.000000 0.006006 2.834312 2.837092 -40.000000 -29.971078 -47.308740 -10.028922 -10.028922 26.797488 -75733.107366
926907792839.000000 0.006058 2.840367 2.842983 -40.000000 -29.971078 -47.308740 -10.028922 -10.028922 26.970061 -75733.107366
926907805564.000000 0.006125 2.846491 2.849109 -40.000000 -29.971078 -47.308740 -10.028922 -10.028922 27.144901 -75733.107366
926907817596.000000 0.005791 2.852280 2.854875 -40.000000 -29.971078 -47.308740 -10.028922 -10.028922 27.310559 -75733.107366
926907830165.000000 0.006050 2.858328 2.860920 -40.000000 -29.971078 -47.308740 -10.028922 -10.028922 27.483975 -75733.107366
926907842178.000000 0.005782 2.864109 2.866913 -40.000000 -29.971078 -47.308740 -10.028922 -10.028922 27.650056 -75733.107366
926907854954.000000 0.006149 2.870256 2.872912 -40.000000 -29.971078 -47.308740 -10.028922 -10.028922 27.827063 -75733.107366
926907867631.000000 0.006102 2.876357 2.879110 -40.000000 -29.971078 -47.308740 -10.028922 -10.028922 28.003086 -75733.107366
926907880006.000000 0.005956 2.882311 2.884944 -40.000000 -29.971078 -47.308740 -10.028922 -10.028922 28.175259 -75733.107366
926907892178.000000 0.005859 2.888169 2.891771 -40.000000 -29.971078 -48.365488 -10.028922 -10.028922 28.344966 -73543.831600
926907907626.000000 0.007435 2.895602 2.898393 -40.000000 -29.971078 -48.365488 -10.028922 -10.028922 28.560887 -73543.831600
926907920211.000000 0.006057 2.901657 2.904207 -40.000000 -29.971078 -48.365488 -10.028922 -10.028922 28.737156 -73543.831600
926907932189.000000 0.005766 2.907422 2.910120 -40.000000 -29.971078 -48.365488 -10.028922 -10.028922 28.905272 -73543.831600
926907944441.000000 0.005897 2.913316 2.915926 -40.000000 -29.971078 -48.365488 -10.028922 -10.028922 29.077568 -73543.831600
926907956530.000000 0.005819 2.919134 2.922068 -40.000000 -29.971078 -48.365488 -10.028922 -10.028922 29.247925 -73543.831600
926907969382.000000 0.006186 2.925319 2.927959 -40.000000 -29.971078 -48.365488 -10.028922 -10.028922 29.429415 -73543.831600
926907981584.000000 0.005873 2.931190 2.933812 -40.000000 -29.971078 -48.365488 -10.028922 -10.028922 29.602074 -73543.831600
926907993671.000000 0.005818 2.937005 2.939729 -40.000000 -29.971078 -48.365488 -10.028922 -10.028922 29.773431 -73543.831600
926908006070.000000 0.005968 2.942973 2.945861 -40.000000 -29.971078 -48.365488 -10.028922 -10.028922 29.949583 -73543.831600
926908018934.000000 0.006191 2.949162 2.951962 -40.000000 -29.971078 -48.365488 -10.028922 -10.028922 30.132708 -73543.831600
926908031497.000000 0.006047 2.955208 2.957828 -40.000000 -29.971078 -48.365488 -10.028922 -10.028922 30.311930 -73543.831600
926908043660.000000 0.005854 2.961060 2.963757 -40.000000 -29.971078 -48.365488 -10.028922 -10.028922 30.485777 -73543.831600
926908056471.000000 0.006166 2.967225 2.970500 -40.000000 -29.971078 -48.365488 -10.028922 -10.028922 30.669280 -73543.831600
926908071702.000000 0.007331 2.974554 2.977854 -40.000000 -29.971078 -48.365488 -10.028922 -10.028922 30.887974 -73543.831600
926908086706.000000 0.007222 2.981774 2.985050 -40.000000 -29.971078 -48.365488 -10.028922 -10.028922 31.103932 -73543.831600
926908102181.000000 0.007448 2.989221 2.993236 -40.000000 -29.971078 -49.513392 -10.028922 -10.028922 31.327224 -71943.438757
926908120100.000000 0.008624 2.997843 3.001115 -40.000000 -29.971078 -49.513392 -10.028922 -10.028922 31.586518 -71943.438757
926908134933.000000 0.007139 3.004981 3.008323 -40.000000 -29.971078 -49.513392 -10.028922 -10.028922 31.801678 -71943.438757
926908149908.000000 0.007208 3.012186 3.015424 -40.000000 -29.971078 -49.513392 -10.028922 -10.028922 32.019417 -71943.438757
926908165333.000000 0.007424 3.019609 3.022997 -40.000000 -29.971078 -49.513392 -10.028922 -10.028922 32.244251 -71943.438757
926908180513.000000 0.007307 3.026915 3.030218 -40.000000 -29.971078 -49.513392 -10.028922 -10.028922 32.466064 -71943.438757
926908197293.000000 0.008076 3.034988 3.038186 -40.000000 -29.971078 -49.513392 -10.028922 -10.028922 32.711888 -71943.438757
926908211979.000000 0.007069 3.042054 3.045284 -40.000000 -29.971078 -49.513392 -10.028922 -10.028922 32.927544 -71943.438757
926908226915.000000 0.007189 3.049241 3.052523 -40.000000 -29.971078 -49.513392 -10.028922 -10.028922 33.147388 -71943.438757
926908242323.000000 0.007416 3.056656 3.060047 -40.000000 -29.971078 -49.513392 -10.028922 -10.028922 33.374729 -71943.438757
926908257370.000000 0.007242 3.063896 3.067460 -40.000000 -29.971078 -49.513392 -10.028922 -10.028922 33.597271 -71943.438757
926908273095.000000 0.007569 3.071463 3.074775 -40.000000 -29.971078 -49.513392 -10.028922 -10.028922 33.830413 -71943.438757
926908288363.000000 0.007349 3.078810 3.082887 -40.000000 -29.971078 -49.513392 -10.028922 -10.028922 34.057321 -71943.438757
926908309544.000000 0.010195 3.089003 3.093492 -40.000000 -29.971078 -50.909573 -10.028922 -10.028922 34.373142 -69325.205167
926908328170.000000 0.008965 3.097966 3.101460 -40.000000 -29.971078 -50.909573 -10.028922 -10.028922 34.651680 -69325.205167
926908343866.000000 0.007555 3.105518 3.108964 -40.000000 -29.971078 -50.909573 -10.028922 -10.028922 34.886987 -69325.205167
926908359913.000000 0.007724 3.113239 3.116863 -40.000000 -29.971078 -50.909573 -10.028922 -10.028922 35.128137 -69325.205167
926908375719.000000 0.007608 3.120845 3.124281 -40.000000 -29.971078 -50.909573 -10.028922 -10.028922 35.366246 -69325.205167
926908391640.000000 0.007663 3.128506 3.131963 -40.000000 -29.971078 -50.909573 -10.028922 -10.028922 35.606676 -69325.205167
926908407249.000000 0.007513 3.136017 3.139433 -40.000000 -29.971078 -50.909573 -10.028922 -10.028922 35.842962 -69325.205167
926908422750.000000 0.007461 3.143476 3.146936 -40.000000 -29.971078 -50.909573 -10.028922 -10.028922 36.078171 -69325.205167
926908438202.000000 0.007437 3.150911 3.154297 -40.000000 -29.971078 -50.909573 -10.028922 -10.028922 36.313192 -69325.205167
926908453835.000000 0.007524 3.158433 3.161904 -40.000000 -29.971078 -50.909573 -10.028922 -10.028922 36.551532 -69325.205167
926908471620.000000 0.008560 3.166993 3.170972 -40.000000 -29.971078 -50.909573 -10.028922 -10.028922 36.823408 -69325.205167
926908488306.000000 0.008031 3.175021 3.178526 -40.000000 -29.971078 -50.909573 -10.028922 -10.028922 37.079134 -69325.205167
926908503921.000000 0.007516 3.182534 3.185828 -40.000000 -29.971078 -50.909573 -10.028922 -10.028922 37.319017 -69325.205167
926908521185.000000 0.008309 3.190842 3.194653 -40.000000 -30.937887 -52.547642 -9.062113 -9.062113 37.559285 -63129.167984
926908538476.000000 0.008322 3.199162 3.202675 -40.000000 -30.937887 -52.547642 -9.062113 -9.062113 37.800555 -63129.167984
926908554293.000000 0.007613 3.206774 3.210115 -40.000000 -30.937887 -52.547642 -9.062113 -9.062113 38.021802 -63129.167984
926908569793.000000 0.007460 3.214232 3.217908 -40.000000 -30.937887 -52.547642 -9.062113 -9.062113 38.239107 -63129.167984
926908586148.000000 0.007872 3.222101 3.225373 -40.000000 -30.937887 -52.547642 -9.062113 -9.062113 38.468957 -63129.167984
926908601007.000000 0.007154 3.229254 3.232531 -40.000000 -30.937887 -52.547642 -9.062113 -9.062113 38.678321 -63129.167984
926908616066.000000 0.007249 3.236498 3.239757 -40.000000 -30.937887 -52.547642 -9.062113 -9.062113 38.890921 -63129.167984
926908632351.000000 0.007839 3.244334 3.247856 -40.000000 -30.937887 -52.547642 -9.062113 -9.062113 39.121394 -63129.167984
926908647561.000000 0.007321 3.251654 3.254888 -40.000000 -30.937887 -52.547642 -9.062113 -9.062113 39.337131 -63129.167984
926908662569.000000 0.007224 3.258875 3.262243 -40.000000 -30.937887 -52.547642 -9.062113 -9.062113 39.550462 -63129.167984
926908677895.000000 0.007377 3.266249 3.269620 -40.000000 -30.937887 -52.547642 -9.062113 -9.062113 39.768805 -63129.167984
926908693331.000000 0.007430 3.273677 3.277069 -40.000000 -30.937887 -52.547642 -9.062113 -9.062113 39.989229 -63129.167984
926908710981.000000 0.008496 3.282172 3.285650 -40.000000 -30.937887 -52.547642 -9.062113 -9.062113 40.241927 -63129.167984
926908729981.000000 0.009145 3.291313 3.295470 -40.000000 -31.992588 -54.276463 -8.007412 -8.007412 40.482931 -57919.672038
926908747570.000000 0.008466 3.299776 3.303266 -40.000000 -31.992588 -54.276463 -8.007412 -8.007412 40.706615 -57919.672038
926908762844.000000 0.007352 3.307126 3.310680 -40.000000 -31.992588 -54.276463 -8.007412 -8.007412 40.901298 -57919.672038
926908778269.000000 0.007424 3.314549 3.318142 -40.000000 -31.992588 -54.276463 -8.007412 -8.007412 41.098346 -57919.672038
926908794083.000000 0.007611 3.322158 3.325738 -40.000000 -31.992588 -54.276463 -8.007412 -8.007412 41.300827 -57919.672038
926908809647.000000 0.007491 3.329648 3.333033 -40.000000 -31.992588 -54.276463 -8.007412 -8.007412 41.500556 -57919.672038
926908827041.000000 0.008372 3.338018 3.341506 -40.000000 -31.992588 -54.276463 -8.007412 -8.007412 41.724324 -57919.672038
926908842367.000000 0.007377 3.345392 3.349336 -40.000000 -31.992588 -54.276463 -8.007412 -8.007412 41.921930 -57919.672038
926908859166.000000 0.008086 3.353476 3.357069 -40.000000 -31.992588 -54.276463 -8.007412 -8.007412 42.139059 -57919.672038
926908875032.000000 0.007636 3.361110 3.365104 -40.000000 -31.992588 -54.276463 -8.007412 -8.007412 42.344574 -57919.672038
926908894878.000000 0.009552 3.370660 3.375568 -40.000000 -31.992588 -54.276463 -8.007412 -8.007412 42.602376 -57919.672038
926908914682.000000 0.009532 3.380192 3.384206 -40.000000 -31.992588 -54.276463 -8.007412 -8.007412 42.860385 -57919.672038
926908931852.000000 0.008264 3.388452 3.393003 -40.000000 -33.926206 -56.168680 -6.073794 -6.073794 43.030465 -50955.789262
926908951145.000000 0.009286 3.397736 3.401326 -40.000000 -33.926206 -56.168680 -6.073794 -6.073794 43.222102 -50955.789262
926908966922.000000 0.007594 3.405327 3.408900 -40.000000 -33.926206 -56.168680 -6.073794 -6.073794 43.379164 -50955.789262
926908982926.000000 0.007703 3.413028 3.416506 -40.000000 -33.926206 -56.168680 -6.073794 -6.073794 43.538846 -50955.789262
926908998204.000000 0.007353 3.420379 3.423914 -40.000000 -33.926206 -56.168680 -6.073794 -6.073794 43.691604 -50955.789262
926909014138.000000 0.007669 3.428047 3.431713 -40.000000 -33.926206 -56.168680 -6.073794 -6.073794 43.851287 -50955.789262
926909030932.000000 0.008084 3.436129 3.440412 -40.000000 -33.926206 -56.168680 -6.073794 -6.073794 44.019994 -50955.789262
926909050102.000000 0.009226 3.445353 3.449439 -40.000000 -33.926206 -56.168680 -6.073794 -6.073794 44.213068 -50955.789262
926909068006.000000 0.008618 3.453968 3.457543 -40.000000 -33.926206 -56.168680 -6.073794 -6.073794 44.393855 -50955.789262
926909083557.000000 0.007485 3.461451 3.464899 -40.000000 -33.926206 -56.168680 -6.073794 -6.073794 44.551220 -50955.789262
926909099117.000000 0.007489 3.468938 3.472427 -40.000000 -33.926206 -56.168680 -6.073794 -6.073794 44.709016 -50955.789262
926909114823.000000 0.007560 3.476496 3.480040 -40.000000 -33.926206 -56.168680 -6.073794 -6.073794 44.868639 -50955.789262
926909130547.000000 0.007569 3.484063 3.487476 -40.000000 -33.926206 -56.168680 -6.073794 -6.073794 45.028814 -50955.789262
926909149219.000000 0.008987 3.493047 3.497906 -40.000000 -34.980906 -58.217084 -5.019094 -5.019094 45.186377 -47362.737282
926909167473.000000 0.008786 3.501832 3.505322 -40.000000 -34.980906 -58.217084 -5.019094 -5.019094 45.340801 -47362.737282
926909183140.000000 0.007541 3.509369 3.512786 -40.000000 -34.980906 -58.217084 -5.019094 -5.019094 45.473632 -47362.737282
926909198470.000000 0.007379 3.516746 3.520233 -40.000000 -34.980906 -58.217084 -5.019094 -5.019094 45.603870 -47362.737282
926909213802.000000 0.007380 3.524124 3.527769 -40.000000 -34.980906 -58.217084 -5.019094 -5.019094 45.734399 -47362.737282
926909229986.000000 0.007790 3.531911 3.536103 -40.000000 -34.980906 -58.217084 -5.019094 -5.019094 45.872484 -47362.737282
926909247098.000000 0.008236 3.540145 3.543728 -40.000000 -34.980906 -58.217084 -5.019094 -5.019094 46.018817 -47362.737282
926909263046.000000 0.007676 3.547819 3.551218 -40.000000 -34.980906 -58.217084 -5.019094 -5.019094 46.155502 -47362.737282
926909278078.000000 0.007235 3.555052 3.558628 -40.000000 -34.980906 -58.217084 -5.019094 -5.019094 46.284601 -47362.737282
926909295321.000000 0.008299 3.563350 3.566679 -40.000000 -34.980906 -58.217084 -5.019094 -5.019094 46.433028 -47362.737282
926909310558.000000 0.007334 3.570682 3.574266 -40.000000 -34.980906 -58.217084 -5.019094 -5.019094 46.564463 -47362.737282
926909326213.000000 0.007535 3.578215 3.581884 -40.000000 -34.980906 -58.217084 -5.019094 -5.019094 46.699786 -47362.737282
926909342120.000000 0.007656 3.585869 3.590249 -40.000000 -36.914524 -58.217084 -3.085476 -5.019094 46.784496 -47362.737282
926909361125.000000 0.009147 3.595015 3.599500 -40.000000 -36.914524 -60.608454 -3.085476 -3.085476 46.885963 -38763.635880
926909378974.000000 0.008591 3.603604 3.607229 -40.000000 -36.914524 -60.608454 -3.085476 -3.085476 46.981487 -38763.635880
926909394933.000000 0.007682 3.611283 3.614660 -40.000000 -36.914524 -60.608454 -3.085476 -3.085476 47.067081 -38763.635880
926909410665.000000 0.007572 3.618852 3.622738 -40.000000 -36.914524 -60.608454 -3.085476 -3.085476 47.151629 -38763.635880
926909429324.000000 0.008980 3.627831 3.631434 -40.000000 -36.914524 -60.608454 -3.085476 -3.085476 47.252153 -38763.635880
926909445284.000000 0.007682 3.635512 3.638958 -40.000000 -36.914524 -60.608454 -3.085476 -3.085476 47.338327 -38763.635880
926909460929.000000 0.007530 3.643039 3.646843 -40.000000 -36.914524 -60.608454 -3.085476 -3.085476 47.422970 -38763.635880
926909477736.000000 0.008089 3.651127 3.654641 -40.000000 -36.914524 -60.608454 -3.085476 -3.085476 47.514100 -38763.635880
926909493369.000000 0.007524 3.658649 3.662268 -40.000000 -36.914524 -60.608454 -3.085476 -3.085476 47.599040 -38763.635880
926909509564.000000 0.007795 3.666442 3.669983 -40.000000 -36.914524 -60.608454 -3.085476 -3.085476 47.687226 -38763.635880
926909525114.000000 0.007484 3.673924 3.677561 -40.000000 -36.914524 -60.608454 -3.085476 -3.085476 47.772069 -38763.635880
926909541016.000000 0.007653 3.681576 3.685303 -40.000000 -36.914524 -60.608454 -3.085476 -3.085476 47.859006 -38763.635880
926909558105.000000 0.008225 3.689800 3.694407 -40.000000 -37.969225 -63.258264 -2.030775 -2.030775 47.920641 -36398.764932
926909576633.000000 0.008918 3.698716 3.702288 -40.000000 -37.969225 -63.258264 -2.030775 -2.030775 47.987626 -36398.764932
926909591921.000000 0.007359 3.706073 3.710156 -40.000000 -37.969225 -63.258264 -2.030775 -2.030775 48.043010 -36398.764932
926909608759.000000 0.008105 3.714174 3.717745 -40.000000 -37.969225 -63.258264 -2.030775 -2.030775 48.104141 -36398.764932
926909624835.000000 0.007738 3.721909 3.725555 -40.000000 -37.969225 -63.258264 -2.030775 -2.030775 48.162625 -36398.764932
926909640460.000000 0.007521 3.729429 3.732760 -40.000000 -37.969225 -63.258264 -2.030775 -2.030775 48.219586 -36398.764932
926909655570.000000 0.007273 3.736699 3.740075 -40.000000 -37.969225 -63.258264 -2.030775 -2.030775 48.274778 -36398.764932
926909670665.000000 0.007266 3.743962 3.747512 -40.000000 -37.969225 -63.258264 -2.030775 -2.030775 48.330019 -36398.764932
926909686040.000000 0.007400 3.751360 3.754696 -40.000000 -37.969225 -63.258264 -2.030775 -2.030775 48.386395 -36398.764932
926909701064.000000 0.007231 3.758590 3.761910 -40.000000 -37.969225 -63.258264 -2.030775 -2.030775 48.441591 -36398.764932
926909718550.000000 0.008416 3.767005 3.770719 -40.000000 -37.969225 -63.258264 -2.030775 -2.030775 48.505973 -36398.764932
926909734819.000000 0.007831 3.774833 3.778469 -40.000000 -37.969225 -63.258264 -2.030775 -2.030775 48.566004 -36398.764932
926909751646.000000 0.008099 3.782930 3.786321 -40.000000 -37.969225 -63.258264 -2.030775 -2.030775 48.628222 -36398.764932
926909768024.000000 0.007883 3.790811 3.795185 -40.000000 -38.936034 -66.304762 -1.063966 -1.063966 48.660018 -34243.301094
926909785522.000000 0.008422 3.799231 3.802578 -40.000000 -38.936034 -66.304762 -1.063966 -1.063966 48.694063 -34243.301094
926909800780.000000 0.007345 3.806574 3.809942 -40.000000 -38.936034 -66.304762 -1.063966 -1.063966 48.723811 -34243.301094
926909815845.000000 0.007251 3.813822 3.817707 -40.000000 -38.936034 -66.304762 -1.063966 -1.063966 48.753234 -34243.301094
926909834395.000000 0.008929 3.822749 3.826523 -40.000000 -38.936034 -66.304762 -1.063966 -1.063966 48.789549 -34243.301094
926909850940.000000 0.007964 3.830710 3.834386 -40.000000 -38.936034 -66.304762 -1.063966 -1.063966 48.822007 -34243.301094
926909868496.000000 0.008450 3.839157 3.843641 -40.000000 -38.936034 -66.304762 -1.063966 -1.063966 48.856522 -34243.301094
926909890218.000000 0.010454 3.849609 3.853901 -40.000000 -38.936034 -66.304762 -1.063966 -1.063966 48.899341 -34243.301094
926909909204.000000 0.009138 3.858746 3.862826 -40.000000 -38.936034 -66.304762 -1.063966 -1.063966 48.936857 -34243.301094
926909931788.000000 0.010870 3.869613 3.874794 -40.000000 -38.936034 -66.304762 -1.063966 -1.063966 48.981609 -34243.301094
926909956716.000000 0.011997 3.881609 3.886683 -40.000000 -38.936034 -66.304762 -1.063966 -1.063966 49.031156 -34243.301094
926909984240.000000 0.013247 3.894853 3.900271 -40.000000 -37.969225 -70.138578 -2.030775 -2.030775 49.135932 -36854.875037
926910009793.000000 0.012298 3.907149 3.912252 -40.000000 -37.969225 -70.138578 -2.030775 -2.030775 49.233509 -36854.875037
926910033020.000000 0.011179 3.918325 3.923467 -40.000000 -37.969225 -70.138578 -2.030775 -2.030775 49.322460 -36854.875037
926910056026.000000 0.011073 3.929396 3.934044 -40.000000 -37.969225 -70.138578 -2.030775 -2.030775 49.410817 -36854.875037
926910078846.000000 0.010991 3.940386 3.944900 -40.000000 -37.969225 -70.138578 -2.030775 -2.030775 49.498770 -36854.875037
926910098456.000000 0.009439 3.949814 3.953638 -40.000000 -37.969225 -70.138578 -2.030775 -2.030775 49.574479 -36854.875037
926910118534.000000 0.009664 3.959475 3.963790 -40.000000 -37.969225 -70.138578 -2.030775 -2.030775 49.652183 -36854.875037
926910137345.000000 0.009054 3.968526 3.973446 -40.000000 -37.969225 -70.138578 -2.030775 -2.030775 49.725152 -36854.875037
926910157834.000000 0.009862 3.978386 3.982040 -40.000000 -37.969225 -70.138578 -2.030775 -2.030775 49.804830 -36854.875037
926910175132.000000 0.008326 3.986709 3.991110 -40.000000 -36.914524 -75.249955 -3.085476 -3.085476 49.907242 -38463.802685
926910196246.000000 0.010162 3.996869 4.001389 -40.000000 -36.914524 -75.249955 -3.085476 -3.085476 50.032566 -38463.802685
926910215297.000000 0.009170 4.006036 4.010898 -40.000000 -36.914524 -75.249955 -3.085476 -3.085476 50.145907 -38463.802685
926910241834.000000 0.012772 4.018806 4.024707 -40.000000 -36.914524 -75.249955 -3.085476 -3.085476 50.304276 -38463.802685
926910269961.000000 0.013537 4.032340 4.037899 -40.000000 -36.914524 -75.249955 -3.085476 -3.085476 50.472698 -38463.802685
926910293011.000000 0.011094 4.043431 4.048241 -40.000000 -36.914524 -75.249955 -3.085476 -3.085476 50.611104 -38463.802685
926910315528.000000 0.010837 4.054265 4.058889 -40.000000 -36.914524 -75.249955 -3.085476 -3.085476 50.746667 -38463.802685
926910335817.000000 0.009765 4.064028 4.068591 -40.000000 -36.914524 -75.249955 -3.085476 -3.085476 50.869112 -38463.802685
926910356598.000000 0.010002 4.074028 4.078639 -40.000000 -36.914524 -75.249955 -3.085476 -3.085476 50.994835 -38463.802685
926910378017.000000 0.010309 4.084335 4.088901 -40.000000 -36.914524 -75.249955 -3.085476 -3.085476 51.124745 -38463.802685
926910400455.000000 0.010799 4.095133 4.100643 -40.000000 -37.969225 -81.919234 -2.030775 -2.030775 51.214556 -28636.513493
926910424255.000000 0.011455 4.106584 4.111660 -40.000000 -37.969225 -81.919234 -2.030775 -2.030775 51.310084 -28636.513493
926910447546.000000 0.011209 4.117792 4.122773 -40.000000 -37.969225 -81.919234 -2.030775 -2.030775 51.403820 -28636.513493
926910471551.000000 0.011553 4.129343 4.133856 -40.000000 -37.969225 -81.919234 -2.030775 -2.030775 51.500700 -28636.513493
926910493288.000000 0.010462 4.139803 4.144151 -40.000000 -37.969225 -81.919234 -2.030775 -2.030775 51.588655 -28636.513493
926910514990.000000 0.010445 4.150245 4.155251 -40.000000 -37.969225 -81.919234 -2.030775 -2.030775 51.676685 -28636.513493
926910536587.000000 0.010395 4.160639 4.164508 -40.000000 -37.969225 -81.919234 -2.030775 -2.030775 51.764514 -28636.513493
926910553100.000000 0.007949 4.168584 4.171468 -40.000000 -37.969225 -81.919234 -2.030775 -2.030775 51.831804 -28636.513493
926910566178.000000 0.006295 4.174876 4.177923 -40.000000 -37.969225 -81.919234 -2.030775 -2.030775 51.885174 -28636.513493
926910579977.000000 0.006642 4.181516 4.184441 -40.000000 -37.969225 -81.919234 -2.030775 -2.030775 51.941575 -28636.513493
926910593346.000000 0.006435 4.187949 4.191636 -40.000000 -38.936034 -90.594452 -1.063966 -1.063966 51.970248 -26469.887150
926910609913.000000 0.007974 4.195921 4.198932 -40.000000 -38.936034 -90.594452 -1.063966 -1.063966 52.005848 -26469.887150
926910623513.000000 0.006548 4.202466 4.205404 -40.000000 -38.936034 -90.594452 -1.063966 -1.063966 52.035124 -26469.887150
926910636840.000000 0.006414 4.208877 4.211781 -40.000000 -38.936034 -90.594452 -1.063966 -1.063966 52.063848 -26469.887150
926910650489.000000 0.006570 4.215445 4.218432 -40.000000 -38.936034 -90.594452 -1.063966 -1.063966 52.093314 -26469.887150
926910663794.000000 0.006404 4.221847 4.224744 -40.000000 -38.936034 -90.594452 -1.063966 -1.063966 52.122081 -26469.887150
926910677036.000000 0.006374 4.228220 4.231167 -40.000000 -38.936034 -90.594452 -1.063966 -1.063966 52.150755 -26469.887150
926910690481.000000 0.006472 4.234690 4.237691 -40.000000 -38.936034 -90.594452 -1.063966 -1.063966 52.179913 -26469.887150
926910704821.000000 0.006902 4.241590 4.244509 -40.000000 -38.936034 -90.594452 -1.063966 -1.063966 52.211062 -26469.887150
926910717998.000000 0.006343 4.247930 4.250935 -40.000000 -38.936034 -90.594452 -1.063966 -1.063966 52.239728 -26469.887150
926910731522.000000 0.006509 4.254437 4.257527 -40.000000 -38.936034 -90.594452 -1.063966 -1.063966 52.269192 -26469.887150
926910745084.000000 0.006528 4.260964 4.263895 -40.000000 -38.936034 -90.594452 -1.063966 -1.063966 52.298786 -26469.887150
926910758539.000000 0.006477 4.267439 4.270322 -40.000000 -38.936034 -90.594452 -1.063966 -1.063966 52.328194 -26469.887150
926910771673.000000 0.006321 4.273758 4.276735 -40.000000 -38.936034 -90.594452 -1.063966 -1.063966 52.356938 -26469.887150
926910785287.000000 0.006553 4.280310 4.283277 -40.000000 -38.936034 -90.594452 -1.063966 -1.063966 52.386780 -26469.887150
926910798859.000000 0.006533 4.286840 4.290452 -40.000000 -39.990735 -90.594452 -0.009265 -1.063966 52.387040 -26469.887150
