749244868199.000000 0.000002 0.000004 0.006906 -0.000005 0.000000 -40.000000 -0.000005 -40.000000 0.000000 -2025783.087132
749244899847.000000 0.015231 0.015235 0.020696 -0.017144 0.000000 -40.000000 -0.017144 -40.000000 0.000004 -20932.012516
749244932132.000000 0.015538 0.030771 0.036965 -0.051762 0.000000 -40.000000 -0.051762 -40.000000 0.000029 -22637.261902
749244958527.000000 0.012703 0.043472 0.049918 -0.100668 0.000000 -40.000000 -0.100668 -40.000000 0.000084 -24766.721044
749244988244.000000 0.014302 0.057771 0.065160 -0.165661 0.000000 -40.000000 -0.165661 -40.000000 0.000221 -26706.768360
749245019672.000000 0.015125 0.072894 0.080989 -0.247667 0.000000 -40.000000 -0.247667 -40.000000 0.000494 -29415.176134
749245055603.000000 0.017292 0.090185 0.099545 -0.349125 0.000000 -40.000000 -0.349125 -40.000000 0.001039 -32432.768047
749245094945.000000 0.018934 0.109116 0.117860 -0.471880 0.000000 -40.000000 -0.471880 -40.000000 0.002014 -36220.381912
749245133117.000000 0.018370 0.127483 0.134395 -0.615298 0.000000 -40.000000 -0.615298 -40.000000 0.003455 -40936.712952
749245164573.000000 0.015138 0.142620 0.150250 -0.775745 0.000000 -40.000000 -0.775745 -40.000000 0.005129 -46843.582747
749245196737.000000 0.015479 0.158097 0.165469 -0.953604 0.000000 -40.000000 -0.953604 -40.000000 0.007463 -52005.603747
749245230320.000000 0.016162 0.174257 0.182104 -1.149643 0.000000 -40.000000 -1.149643 -40.000000 0.010701 -57862.438886
749245263685.000000 0.016057 0.190312 0.197900 -1.363744 0.000000 -40.000000 -1.363744 -40.000000 0.014868 -64571.328383
749245296222.000000 0.015658 0.205968 0.213514 -1.595458 0.000000 -40.000000 -1.595458 -40.000000 0.020014 -71842.092123
749245328605.000000 0.015584 0.221550 0.234160 -1.844702 0.000000 -40.000000 -1.844702 -40.000000 0.026383 -79439.857259
749245371898.000000 0.020834 0.242383 0.251071 -2.117382 0.000000 -40.000000 -2.117382 -40.000000 0.037075 -85775.768602
749245406309.000000 0.016560 0.258940 0.266503 -2.408690 0.000000 -40.000000 -2.408690 -40.000000 0.047404 -87802.858269
749245440293.000000 0.016355 0.275294 0.282171 -2.734128 -1.933618 -39.908104 -0.800510 -38.066382 0.051008 -77272.728589
749245473967.000000 0.016206 0.291498 0.298004 -3.078720 -1.933618 -39.908104 -1.145102 -38.066382 0.056418 -79290.790120
749245505252.000000 0.015056 0.306551 0.312956 -3.441108 -1.933618 -39.908104 -1.507490 -38.066382 0.063376 -80184.362418
749245536316.000000 0.014950 0.321499 0.327943 -3.821167 -1.933618 -39.908104 -1.887549 -38.066382 0.072448 -81121.507632
749245564880.000000 0.013747 0.335244 0.341911 -4.217474 -1.933618 -39.908104 -2.283856 -38.066382 0.082973 -82098.717768
749245596423.000000 0.015180 0.350422 0.356811 -4.631724 -1.933618 -39.908104 -2.698106 -38.066382 0.097325 -83120.169877
749245627941.000000 0.015168 0.365588 0.377013 -5.063902 -4.921937 -39.908104 -0.141966 -38.066382 0.098113 -84185.831700
749245675240.000000 0.022762 0.388349 0.394320 -5.562097 -4.921937 -39.743574 -0.640161 -35.078063 0.103771 -75508.483269
749245708264.000000 0.015893 0.404240 0.411550 -6.080678 -4.921937 -39.743574 -1.158742 -35.078063 0.111216 -76787.194338
749245738159.000000 0.014388 0.418625 0.424104 -6.617713 -4.921937 -39.743574 -1.695776 -35.078063 0.121430 -78111.409433
749245770612.000000 0.015619 0.434242 0.439679 -7.174782 -4.921937 -39.743574 -2.252845 -35.078063 0.136710 -79485.023679
749245791953.000000 0.010272 0.444511 0.448498 -7.745024 -4.921937 -39.743574 -2.823087 -35.078063 0.149599 -80891.120144
749245813503.000000 0.010372 0.454880 0.458905 -8.328568 -4.921937 -39.743574 -3.406632 -35.078063 0.165672 -82330.018474
749245832739.000000 0.009259 0.464137 0.468187 -8.923987 -4.921937 -39.743574 -4.002051 -35.078063 0.182870 -83798.196463
749245851258.000000 0.008914 0.473048 0.482761 -9.589172 -7.998147 -39.583963 -1.591025 -32.001853 0.189578 -77951.061826
749245882279.000000 0.014929 0.487974 0.492172 -10.275346 -7.998147 -39.583963 -2.277199 -32.001853 0.206168 -79643.022972
749245900686.000000 0.008859 0.496831 0.500522 -10.973974 -7.998147 -39.583963 -2.975827 -32.001853 0.219266 -81365.691837
749245918438.000000 0.008545 0.505376 0.509159 -11.684617 -7.998147 -39.583963 -3.686470 -32.001853 0.235185 -83117.988939
749245936142.000000 0.008521 0.513893 0.518908 -12.407237 -7.998147 -39.583963 -4.409090 -32.001853 0.254493 -84899.817507
749245956456.000000 0.009777 0.523668 0.527588 -13.143602 -7.998147 -39.583963 -5.145455 -32.001853 0.280837 -86715.538854
749245977715.000000 0.010232 0.533897 0.537647 -13.894351 -7.998147 -39.583963 -5.896205 -32.001853 0.313047 -88566.729662
749245996268.000000 0.008930 0.542825 0.547171 -14.657655 -7.998147 -39.583963 -6.659508 -32.001853 0.345329 -90448.876787
749246019666.000000 0.011262 0.554085 0.558210 -15.436792 -7.998147 -39.583963 -7.438645 -32.001853 0.391746 -92370.063844
749246038286.000000 0.008962 0.563044 0.566444 -16.228526 -7.998147 -39.583963 -8.230379 -32.001853 0.433277 -94322.313999
749246053303.000000 0.007228 0.570268 0.573276 -17.030419 -7.998147 -39.583963 -9.032272 -32.001853 0.470505 -96299.614178
749246068831.000000 0.007474 0.577742 0.581490 -17.895065 -9.931765 -39.479570 -7.963300 -30.068235 0.504892 -95676.543351
749246084251.000000 0.007421 0.585160 0.588068 -18.770813 -9.931765 -39.479570 -8.839049 -30.068235 0.543278 -97835.954630
749246097716.000000 0.006481 0.591639 0.594497 -19.656259 -9.931765 -39.479570 -9.724494 -30.068235 0.580566 -100019.276223
749246111086.000000 0.006435 0.598073 0.601066 -20.551333 -9.931765 -39.479570 -10.619568 -30.068235 0.621437 -102226.341212
749246125413.000000 0.006895 0.604967 0.608558 -21.456724 -9.931765 -39.479570 -11.524959 -30.068235 0.669513 -104458.845425
749246142178.000000 0.008069 0.613034 0.616097 -22.374188 -9.931765 -39.479570 -12.442423 -30.068235 0.731058 -106721.118114
749246156869.000000 0.007071 0.620104 0.623713 -23.302233 -9.931765 -39.479570 -13.370468 -30.068235 0.789685 -109009.481724
749246173918.000000 0.008206 0.628308 0.632009 -24.242556 -9.931765 -39.479570 -14.310791 -30.068235 0.863468 -111328.121669
749246190073.000000 0.007776 0.636081 0.639837 -25.194513 -9.931765 -39.479570 -15.262748 -30.068235 0.938956 -113675.446890
749246206276.000000 0.007798 0.643878 0.647007 -26.158138 -9.931765 -39.479570 -16.226373 -30.068235 1.020430 -116051.544396
749246220121.000000 0.006664 0.650540 0.653400 -27.131734 -9.931765 -39.479570 -17.199969 -30.068235 1.094996 -118452.226997
749246234980.000000 0.007152 0.657691 0.661532 -28.116031 -9.931765 -39.479570 -18.184266 -30.068235 1.180530 -120879.297068
749246252033.000000 0.008208 0.665897 0.670414 -29.112610 -9.931765 -39.479570 -19.180845 -30.068235 1.285369 -123336.650578
749246270833.000000 0.009049 0.674943 0.680370 -30.195533 -11.953275 -39.429545 -18.242258 -28.046725 1.396782 -123147.995194
749246292360.000000 0.010361 0.685302 0.689144 -31.295076 -11.953275 -39.429545 -19.341802 -28.046725 1.534117 -125859.237737
749246308889.000000 0.007956 0.693255 0.697314 -32.407379 -11.953275 -39.429545 -20.454105 -28.046725 1.646926 -128601.943178
749246326990.000000 0.008712 0.701965 0.706159 -33.533657 -11.953275 -39.429545 -21.580383 -28.046725 1.778901 -131379.107985
749246345641.000000 0.008977 0.710940 0.715549 -34.674336 -11.953275 -39.429545 -22.721062 -28.046725 1.923911 -134191.783015
749246366194.000000 0.009892 0.720831 0.725187 -35.830884 -11.953275 -39.429545 -23.877610 -28.046725 2.094176 -137043.587253
749246389100.000000 0.011024 0.731852 0.735335 -37.005115 -11.953275 -39.429545 -25.051841 -28.046725 2.296294 -139938.994459
749246404910.000000 0.007610 0.739460 0.742896 -38.191553 -11.953275 -39.429545 -26.238278 -28.046725 2.443936 -142864.499590
749246420724.000000 0.007611 0.747069 0.750350 -39.390199 -11.953275 -39.429545 -27.436924 -28.046725 2.599951 -145820.108360
749246437113.000000 0.007888 0.754954 0.758554 -40.000000 -11.953275 -39.429545 -28.046725 -28.046725 2.766975 -147323.750249
749246453902.000000 0.008081 0.763034 0.766597 -40.000000 -11.953275 -39.429545 -28.046725 -28.046725 2.939906 -147323.750249
749246469253.000000 0.007389 0.770420 0.773427 -40.000000 -11.953275 -39.429545 -28.046725 -28.046725 3.099559 -147323.750249
749246486453.000000 0.008279 0.778698 0.784028 -40.000000 -13.974784 -39.411616 -26.025216 -26.025216 3.267338 -140339.985929
749246506386.000000 0.009594 0.788289 0.793425 -40.000000 -13.974784 -39.411616 -26.025216 -26.025216 3.464153 -140339.985929
749246531021.000000 0.011857 0.800144 0.803495 -40.000000 -13.974784 -39.411616 -26.025216 -26.025216 3.711053 -140339.985929
749246545931.000000 0.007176 0.807318 0.810682 -40.000000 -13.974784 -39.411616 -26.025216 -26.025216 3.861836 -140339.985929
749246559916.000000 0.006732 0.814047 0.816922 -40.000000 -13.974784 -39.411616 -26.025216 -26.025216 4.004456 -140339.985929
749246572886.000000 0.006243 0.820287 0.823227 -40.000000 -13.974784 -39.411616 -26.025216 -26.025216 4.137732 -140339.985929
749246586658.000000 0.006628 0.826914 0.830412 -40.000000 -13.974784 -39.411616 -26.025216 -26.025216 4.280379 -140339.985929
749246601316.000000 0.007055 0.833969 0.837000 -40.000000 -13.974784 -39.411616 -26.025216 -26.025216 4.433508 -140339.985929
749246614802.000000 0.006491 0.840456 0.843386 -40.000000 -13.974784 -39.411616 -26.025216 -26.025216 4.575481 -140339.985929
749246628510.000000 0.006598 0.847053 0.850058 -40.000000 -13.974784 -39.411616 -26.025216 -26.025216 4.720924 -140339.985929
749246642117.000000 0.006550 0.853600 0.856546 -40.000000 -13.974784 -39.411616 -26.025216 -26.025216 4.866422 -140339.985929
749246655480.000000 0.006432 0.860031 0.863049 -40.000000 -13.974784 -39.411616 -26.025216 -26.025216 5.010389 -140339.985929
749246669263.000000 0.006634 0.866663 0.869523 -40.000000 -13.974784 -39.411616 -26.025216 -26.025216 5.160012 -140339.985929
749246682523.000000 0.006383 0.873044 0.876807 -40.000000 -16.963103 -39.425666 -23.036897 -23.036897 5.288379 -130881.489058
749246699580.000000 0.008210 0.881252 0.884485 -40.000000 -16.963103 -39.425666 -23.036897 -23.036897 5.455045 -130881.489058
749246714461.000000 0.007163 0.888413 0.891395 -40.000000 -16.963103 -39.425666 -23.036897 -23.036897 5.601636 -130881.489058
749246728012.000000 0.006522 0.894932 0.897880 -40.000000 -16.963103 -39.425666 -23.036897 -23.036897 5.736098 -130881.489058
749246741551.000000 0.006517 0.901448 0.904272 -40.000000 -16.963103 -39.425666 -23.036897 -23.036897 5.871429 -130881.489058
749246754810.000000 0.006382 0.907827 0.910731 -40.000000 -16.963103 -39.425666 -23.036897 -23.036897 6.004890 -130881.489058
749246768003.000000 0.006350 0.914176 0.916976 -40.000000 -16.963103 -39.425666 -23.036897 -23.036897 6.138626 -130881.489058
749246780766.000000 0.006143 0.920317 0.923262 -40.000000 -16.963103 -39.425666 -23.036897 -23.036897 6.268863 -130881.489058
749246794717.000000 0.006715 0.927031 0.930443 -40.000000 -16.963103 -39.425666 -23.036897 -23.036897 6.412269 -130881.489058
749246809310.000000 0.007024 0.934053 0.936869 -40.000000 -16.963103 -39.425666 -23.036897 -23.036897 6.563408 -130881.489058
749246822274.000000 0.006240 0.940290 0.943107 -40.000000 -16.963103 -39.425666 -23.036897 -23.036897 6.698566 -130881.489058
749246835017.000000 0.006133 0.946422 0.949226 -40.000000 -16.963103 -39.425666 -23.036897 -23.036897 6.832288 -130881.489058
749246847753.000000 0.006130 0.952551 0.955378 -40.000000 -16.963103 -39.425666 -23.036897 -23.036897 6.966801 -130881.489058
749246860556.000000 0.006162 0.958711 0.961577 -40.000000 -16.963103 -39.425666 -23.036897 -23.036897 7.102897 -130881.489058
749246873708.000000 0.006330 0.965040 0.967886 -40.000000 -16.963103 -39.425666 -23.036897 -23.036897 7.243624 -130881.489058
749246886699.000000 0.006253 0.971293 0.974785 -40.000000 -20.918230 -39.425666 -19.081770 -23.036897 7.359519 -130881.489058
749246903969.000000 0.008313 0.979603 0.982641 -40.000000 -20.918230 -39.493724 -19.081770 -19.081770 7.514902 -119555.754452
749246917114.000000 0.006327 0.985927 0.988789 -40.000000 -20.918230 -39.493724 -19.081770 -19.081770 7.633928 -119555.754452
749246930011.000000 0.006207 0.992133 0.995001 -40.000000 -20.918230 -39.493724 -19.081770 -19.081770 7.751444 -119555.754452
749246943263.000000 0.006378 0.998509 1.001499 -40.000000 -20.918230 -39.493724 -19.081770 -19.081770 7.872970 -119555.754452
749246956657.000000 0.006447 1.004955 1.007705 -40.000000 -20.918230 -39.493724 -19.081770 -19.081770 7.996591 -119555.754452
749246969822.000000 0.006336 1.011290 1.013999 -40.000000 -20.918230 -39.493724 -19.081770 -19.081770 8.118864 -119555.754452
749246982834.000000 0.006263 1.017551 1.020376 -40.000000 -20.918230 -39.493724 -19.081770 -19.081770 8.240465 -119555.754452
749246995681.000000 0.006184 1.023733 1.026814 -40.000000 -20.918230 -39.493724 -19.081770 -19.081770 8.361263 -119555.754452
749247010275.000000 0.007024 1.030756 1.033605 -40.000000 -20.918230 -39.493724 -19.081770 -19.081770 8.499425 -119555.754452
749247023238.000000 0.006239 1.036993 1.039864 -40.000000 -20.918230 -39.493724 -19.081770 -19.081770 8.622882 -119555.754452
749247036317.000000 0.006295 1.043287 1.046109 -40.000000 -20.918230 -39.493724 -19.081770 -19.081770 8.748210 -119555.754452
749247049111.000000 0.006158 1.049444 1.052358 -40.000000 -20.918230 -39.493724 -19.081770 -19.081770 8.871532 -119555.754452
749247062234.000000 0.006317 1.055758 1.058597 -40.000000 -20.918230 -39.493724 -19.081770 -19.081770 8.998784 -119555.754452
749247075126.000000 0.006205 1.061961 1.064734 -40.000000 -20.918230 -39.493724 -19.081770 -19.081770 9.124522 -119555.754452
749247087887.000000 0.006142 1.068102 1.070886 -40.000000 -20.918230 -39.493724 -19.081770 -19.081770 9.249703 -119555.754452
749247101244.000000 0.006429 1.074529 1.079177 -40.000000 -24.961250 -39.572575 -15.038750 -15.038750 9.353596 -108733.260945
749247119187.000000 0.008636 1.083164 1.086305 -40.000000 -24.961250 -39.572575 -15.038750 -15.038750 9.494271 -108733.260945
749247133295.000000 0.006791 1.089952 1.092826 -40.000000 -24.961250 -39.572575 -15.038750 -15.038750 9.605587 -108733.260945
749247146213.000000 0.006218 1.096168 1.098943 -40.000000 -24.961250 -39.572575 -15.038750 -15.038750 9.708090 -108733.260945
749247158974.000000 0.006142 1.102309 1.105278 -40.000000 -24.961250 -39.572575 -15.038750 -15.038750 9.809907 -108733.260945
749247172703.000000 0.006608 1.108915 1.111751 -40.000000 -24.961250 -39.572575 -15.038750 -15.038750 9.920110 -108733.260945
749247185805.000000 0.006306 1.115219 1.117958 -40.000000 -24.961250 -39.572575 -15.038750 -15.038750 10.025871 -108733.260945
749247199752.000000 0.006714 1.121931 1.124705 -40.000000 -24.961250 -39.572575 -15.038750 -15.038750 10.139146 -108733.260945
749247213722.000000 0.006724 1.128652 1.131606 -40.000000 -24.961250 -39.572575 -15.038750 -15.038750 10.253270 -108733.260945
749247226732.000000 0.006263 1.134913 1.137734 -40.000000 -24.961250 -39.572575 -15.038750 -15.038750 10.360160 -108733.260945
749247239563.000000 0.006176 1.141087 1.143926 -40.000000 -24.961250 -39.572575 -15.038750 -15.038750 10.466145 -108733.260945
749247253140.000000 0.006535 1.147620 1.150616 -40.000000 -24.961250 -39.572575 -15.038750 -15.038750 10.578924 -108733.260945
749247266478.000000 0.006420 1.154037 1.157116 -40.000000 -24.961250 -39.572575 -15.038750 -15.038750 10.690338 -108733.260945
749247280429.000000 0.006715 1.160751 1.163624 -40.000000 -24.961250 -39.572575 -15.038750 -15.038750 10.807549 -108733.260945
749247293598.000000 0.006339 1.167089 1.170086 -40.000000 -24.961250 -39.572575 -15.038750 -15.038750 10.918804 -108733.260945
749247307947.000000 0.006907 1.173994 1.178555 -40.000000 -20.918230 -39.644524 -19.081770 -19.081770 11.073523 -135791.595382
749247326301.000000 0.008833 1.182825 1.185964 -40.000000 -20.918230 -39.644524 -19.081770 -19.081770 11.272893 -135791.595382
749247342208.000000 0.007656 1.190479 1.194159 -40.000000 -20.918230 -39.644524 -19.081770 -19.081770 11.446816 -135791.595382
749247360207.000000 0.008663 1.199140 1.203325 -40.000000 -20.918230 -39.644524 -19.081770 -19.081770 11.645037 -135791.595382
749247377792.000000 0.008464 1.207602 1.212095 -40.000000 -20.918230 -39.644524 -19.081770 -19.081770 11.840068 -135791.595382
749247395255.000000 0.008404 1.216005 1.219587 -40.000000 -20.918230 -39.644524 -19.081770 -19.081770 12.035082 -135791.595382
749247412064.000000 0.008090 1.224093 1.228969 -40.000000 -20.918230 -39.644524 -19.081770 -19.081770 12.224042 -135791.595382
749247430764.000000 0.009001 1.233092 1.236350 -40.000000 -20.918230 -39.644524 -19.081770 -19.081770 12.435825 -135791.595382
749247446217.000000 0.007437 1.240527 1.244413 -40.000000 -20.918230 -39.644524 -19.081770 -19.081770 12.611876 -135791.595382
749247463100.000000 0.008126 1.248653 1.252459 -40.000000 -20.918230 -39.644524 -19.081770 -19.081770 12.805499 -135791.595382
749247480401.000000 0.008327 1.256977 1.261025 -40.000000 -20.918230 -39.644524 -19.081770 -19.081770 13.005226 -135791.595382
749247500170.000000 0.009515 1.266490 1.270511 -40.000000 -20.918230 -39.644524 -19.081770 -19.081770 13.235164 -135791.595382
749247518729.000000 0.008932 1.275420 1.280593 -40.000000 -16.963103 -39.772432 -23.036897 -23.036897 13.497612 -144781.584363
749247539724.000000 0.010105 1.285524 1.289229 -40.000000 -16.963103 -39.772432 -23.036897 -23.036897 13.796867 -144781.584363
749247555174.000000 0.007436 1.292957 1.297458 -40.000000 -16.963103 -39.772432 -23.036897 -23.036897 14.018364 -144781.584363
749247573999.000000 0.009060 1.302016 1.305061 -40.000000 -16.963103 -39.772432 -23.036897 -23.036897 14.290124 -144781.584363
749247590055.000000 0.007728 1.309741 1.314239 -40.000000 -16.963103 -39.772432 -23.036897 -23.036897 14.523309 -144781.584363
749247608915.000000 0.009081 1.318821 1.323202 -40.000000 -16.963103 -39.772432 -23.036897 -23.036897 14.799206 -144781.584363
749247626295.000000 0.008366 1.327180 1.331528 -40.000000 -16.963103 -39.772432 -23.036897 -23.036897 15.054974 -144781.584363
749247644397.000000 0.008713 1.335891 1.339240 -40.000000 -16.963103 -39.772432 -23.036897 -23.036897 15.323113 -144781.584363
749247660179.000000 0.007596 1.343483 1.347266 -40.000000 -16.963103 -39.772432 -23.036897 -23.036897 15.558195 -144781.584363
749247677454.000000 0.008315 1.351797 1.355797 -40.000000 -16.963103 -39.772432 -23.036897 -23.036897 15.817119 -144781.584363
749247694806.000000 0.008352 1.360147 1.364199 -40.000000 -16.963103 -39.772432 -23.036897 -23.036897 16.078803 -144781.584363
749247712139.000000 0.008342 1.368488 1.372533 -40.000000 -16.963103 -39.772432 -23.036897 -23.036897 16.341804 -144781.584363
749247730819.000000 0.008991 1.377476 1.381820 -40.000000 -20.918230 -39.976502 -19.081770 -19.081770 16.578119 -117279.063983
749247749025.000000 0.008763 1.386236 1.389927 -40.000000 -20.918230 -39.976502 -19.081770 -19.081770 16.809903 -117279.063983
749247765303.000000 0.007834 1.394069 1.397433 -40.000000 -20.918230 -39.976502 -19.081770 -19.081770 17.018305 -117279.063983
749247780824.000000 0.007470 1.401537 1.405045 -40.000000 -20.918230 -39.976502 -19.081770 -19.081770 17.218082 -117279.063983
749247796429.000000 0.007510 1.409046 1.412665 -40.000000 -20.918230 -39.976502 -19.081770 -19.081770 17.420016 -117279.063983
749247810999.000000 0.007013 1.416057 1.418782 -40.000000 -20.918230 -39.976502 -19.081770 -19.081770 17.609511 -117279.063983
749247823448.000000 0.005992 1.422047 1.424765 -40.000000 -20.918230 -39.976502 -19.081770 -19.081770 17.772099 -117279.063983
749247836839.000000 0.006445 1.428491 1.431115 -40.000000 -20.918230 -39.976502 -19.081770 -19.081770 17.947780 -117279.063983
749247849710.000000 0.006195 1.434685 1.437368 -40.000000 -20.918230 -39.976502 -19.081770 -19.081770 18.117386 -117279.063983
749247862745.000000 0.006274 1.440957 1.443776 -40.000000 -20.918230 -39.976502 -19.081770 -19.081770 18.289890 -117279.063983
749247874978.000000 0.005888 1.446843 1.449529 -40.000000 -20.918230 -39.976502 -19.081770 -19.081770 18.452444 -117279.063983
749247889007.000000 0.006753 1.453594 1.456251 -40.000000 -20.918230 -39.976502 -19.081770 -19.081770 18.639741 -117279.063983
749247900839.000000 0.005695 1.459287 1.462107 -40.000000 -20.918230 -39.976502 -19.081770 -19.081770 18.798320 -117279.063983
749247913006.000000 0.005856 1.465141 1.467781 -40.000000 -20.918230 -39.976502 -19.081770 -19.081770 18.962042 -117279.063983
749247925309.000000 0.005922 1.471062 1.473898 -40.000000 -23.994441 -39.976502 -16.005559 -19.081770 19.101466 -117279.063983
749247939662.000000 0.006908 1.477970 1.481048 -40.000000 -23.994441 -40.176999 -16.005559 -16.005559 19.264891 -111119.154520
749247952688.000000 0.006269 1.484236 1.486858 -40.000000 -23.994441 -40.176999 -16.005559 -16.005559 19.413828 -111119.154520
749247964390.000000 0.005633 1.489867 1.492382 -40.000000 -23.994441 -40.176999 -16.005559 -16.005559 19.548149 -111119.154520
749247976180.000000 0.005675 1.495540 1.498226 -40.000000 -23.994441 -40.176999 -16.005559 -16.005559 19.683984 -111119.154520
749247988174.000000 0.005773 1.501313 1.503980 -40.000000 -23.994441 -40.176999 -16.005559 -16.005559 19.822702 -111119.154520
749248000057.000000 0.005720 1.507030 1.509638 -40.000000 -23.994441 -40.176999 -16.005559 -16.005559 19.960672 -111119.154520
749248011736.000000 0.005621 1.512650 1.515278 -40.000000 -23.994441 -40.176999 -16.005559 -16.005559 20.096768 -111119.154520
749248023764.000000 0.005790 1.518438 1.521094 -40.000000 -23.994441 -40.176999 -16.005559 -16.005559 20.237478 -111119.154520
749248035495.000000 0.005646 1.524082 1.527049 -40.000000 -23.994441 -40.176999 -16.005559 -16.005559 20.375212 -111119.154520
749248048171.000000 0.006101 1.530183 1.533195 -40.000000 -23.994441 -40.176999 -16.005559 -16.005559 20.524635 -111119.154520
749248061275.000000 0.006307 1.536487 1.539140 -40.000000 -23.994441 -40.176999 -16.005559 -16.005559 20.679739 -111119.154520
749248073917.000000 0.006085 1.542571 1.545272 -40.000000 -23.994441 -40.176999 -16.005559 -16.005559 20.829979 -111119.154520
749248086379.000000 0.005998 1.548567 1.551193 -40.000000 -23.994441 -40.176999 -16.005559 -16.005559 20.978633 -111119.154520
749248098248.000000 0.005712 1.554279 1.556961 -40.000000 -23.994441 -40.176999 -16.005559 -16.005559 21.120737 -111119.154520
749248110348.000000 0.005824 1.560101 1.562762 -40.000000 -23.994441 -40.176999 -16.005559 -16.005559 21.266161 -111119.154520
749248122247.000000 0.005728 1.565827 1.568363 -40.000000 -23.994441 -40.176999 -16.005559 -16.005559 21.409706 -111119.154520
749248134007.000000 0.005660 1.571486 1.574468 -40.000000 -26.982759 -40.176999 -13.017241 -16.005559 21.525495 -111119.154520
749248149420.000000 0.007419 1.578903 1.581885 -40.000000 -26.982759 -40.352107 -13.017241 -13.017241 21.677968 -105065.944954
749248161911.000000 0.006012 1.584913 1.587850 -40.000000 -26.982759 -40.352107 -13.017241 -13.017241 21.802003 -105065.944954
749248174453.000000 0.006037 1.590948 1.593609 -40.000000 -26.982759 -40.352107 -13.017241 -13.017241 21.927018 -105065.944954
749248186642.000000 0.005867 1.596813 1.599404 -40.000000 -26.982759 -40.352107 -13.017241 -13.017241 22.048964 -105065.944954
749248198456.000000 0.005686 1.602498 1.605298 -40.000000 -26.982759 -40.352107 -13.017241 -13.017241 22.167579 -105065.944954
749248211044.000000 0.006059 1.608556 1.611292 -40.000000 -26.982759 -40.352107 -13.017241 -13.017241 22.294442 -105065.944954
749248223351.000000 0.005924 1.614478 1.617180 -40.000000 -26.982759 -40.352107 -13.017241 -13.017241 22.418940 -105065.944954
749248235415.000000 0.005807 1.620283 1.622940 -40.000000 -26.982759 -40.352107 -13.017241 -13.017241 22.541409 -105065.944954
749248247766.000000 0.005945 1.626227 1.629165 -40.000000 -26.982759 -40.352107 -13.017241 -13.017241 22.667262 -105065.944954
749248260302.000000 0.006034 1.632258 1.634836 -40.000000 -26.982759 -40.352107 -13.017241 -13.017241 22.795462 -105065.944954
749248272143.000000 0.005699 1.637956 1.640694 -40.000000 -26.982759 -40.352107 -13.017241 -13.017241 22.916979 -105065.944954
749248284340.000000 0.005871 1.643825 1.646455 -40.000000 -26.982759 -40.352107 -13.017241 -13.017241 23.042597 -105065.944954
749248296647.000000 0.005925 1.649748 1.652637 -40.000000 -26.982759 -40.352107 -13.017241 -13.017241 23.169836 -105065.944954
749248309149.000000 0.006018 1.655763 1.658414 -40.000000 -26.982759 -40.352107 -13.017241 -13.017241 23.299540 -105065.944954
749248321443.000000 0.005918 1.661679 1.664343 -40.000000 -26.982759 -40.352107 -13.017241 -13.017241 23.427543 -105065.944954
749248333703.000000 0.005900 1.667577 1.670272 -40.000000 -26.982759 -40.352107 -13.017241 -13.017241 23.555624 -105065.944954
749248345945.000000 0.005892 1.673468 1.677084 -40.000000 -29.971078 -40.544241 -10.028922 -10.028922 23.654513 -94871.001483
749248362511.000000 0.007974 1.681441 1.684095 -40.000000 -29.971078 -40.544241 -10.028922 -10.028922 23.788984 -94871.001483
749248374743.000000 0.005887 1.687326 1.690224 -40.000000 -29.971078 -40.544241 -10.028922 -10.028922 23.888611 -94871.001483
749248387139.000000 0.005967 1.693291 1.695980 -40.000000 -29.971078 -40.544241 -10.028922 -10.028922 23.989938 -94871.001483
749248399804.000000 0.006096 1.699385 1.702132 -40.000000 -29.971078 -40.544241 -10.028922 -10.028922 24.093836 -94871.001483
749248411851.000000 0.005798 1.705181 1.707794 -40.000000 -29.971078 -40.544241 -10.028922 -10.028922 24.192986 -94871.001483
749248423536.000000 0.005624 1.710805 1.713430 -40.000000 -29.971078 -40.544241 -10.028922 -10.028922 24.289483 -94871.001483
749248435106.000000 0.005568 1.716372 1.718913 -40.000000 -29.971078 -40.544241 -10.028922 -10.028922 24.385333 -94871.001483
749248446587.000000 0.005526 1.721897 1.724471 -40.000000 -29.971078 -40.544241 -10.028922 -10.028922 24.480760 -94871.001483
749248459006.000000 0.005977 1.727873 1.730631 -40.000000 -29.971078 -40.544241 -10.028922 -10.028922 24.584340 -94871.001483
749248471123.000000 0.005832 1.733704 1.736243 -40.000000 -29.971078 -40.544241 -10.028922 -10.028922 24.685743 -94871.001483
749248482740.000000 0.005591 1.739293 1.741940 -40.000000 -29.971078 -40.544241 -10.028922 -10.028922 24.783276 -94871.001483
749248494351.000000 0.005589 1.744880 1.747558 -40.000000 -29.971078 -40.544241 -10.028922 -10.028922 24.881072 -94871.001483
749248506504.000000 0.005849 1.750728 1.753258 -40.000000 -29.971078 -40.544241 -10.028922 -10.028922 24.983774 -94871.001483
749248518053.000000 0.005559 1.756286 1.758985 -40.000000 -29.971078 -40.544241 -10.028922 -10.028922 25.081692 -94871.001483
749248530298.000000 0.005894 1.762178 1.765193 -40.000000 -29.971078 -40.544241 -10.028922 -10.028922 25.185858 -94871.001483
749248542900.000000 0.006065 1.768242 1.771569 -40.000000 -29.971078 -40.544241 -10.028922 -10.028922 25.293419 -94871.001483
749248562946.000000 0.009649 1.777890 1.783856 -40.000000 -31.992588 -40.692265 -8.007412 -8.007412 25.430783 -91022.966475
749248585380.000000 0.010797 1.788684 1.792299 -40.000000 -31.992588 -40.692265 -8.007412 -8.007412 25.585419 -91022.966475
749248602567.000000 0.008272 1.796954 1.800960 -40.000000 -31.992588 -40.692265 -8.007412 -8.007412 25.704447 -91022.966475
749248620398.000000 0.008582 1.805534 1.809187 -40.000000 -31.992588 -40.692265 -8.007412 -8.007412 25.828523 -91022.966475
749248636647.000000 0.007821 1.813353 1.816883 -40.000000 -31.992588 -40.692265 -8.007412 -8.007412 25.942083 -91022.966475
749248653158.000000 0.007947 1.821297 1.824981 -40.000000 -31.992588 -40.692265 -8.007412 -8.007412 26.057980 -91022.966475
749248671342.000000 0.008752 1.830048 1.833687 -40.000000 -31.992588 -40.692265 -8.007412 -8.007412 26.186230 -91022.966475
749248687806.000000 0.007924 1.837971 1.841866 -40.000000 -31.992588 -40.692265 -8.007412 -8.007412 26.302854 -91022.966475
749248705153.000000 0.008350 1.846318 1.849888 -40.000000 -31.992588 -40.692265 -8.007412 -8.007412 26.426297 -91022.966475
749248722005.000000 0.008111 1.854427 1.858127 -40.000000 -31.992588 -40.692265 -8.007412 -8.007412 26.546738 -91022.966475
749248738601.000000 0.007989 1.862414 1.866091 -40.000000 -31.992588 -40.692265 -8.007412 -8.007412 26.665876 -91022.966475
749248757602.000000 0.009146 1.871556 1.875826 -40.000000 -35.947715 -40.692265 -4.052285 -8.007412 26.735236 -91022.966475
749248779690.000000 0.010631 1.882185 1.886367 -40.000000 -35.947715 -40.838529 -4.052285 -4.052285 26.816320 -78090.837020
749248797438.000000 0.008542 1.890724 1.894573 -40.000000 -35.947715 -40.838529 -4.052285 -4.052285 26.881768 -78090.837020
749248814816.000000 0.008364 1.899086 1.902860 -40.000000 -35.947715 -40.838529 -4.052285 -4.052285 26.946135 -78090.837020
749248831996.000000 0.008269 1.907353 1.910954 -40.000000 -35.947715 -40.838529 -4.052285 -4.052285 27.010045 -78090.837020
749248849177.000000 0.008269 1.915621 1.919228 -40.000000 -35.947715 -40.838529 -4.052285 -4.052285 27.074237 -78090.837020
749248865913.000000 0.008055 1.923673 1.927890 -40.000000 -35.947715 -40.838529 -4.052285 -4.052285 27.137029 -78090.837020
749248883773.000000 0.008596 1.932268 1.935990 -40.000000 -35.947715 -40.838529 -4.052285 -4.052285 27.204336 -78090.837020
749248900675.000000 0.008135 1.940401 1.944002 -40.000000 -35.947715 -40.838529 -4.052285 -4.052285 27.268303 -78090.837020
749248916852.000000 0.007787 1.948186 1.951624 -40.000000 -35.947715 -40.838529 -4.052285 -4.052285 27.329775 -78090.837020
749248933131.000000 0.007835 1.956019 1.959605 -40.000000 -35.947715 -40.838529 -4.052285 -4.052285 27.391880 -78090.837020
749248949503.000000 0.007880 1.963897 1.967342 -40.000000 -35.947715 -40.838529 -4.052285 -4.052285 27.454591 -78090.837020
749248966531.000000 0.008196 1.972090 1.978970 -40.000000 -37.969225 -40.935858 -2.030775 -2.030775 27.487414 -74048.975152
749248991366.000000 0.011952 1.984041 1.987698 -40.000000 -37.969225 -40.935858 -2.030775 -2.030775 27.535571 -74048.975152
749249007513.000000 0.007772 1.991811 1.995205 -40.000000 -37.969225 -40.935858 -2.030775 -2.030775 27.567007 -74048.975152
749249023392.000000 0.007643 1.999452 2.003041 -40.000000 -37.969225 -40.935858 -2.030775 -2.030775 27.598042 -74048.975152
749249039820.000000 0.007907 2.007356 2.010891 -40.000000 -37.969225 -40.935858 -2.030775 -2.030775 27.630275 -74048.975152
749249055917.000000 0.007747 2.015102 2.018602 -40.000000 -37.969225 -40.935858 -2.030775 -2.030775 27.661978 -74048.975152
749249072487.000000 0.007975 2.023076 2.027035 -40.000000 -37.969225 -40.935858 -2.030775 -2.030775 27.694744 -74048.975152
749249090364.000000 0.008605 2.031678 2.035853 -40.000000 -37.969225 -40.935858 -2.030775 -2.030775 27.730246 -74048.975152
749249107993.000000 0.008484 2.040161 2.043678 -40.000000 -37.969225 -40.935858 -2.030775 -2.030775 27.765397 -74048.975152
749249124139.000000 0.007772 2.047930 2.051495 -40.000000 -37.969225 -40.935858 -2.030775 -2.030775 27.797719 -74048.975152
749249140850.000000 0.008043 2.055971 2.059464 -40.000000 -37.969225 -40.935858 -2.030775 -2.030775 27.831301 -74048.975152
749249156878.000000 0.007714 2.063684 2.067284 -40.000000 -37.969225 -40.935858 -2.030775 -2.030775 27.863631 -74048.975152
749249173197.000000 0.007854 2.071536 2.076610 -40.000000 -40.957544 -40.935858 0.957544 -2.030775 27.879210 -74048.975152
749249195590.000000 0.010777 2.082312 2.086631 -40.000000 -40.957544 -40.985175 0.957544 0.957544 27.900699 -65331.419848
749249213814.000000 0.008771 2.091081 2.094608 -40.000000 -40.957544 -40.985175 0.957544 0.957544 27.918262 -65331.419848
749249230224.000000 0.007900 2.098980 2.102563 -40.000000 -40.957544 -40.985175 0.957544 0.957544 27.934140 -65331.419848
749249246762.000000 0.007960 2.106935 2.110653 -40.000000 -40.957544 -40.985175 0.957544 0.957544 27.950199 -65331.419848
749249263321.000000 0.007970 2.114904 2.118599 -40.000000 -40.957544 -40.985175 0.957544 0.957544 27.966340 -65331.419848
749249280163.000000 0.008106 2.123008 2.126834 -40.000000 -40.957544 -40.985175 0.957544 0.957544 27.982819 -65331.419848
749249298747.000000 0.008944 2.131950 2.135473 -40.000000 -40.957544 -40.985175 0.957544 0.957544 28.001078 -65331.419848
749249314887.000000 0.007769 2.139716 2.143164 -40.000000 -40.957544 -40.985175 0.957544 0.957544 28.016996 -65331.419848
749249331004.000000 0.007757 2.147471 2.151171 -40.000000 -40.957544 -40.985175 0.957544 0.957544 28.032947 -65331.419848
749249347823.000000 0.008095 2.155565 2.159314 -40.000000 -40.957544 -40.985175 0.957544 0.957544 28.049656 -65331.419848
749249366990.000000 0.009226 2.164789 2.169531 -40.000000 -40.957544 -40.985175 0.957544 0.957544 28.068780 -65331.419848
749249391747.000000 0.011915 2.176702 2.182995 -40.000000 -41.924353 -41.030207 1.924353 1.924353 28.118690 -63730.831735
749249415035.000000 0.011208 2.187907 2.191651 -40.000000 -41.924353 -41.030207 1.924353 1.924353 28.165881 -63730.831735
749249432157.000000 0.008241 2.196147 2.200302 -40.000000 -41.924353 -41.030207 1.924353 1.924353 28.200710 -63730.831735
749249450562.000000 0.008858 2.205003 2.208744 -40.000000 -41.924353 -41.030207 1.924353 1.924353 28.238297 -63730.831735
749249467068.000000 0.007945 2.212946 2.216635 -40.000000 -41.924353 -41.030207 1.924353 1.924353 28.272131 -63730.831735
749249483342.000000 0.007833 2.220776 2.224453 -40.000000 -41.924353 -41.030207 1.924353 1.924353 28.305605 -63730.831735
749249500712.000000 0.008361 2.229134 2.232867 -40.000000 -41.924353 -41.030207 1.924353 1.924353 28.341469 -63730.831735
749249517282.000000 0.007975 2.237108 2.240776 -40.000000 -41.924353 -41.030207 1.924353 1.924353 28.375803 -63730.831735
749249533831.000000 0.007965 2.245070 2.248881 -40.000000 -41.924353 -41.030207 1.924353 1.924353 28.410215 -63730.831735
749249552660.000000 0.009063 2.254132 2.258818 -40.000000 -41.924353 -41.030207 1.924353 1.924353 28.449527 -63730.831735
749249573886.000000 0.010217 2.264346 2.268875 -40.000000 -41.924353 -41.030207 1.924353 1.924353 28.494045 -63730.831735
749249594398.000000 0.009872 2.274216 2.280135 -40.000000 -42.979053 -40.997332 2.979053 2.979053 28.560929 -61820.180162
749249617409.000000 0.011075 2.285288 2.288979 -40.000000 -42.979053 -40.997332 2.979053 2.979053 28.636325 -61820.180162
749249633892.000000 0.007933 2.293219 2.297033 -40.000000 -42.979053 -40.997332 2.979053 2.979053 28.690523 -61820.180162
749249650649.000000 0.008066 2.301283 2.305698 -40.000000 -42.979053 -40.997332 2.979053 2.979053 28.745822 -61820.180162
749249668411.000000 0.008549 2.309830 2.313398 -40.000000 -42.979053 -40.997332 2.979053 2.979053 28.804647 -61820.180162
749249686458.000000 0.008686 2.318514 2.322160 -40.000000 -42.979053 -40.997332 2.979053 2.979053 28.864641 -61820.180162
749249702860.000000 0.007895 2.326408 2.330569 -40.000000 -42.979053 -40.997332 2.979053 2.979053 28.919357 -61820.180162
749249721024.000000 0.008742 2.335146 2.338962 -40.000000 -42.979053 -40.997332 2.979053 2.979053 28.980170 -61820.180162
749249738456.000000 0.008390 2.343534 2.347357 -40.000000 -42.979053 -40.997332 2.979053 2.979053 29.038742 -61820.180162
749249755548.000000 0.008226 2.351759 2.355675 -40.000000 -42.979053 -40.997332 2.979053 2.979053 29.096376 -61820.180162
749249773312.000000 0.008550 2.360307 2.364071 -40.000000 -42.979053 -40.997332 2.979053 2.979053 29.156494 -61820.180162
749249790579.000000 0.008311 2.368615 2.376629 -40.000000 -41.924353 -40.997332 1.924353 2.979053 29.194375 -61820.180162
749249822228.000000 0.015231 2.383845 2.387612 -40.000000 -41.924353 -40.955713 1.924353 1.924353 29.264245 -65024.396536
749249839045.000000 0.008094 2.391938 2.395710 -40.000000 -41.924353 -40.955713 1.924353 1.924353 29.301502 -65024.396536
749249856028.000000 0.008174 2.400109 2.403780 -40.000000 -41.924353 -40.955713 1.924353 1.924353 29.339255 -65024.396536
749249872556.000000 0.007955 2.408062 2.411762 -40.000000 -41.924353 -40.955713 1.924353 1.924353 29.376116 -65024.396536
749249890446.000000 0.008611 2.416671 2.421728 -40.000000 -41.924353 -40.955713 1.924353 1.924353 29.416162 -65024.396536
749249910787.000000 0.009791 2.426461 2.430615 -40.000000 -41.924353 -40.955713 1.924353 1.924353 29.461879 -65024.396536
749249928484.000000 0.008518 2.434974 2.438888 -40.000000 -41.924353 -40.955713 1.924353 1.924353 29.501790 -65024.396536
749249945791.000000 0.008330 2.443304 2.447075 -40.000000 -41.924353 -40.955713 1.924353 1.924353 29.540957 -65024.396536
749249963155.000000 0.008357 2.451658 2.455465 -40.000000 -41.924353 -40.955713 1.924353 1.924353 29.580386 -65024.396536
749249980190.000000 0.008200 2.459855 2.463324 -40.000000 -41.924353 -40.955713 1.924353 1.924353 29.619200 -65024.396536
749249996188.000000 0.007700 2.467553 2.471019 -40.000000 -41.924353 -40.955713 1.924353 1.924353 29.655763 -65024.396536
749250013906.000000 0.008529 2.476080 2.481452 -40.000000 -45.967372 -40.904344 5.967372 5.967372 29.781779 -43877.947050
749250034728.000000 0.010022 2.486099 2.489602 -40.000000 -45.967372 -40.904344 5.967372 5.967372 29.930457 -43877.947050
749250050769.000000 0.007721 2.493817 2.497262 -40.000000 -45.967372 -40.904344 5.967372 5.967372 30.045354 -43877.947050
749250066702.000000 0.007669 2.501483 2.504932 -40.000000 -45.967372 -40.904344 5.967372 5.967372 30.159827 -43877.947050
749250083085.000000 0.007885 2.509367 2.512871 -40.000000 -45.967372 -40.904344 5.967372 5.967372 30.277904 -43877.947050
749250099131.000000 0.007723 2.517088 2.520671 -40.000000 -45.967372 -40.904344 5.967372 5.967372 30.393901 -43877.947050
749250116736.000000 0.008474 2.525561 2.529649 -40.000000 -45.967372 -40.904344 5.967372 5.967372 30.521610 -43877.947050
749250135748.000000 0.009150 2.534708 2.538343 -40.000000 -45.967372 -40.904344 5.967372 5.967372 30.660014 -43877.947050
749250152159.000000 0.007900 2.542607 2.546140 -40.000000 -45.967372 -40.904344 5.967372 5.967372 30.779874 -43877.947050
749250168346.000000 0.007791 2.550395 2.553951 -40.000000 -45.967372 -40.904344 5.967372 5.967372 30.898446 -43877.947050
749250184532.000000 0.007790 2.558182 2.561709 -40.000000 -45.967372 -40.904344 5.967372 5.967372 31.017365 -43877.947050
749250200774.000000 0.007817 2.565999 2.569847 -40.000000 -45.967372 -40.904344 5.967372 5.967372 31.137061 -43877.947050
749250217711.000000 0.008152 2.574149 2.580013 -40.000000 -41.924353 -40.708509 1.924353 1.924353 31.177444 -69596.591581
749250242551.000000 0.011955 2.586101 2.591117 -40.000000 -41.924353 -40.708509 1.924353 1.924353 31.236940 -69596.591581
749250264351.000000 0.010492 2.596592 2.601359 -40.000000 -41.924353 -40.708509 1.924353 1.924353 31.289368 -69596.591581
749250285952.000000 0.010396 2.606985 2.611844 -40.000000 -41.924353 -40.708509 1.924353 1.924353 31.341523 -69596.591581
749250307216.000000 0.010234 2.617219 2.621880 -40.000000 -41.924353 -40.708509 1.924353 1.924353 31.393068 -69596.591581
749250329123.000000 0.010544 2.627760 2.633694 -40.000000 -41.924353 -40.708509 1.924353 1.924353 31.446386 -69596.591581
749250352986.000000 0.011485 2.639242 2.643666 -40.000000 -41.924353 -40.708509 1.924353 1.924353 31.504714 -69596.591581
749250372442.000000 0.009365 2.648605 2.653276 -40.000000 -41.924353 -40.708509 1.924353 1.924353 31.552446 -69596.591581
749250396610.000000 0.011632 2.660235 2.665690 -40.000000 -41.924353 -40.708509 1.924353 1.924353 31.611992 -69596.591581
749250424265.000000 0.013310 2.673542 2.681750 -40.000000 -45.967372 -40.653788 5.967372 5.967372 31.824336 -40592.767544
749250462503.000000 0.018402 2.691941 2.698296 -40.000000 -45.967372 -40.653788 5.967372 5.967372 32.119946 -40592.767544
749250491054.000000 0.013741 2.705680 2.718011 -40.000000 -45.967372 -40.653788 5.967372 5.967372 32.341804 -40592.767544
749250530119.000000 0.018800 2.724477 2.730685 -40.000000 -45.967372 -40.653788 5.967372 5.967372 32.647449 -40592.767544
749250555736.000000 0.012329 2.736804 2.742766 -40.000000 -45.967372 -40.653788 5.967372 5.967372 32.848802 -40592.767544
749250581001.000000 0.012160 2.748962 2.754424 -40.000000 -45.967372 -40.653788 5.967372 5.967372 33.048279 -40592.767544
749250610528.000000 0.014211 2.763170 2.767905 -40.000000 -45.967372 -40.653788 5.967372 5.967372 33.282595 -40592.767544
749250631255.000000 0.009976 2.773142 2.778026 -40.000000 -41.924353 -40.441430 1.924353 1.924353 33.335830 -65710.191181
749250652515.000000 0.010660 2.783801 2.789092 -40.000000 -41.924353 -40.441430 1.924353 1.924353 33.392934 -65710.191181
749250673986.000000 0.010334 2.793704 2.797750 -40.000000 -41.924353 -40.441430 1.924353 1.924353 33.448491 -65710.191181
749250693194.000000 0.009246 2.802948 2.807095 -40.000000 -41.924353 -40.441430 1.924353 1.924353 33.498361 -65710.191181
749250712326.000000 0.009209 2.812153 2.816769 -40.000000 -41.924353 -40.441430 1.924353 1.924353 33.548194 -65710.191181
749250734175.000000 0.010516 2.822667 2.826859 -40.000000 -41.924353 -40.441430 1.924353 1.924353 33.605314 -65710.191181
749250752936.000000 0.009030 2.831695 2.835557 -40.000000 -41.924353 -40.441430 1.924353 1.924353 33.654521 -65710.191181
749250770547.000000 0.008476 2.840169 2.843860 -40.000000 -41.924353 -40.441430 1.924353 1.924353 33.700847 -65710.191181
749250787143.000000 0.007988 2.848155 2.852562 -40.000000 -41.924353 -40.441430 1.924353 1.924353 33.744630 -65710.191181
749250809519.000000 0.010770 2.858922 2.862982 -40.000000 -41.924353 -40.441430 1.924353 1.924353 33.803879 -65710.191181
749250828166.000000 0.008975 2.867895 2.871709 -40.000000 -41.924353 -40.441430 1.924353 1.924353 33.853409 -65710.191181
749250844386.000000 0.007807 2.875699 2.879625 -40.000000 -37.969225 -40.356491 -2.030775 -2.030775 33.899001 -74054.227088
749250863526.000000 0.009213 2.884910 2.888626 -40.000000 -37.969225 -40.356491 -2.030775 -2.030775 33.952975 -74054.227088
749250879461.000000 0.007670 2.892577 2.895988 -40.000000 -37.969225 -40.356491 -2.030775 -2.030775 33.998028 -74054.227088
749250895887.000000 0.007907 2.900483 2.904831 -40.000000 -37.969225 -40.356491 -2.030775 -2.030775 34.044605 -74054.227088
749250914774.000000 0.009090 2.909569 2.912973 -40.000000 -37.969225 -40.356491 -2.030775 -2.030775 34.098316 -74054.227088
749250929856.000000 0.007259 2.916826 2.920736 -40.000000 -37.969225 -40.356491 -2.030775 -2.030775 34.141316 -74054.227088
749250947408.000000 0.008448 2.925272 2.929934 -40.000000 -37.969225 -40.356491 -2.030775 -2.030775 34.191501 -74054.227088
749250967088.000000 0.009472 2.934743 2.938775 -40.000000 -37.969225 -40.356491 -2.030775 -2.030775 34.247950 -74054.227088
749250985506.000000 0.008865 2.943605 2.947998 -40.000000 -37.969225 -40.356491 -2.030775 -2.030775 34.300941 -74054.227088
749251004981.000000 0.009373 2.952976 2.957225 -40.000000 -37.969225 -40.356491 -2.030775 -2.030775 34.357150 -74054.227088
749251024625.000000 0.009454 2.962429 2.966771 -40.000000 -37.969225 -40.356491 -2.030775 -2.030775 34.414028 -74054.227088
749251043558.000000 0.009112 2.971539 2.976056 -40.000000 -34.980906 -40.356491 -5.019094 -2.030775 34.549926 -74054.227088
749251062544.000000 0.009138 2.980676 2.984687 -40.000000 -34.980906 -40.455296 -5.019094 -5.019094 34.686638 -77625.629457
749251081161.000000 0.008961 2.989634 2.993692 -40.000000 -34.980906 -40.455296 -5.019094 -5.019094 34.821096 -77625.629457
749251098596.000000 0.008392 2.998024 3.001989 -40.000000 -34.980906 -40.455296 -5.019094 -5.019094 34.947374 -77625.629457
749251115105.000000 0.007946 3.005967 3.009863 -40.000000 -34.980906 -40.455296 -5.019094 -5.019094 35.067256 -77625.629457
749251132714.000000 0.008475 3.014441 3.018178 -40.000000 -34.980906 -40.455296 -5.019094 -5.019094 35.195484 -77625.629457
749251148801.000000 0.007743 3.022181 3.025666 -40.000000 -34.980906 -40.455296 -5.019094 -5.019094 35.312932 -77625.629457
749251166454.000000 0.008496 3.030676 3.034997 -40.000000 -34.980906 -40.455296 -5.019094 -5.019094 35.442173 -77625.629457
749251184289.000000 0.008584 3.039258 3.042540 -40.000000 -34.980906 -40.455296 -5.019094 -5.019094 35.573116 -77625.629457
749251198921.000000 0.007043 3.046298 3.049378 -40.000000 -34.980906 -40.455296 -5.019094 -5.019094 35.680797 -77625.629457
749251213700.000000 0.007113 3.053410 3.056481 -40.000000 -34.980906 -40.455296 -5.019094 -5.019094 35.789813 -77625.629457
749251227947.000000 0.006857 3.060265 3.063270 -40.000000 -34.980906 -40.455296 -5.019094 -5.019094 35.895135 -77625.629457
749251242343.000000 0.006929 3.067192 3.071226 -40.000000 -34.980906 -40.455296 -5.019094 -5.019094 36.001806 -77625.629457
749251261151.000000 0.009053 3.076244 3.080576 -40.000000 -34.980906 -40.759327 -5.019094 -5.019094 36.141586 -69177.237280
749251279704.000000 0.008930 3.085171 3.088559 -40.000000 -34.980906 -40.759327 -5.019094 -5.019094 36.279864 -69177.237280
749251295107.000000 0.007414 3.092582 3.095762 -40.000000 -34.980906 -40.759327 -5.019094 -5.019094 36.394940 -69177.237280
749251310003.000000 0.007170 3.099750 3.102994 -40.000000 -34.980906 -40.759327 -5.019094 -5.019094 36.506487 -69177.237280
749251325095.000000 0.007264 3.107012 3.110440 -40.000000 -34.980906 -40.759327 -5.019094 -5.019094 36.619765 -69177.237280
749251340393.000000 0.007363 3.114375 3.118729 -40.000000 -34.980906 -40.759327 -5.019094 -5.019094 36.734862 -69177.237280
749251359545.000000 0.009219 3.123591 3.128067 -40.000000 -34.980906 -40.759327 -5.019094 -5.019094 36.879389 -69177.237280
749251378484.000000 0.009115 3.132703 3.135958 -40.000000 -34.980906 -40.759327 -5.019094 -5.019094 37.022710 -69177.237280
749251393118.000000 0.007044 3.139744 3.142918 -40.000000 -34.980906 -40.759327 -5.019094 -5.019094 37.133709 -69177.237280
749251407881.000000 0.007106 3.146848 3.149928 -40.000000 -34.980906 -40.759327 -5.019094 -5.019094 37.245940 -69177.237280
749251422736.000000 0.007150 3.153996 3.157198 -40.000000 -34.980906 -40.759327 -5.019094 -5.019094 37.359126 -69177.237280
749251437722.000000 0.007213 3.161207 3.165062 -40.000000 -34.980906 -40.759327 -5.019094 -5.019094 37.473564 -69177.237280
749251456775.000000 0.009171 3.170377 3.175402 -40.000000 -35.947715 -40.759327 -4.052285 -5.019094 37.591381 -69177.237280
749251478637.000000 0.010522 3.180896 3.185699 -40.000000 -35.947715 -41.057692 -4.052285 -4.052285 37.727005 -62963.490738
749251501299.000000 0.010907 3.191801 3.196290 -40.000000 -35.947715 -41.057692 -4.052285 -4.052285 37.868079 -62963.490738
749251520957.000000 0.009461 3.201259 3.205696 -40.000000 -35.947715 -41.057692 -4.052285 -4.052285 37.990807 -62963.490738
749251540824.000000 0.009562 3.210819 3.215532 -40.000000 -35.947715 -41.057692 -4.052285 -4.052285 38.115217 -62963.490738
749251561738.000000 0.010066 3.220883 3.225267 -40.000000 -35.947715 -41.057692 -4.052285 -4.052285 38.246592 -62963.490738
749251580545.000000 0.009053 3.229935 3.234226 -40.000000 -35.947715 -41.057692 -4.052285 -4.052285 38.365079 -62963.490738
749251599034.000000 0.008899 3.238830 3.242801 -40.000000 -35.947715 -41.057692 -4.052285 -4.052285 38.481878 -62963.490738
749251616669.000000 0.008488 3.247315 3.251148 -40.000000 -35.947715 -41.057692 -4.052285 -4.052285 38.593568 -62963.490738
749251635381.000000 0.009006 3.256320 3.260780 -40.000000 -35.947715 -41.057692 -4.052285 -4.052285 38.712413 -62963.490738
749251655266.000000 0.009571 3.265889 3.270012 -40.000000 -35.947715 -41.057692 -4.052285 -4.052285 38.839078 -62963.490738
749251673860.000000 0.008950 3.274835 3.279503 -40.000000 -35.947715 -41.354588 -4.052285 -4.052285 38.957845 -63188.873925
749251695163.000000 0.010253 3.285087 3.290803 -40.000000 -35.947715 -41.354588 -4.052285 -4.052285 39.094337 -63188.873925
749251718106.000000 0.011043 3.296128 3.301494 -40.000000 -35.947715 -41.354588 -4.052285 -4.052285 39.241835 -63188.873925
749251743513.000000 0.012228 3.308354 3.314147 -40.000000 -35.947715 -41.354588 -4.052285 -4.052285 39.405769 -63188.873925
749251765107.000000 0.010393 3.318742 3.323101 -40.000000 -35.947715 -41.354588 -4.052285 -4.052285 39.545537 -63188.873925
749251784835.000000 0.009495 3.328235 3.332640 -40.000000 -35.947715 -41.354588 -4.052285 -4.052285 39.673594 -63188.873925
749251803186.000000 0.008832 3.337066 3.341310 -40.000000 -35.947715 -41.354588 -4.052285 -4.052285 39.793030 -63188.873925
749251820981.000000 0.008565 3.345630 3.350107 -40.000000 -35.947715 -41.354588 -4.052285 -4.052285 39.909153 -63188.873925
749251841049.000000 0.009659 3.355287 3.360182 -40.000000 -35.947715 -41.354588 -4.052285 -4.052285 40.040488 -63188.873925
749251862315.000000 0.010235 3.365520 3.370232 -40.000000 -35.947715 -41.354588 -4.052285 -4.052285 40.180079 -63188.873925
749251883930.000000 0.010404 3.375921 3.380706 -40.000000 -36.914524 -41.685107 -3.085476 -3.085476 40.288449 -56997.720372
749251905685.000000 0.010470 3.386388 3.390534 -40.000000 -36.914524 -41.685107 -3.085476 -3.085476 40.397849 -56997.720372
749251925222.000000 0.009404 3.395791 3.400711 -40.000000 -36.914524 -41.685107 -3.085476 -3.085476 40.496380 -56997.720372
749251945877.000000 0.009942 3.405729 3.409261 -40.000000 -36.914524 -41.685107 -3.085476 -3.085476 40.600852 -56997.720372
749251961883.000000 0.007703 3.413429 3.416741 -40.000000 -36.914524 -41.685107 -3.085476 -3.085476 40.681985 -56997.720372
749251976772.000000 0.007166 3.420593 3.423970 -40.000000 -36.914524 -41.685107 -3.085476 -3.085476 40.757615 -56997.720372
749251993353.000000 0.007981 3.428574 3.431940 -40.000000 -36.914524 -41.685107 -3.085476 -3.085476 40.842045 -56997.720372
749252008408.000000 0.007246 3.435816 3.439260 -40.000000 -36.914524 -41.685107 -3.085476 -3.085476 40.918863 -56997.720372
749252025416.000000 0.008186 3.444002 3.448106 -40.000000 -36.914524 -41.685107 -3.085476 -3.085476 41.005851 -56997.720372
749252043226.000000 0.008572 3.452572 3.455971 -40.000000 -36.914524 -41.685107 -3.085476 -3.085476 41.097167 -56997.720372
749252058496.000000 0.007349 3.459918 3.463267 -40.000000 -36.914524 -41.685107 -3.085476 -3.085476 41.175624 -56997.720372
749252073079.000000 0.007020 3.466937 3.470867 -40.000000 -36.914524 -41.685107 -3.085476 -3.085476 41.250714 -56997.720372
749252090577.000000 0.008422 3.475356 3.479142 -40.000000 -36.914524 -42.012627 -3.085476 -3.085476 41.341022 -57204.267293
749252108571.000000 0.008661 3.484016 3.488507 -40.000000 -36.914524 -42.012627 -3.085476 -3.085476 41.434126 -57204.267293
749252127498.000000 0.009109 3.493122 3.496534 -40.000000 -36.914524 -42.012627 -3.085476 -3.085476 41.532302 -57204.267293
749252142781.000000 0.007358 3.500479 3.503745 -40.000000 -36.914524 -42.012627 -3.085476 -3.085476 41.611772 -57204.267293
749252158556.000000 0.007593 3.508066 3.511304 -40.000000 -36.914524 -42.012627 -3.085476 -3.085476 41.693956 -57204.267293
749252172979.000000 0.006942 3.515007 3.518113 -40.000000 -36.914524 -42.012627 -3.085476 -3.085476 41.769242 -57204.267293
749252187077.000000 0.006785 3.521790 3.525150 -40.000000 -36.914524 -42.012627 -3.085476 -3.085476 41.842973 -57204.267293
749252203225.000000 0.007773 3.529562 3.533552 -40.000000 -36.914524 -42.012627 -3.085476 -3.085476 41.927621 -57204.267293
749252221154.000000 0.008629 3.538189 3.541347 -40.000000 -36.914524 -42.012627 -3.085476 -3.085476 42.021826 -57204.267293
749252237231.000000 0.007738 3.545924 3.549265 -40.000000 -36.914524 -42.012627 -3.085476 -3.085476 42.106487 -57204.267293
749252252406.000000 0.007304 3.553226 3.556622 -40.000000 -36.914524 -42.012627 -3.085476 -3.085476 42.186558 -57204.267293
749252267448.000000 0.007240 3.560464 3.563750 -40.000000 -36.914524 -42.012627 -3.085476 -3.085476 42.266090 -57204.267293
749252282279.000000 0.007138 3.567600 3.571246 -40.000000 -36.914524 -42.012627 -3.085476 -3.085476 42.344663 -57204.267293
749252299382.000000 0.008231 3.575831 3.580122 -40.000000 -35.947715 -42.296059 -4.052285 -4.052285 42.463937 -59598.606912
749252318211.000000 0.009062 3.584894 3.588664 -40.000000 -35.947715 -42.296059 -4.052285 -4.052285 42.595585 -59598.606912
749252333824.000000 0.007515 3.592404 3.595581 -40.000000 -35.947715 -42.296059 -4.052285 -4.052285 42.704981 -59598.606912
749252348390.000000 0.007010 3.599413 3.602762 -40.000000 -35.947715 -42.296059 -4.052285 -4.052285 42.807234 -59598.606912
749252363047.000000 0.007055 3.606467 3.610100 -40.000000 -35.947715 -42.296059 -4.052285 -4.052285 42.910343 -59598.606912
749252379673.000000 0.008002 3.614467 3.618439 -40.000000 -35.947715 -42.296059 -4.052285 -4.052285 43.027550 -59598.606912
749252398330.000000 0.008980 3.623445 3.627113 -40.000000 -35.947715 -42.296059 -4.052285 -4.052285 43.159405 -59598.606912
749252414755.000000 0.007906 3.631347 3.634790 -40.000000 -35.947715 -42.296059 -4.052285 -4.052285 43.275737 -59598.606912
749252429928.000000 0.007303 3.638648 3.642322 -40.000000 -35.947715 -42.296059 -4.052285 -4.052285 43.383412 -59598.606912
749252445603.000000 0.007545 3.646191 3.649603 -40.000000 -35.947715 -42.296059 -4.052285 -4.052285 43.494887 -59598.606912
749252460490.000000 0.007165 3.653355 3.656671 -40.000000 -35.947715 -42.296059 -4.052285 -4.052285 43.600967 -59598.606912
749252477333.000000 0.008107 3.661460 3.665902 -40.000000 -35.947715 -42.296059 -4.052285 -4.052285 43.721247 -59598.606912
749252495860.000000 0.008918 3.670376 3.674208 -40.000000 -35.947715 -42.296059 -4.052285 -4.052285 43.853887 -59598.606912
