924150492762.000000 0.000002 0.000005 0.006926 -0.000005 0.000000 -40.000000 -0.000005 -40.000000 0.000000 -2248628.054379
924150527009.000000 0.016481 0.016486 0.023321 -0.018552 0.000000 -40.000000 -0.018552 -40.000000 0.000005 -20950.909341
924150560033.000000 0.015893 0.032377 0.040106 -0.054976 0.000000 -40.000000 -0.054976 -40.000000 0.000033 -22758.879729
924150593592.000000 0.016150 0.048525 0.055761 -0.109567 0.000000 -40.000000 -0.109567 -40.000000 0.000119 -24712.769510
924150630514.000000 0.017769 0.066292 0.074830 -0.184146 0.000000 -40.000000 -0.184146 -40.000000 0.000336 -27111.235883
924150666906.000000 0.017513 0.083803 0.090466 -0.278424 0.000000 -40.000000 -0.278424 -40.000000 0.000745 -30314.352087
924150699394.000000 0.015635 0.099436 0.106371 -0.390289 0.000000 -40.000000 -0.390289 -40.000000 0.001352 -34292.296993
924150731901.000000 0.015644 0.115078 0.122062 -0.519752 0.000000 -40.000000 -0.519752 -40.000000 0.002287 -38338.857220
924150766992.000000 0.016887 0.131964 0.138685 -0.668211 0.000000 -40.000000 -0.668211 -40.000000 0.003776 -42720.129751
924150799331.000000 0.015563 0.147525 0.154361 -0.834177 0.000000 -40.000000 -0.834177 -40.000000 0.005692 -48404.708742
924150837745.000000 0.018487 0.166010 0.173115 -1.020938 0.000000 -40.000000 -1.020938 -40.000000 0.008825 -53248.083237
924150879463.000000 0.020077 0.186085 0.195641 -1.230283 0.000000 -40.000000 -1.230283 -40.000000 0.013421 -59531.533135
924150924264.000000 0.021560 0.207642 0.215310 -1.463879 0.000000 -40.000000 -1.463879 -40.000000 0.019975 -66441.706237
924150963012.000000 0.018647 0.226287 0.234564 -1.718453 0.000000 -40.000000 -1.718453 -40.000000 0.027226 -75128.117085
924151003601.000000 0.019534 0.245819 0.254116 -1.994999 0.000000 -40.000000 -1.994999 -40.000000 0.036805 -83010.903620
924151051797.000000 0.023194 0.269010 0.278808 -2.305132 -0.966809 -40.055307 -1.338323 -39.033191 0.045156 -84516.290861
924151105392.000000 0.025792 0.294799 0.304699 -2.644996 -0.966809 -40.055307 -1.678187 -39.033191 0.057916 -80730.053319
924151204425.000000 0.047656 0.342453 0.351031 -3.039797 -0.966809 -40.055307 -2.072988 -39.033191 0.091747 -82719.844701
924151257303.000000 0.025447 0.367898 0.378300 -3.487100 -2.988319 -40.166303 -0.498781 -37.011681 0.096416 -76630.710188
924151308463.000000 0.024620 0.392515 0.403653 -3.964333 -2.988319 -40.166303 -0.976014 -37.011681 0.105848 -77807.466415
924151358633.000000 0.024144 0.416658 0.425279 -4.470919 -2.988319 -40.166303 -1.482601 -37.011681 0.120762 -79056.602566
924151396086.000000 0.018024 0.434679 0.442321 -4.999416 -2.988319 -40.166303 -2.011098 -37.011681 0.136519 -80359.764352
924151436419.000000 0.019410 0.454087 0.464968 -5.600001 -5.976637 -40.311762 0.376636 -34.023363 0.139838 -72175.294062
924151482018.000000 0.021944 0.476029 0.485184 -6.229606 -5.976637 -40.311762 -0.252969 -34.023363 0.142481 -73727.768560
924151521756.000000 0.019124 0.495150 0.503594 -6.884502 -5.976637 -40.311762 -0.907865 -34.023363 0.151078 -75342.604427
924151565898.000000 0.021243 0.516391 0.523654 -7.567491 -5.976637 -40.311762 -1.590854 -34.023363 0.168529 -77026.711350
924151600976.000000 0.016882 0.533271 0.536987 -8.272806 -5.976637 -40.311762 -2.296169 -34.023363 0.189200 -78765.869781
924151617380.000000 0.007895 0.541162 0.544722 -8.988558 -5.976637 -40.311762 -3.011921 -34.023363 0.202068 -80530.764948
924151632943.000000 0.007491 0.548652 0.551454 -9.714216 -5.976637 -40.311762 -3.737579 -34.023363 0.217429 -82320.084907
924151645328.000000 0.005961 0.554610 0.558003 -10.447755 -9.931765 -40.311762 -0.515990 -34.023363 0.219135 -84128.837671
924151660764.000000 0.007429 0.562039 0.564914 -11.288900 -9.931765 -40.514776 -1.357135 -30.068235 0.224801 -74063.532346
924151673561.000000 0.006160 0.568196 0.571140 -12.139261 -9.931765 -40.514776 -2.207496 -30.068235 0.232527 -76160.341751
924151686437.000000 0.006197 0.574393 0.577121 -12.998894 -9.931765 -40.514776 -3.067129 -30.068235 0.243445 -78280.017336
924151698627.000000 0.005868 0.580258 0.583005 -13.867305 -9.931765 -40.514776 -3.935541 -30.068235 0.256845 -80421.337394
924151711835.000000 0.006357 0.586613 0.589308 -14.745229 -9.931765 -40.514776 -4.813464 -30.068235 0.274795 -82586.111402
924151723953.000000 0.005833 0.592444 0.595122 -15.631879 -9.931765 -40.514776 -5.700114 -30.068235 0.294493 -84772.403805
924151736060.000000 0.005827 0.598270 0.600927 -16.527247 -9.931765 -40.514776 -6.595482 -30.068235 0.317486 -86980.193294
924151748353.000000 0.005917 0.604186 0.606873 -17.431468 -9.931765 -40.514776 -7.499703 -30.068235 0.344299 -89209.813709
924151760510.000000 0.005852 0.610036 0.612669 -18.344445 -9.931765 -40.514776 -8.412681 -30.068235 0.374330 -91461.023549
924151773006.000000 0.006015 0.616049 0.619103 -19.266422 -9.931765 -40.514776 -9.334657 -30.068235 0.408922 -93734.424789
924151785747.000000 0.006133 0.622180 0.624863 -20.197574 -9.931765 -40.514776 -10.265809 -30.068235 0.448093 -96030.448933
924151797777.000000 0.005790 0.627968 0.630708 -21.137388 -9.931765 -40.514776 -11.205623 -30.068235 0.488838 -98347.833432
924151809939.000000 0.005854 0.633820 0.636453 -22.085961 -9.931765 -40.514776 -12.154196 -30.068235 0.533932 -100686.814459
924151821824.000000 0.005720 0.639539 0.642237 -23.043092 -9.931765 -40.514776 -13.111327 -30.068235 0.581899 -103046.898358
924151833918.000000 0.005821 0.645359 0.648130 -24.008934 -9.931765 -40.514776 -14.077169 -30.068235 0.634781 -105428.461586
924151846350.000000 0.005984 0.651341 0.654031 -24.983728 -9.931765 -40.514776 -15.051963 -30.068235 0.693449 -107832.099016
924151859319.000000 0.006243 0.657582 0.660981 -26.120748 -13.974784 -40.732692 -12.145964 -26.025216 0.743308 -99596.650616
924151873499.000000 0.006825 0.664405 0.667243 -27.269566 -13.974784 -40.732692 -13.294782 -26.025216 0.803592 -102429.394229
924151885982.000000 0.006008 0.670411 0.673222 -28.428769 -13.974784 -40.732692 -14.453985 -26.025216 0.861812 -105287.745904
924151899261.000000 0.006391 0.676801 0.679724 -29.599021 -13.974784 -40.732692 -15.624237 -26.025216 0.929390 -108173.340766
924151911758.000000 0.006015 0.682815 0.685544 -30.779670 -13.974784 -40.732692 -16.804886 -26.025216 0.998414 -111084.574463
924151924104.000000 0.005942 0.688755 0.691531 -31.970592 -13.974784 -40.732692 -17.995808 -26.025216 1.072067 -114021.137205
924151936493.000000 0.005963 0.694718 0.697547 -33.171824 -13.974784 -40.732692 -19.197039 -26.025216 1.151591 -116983.121313
924151949060.000000 0.006049 0.700765 0.703563 -34.383510 -13.974784 -40.732692 -20.408726 -26.025216 1.238097 -119970.885818
924151961570.000000 0.006021 0.706784 0.709620 -35.605605 -13.974784 -40.732692 -21.630820 -26.025216 1.330150 -122984.313777
924151974118.000000 0.006039 0.712821 0.715533 -36.838138 -13.974784 -40.732692 -22.863354 -26.025216 1.428577 -126023.483152
924151986325.000000 0.005876 0.718696 0.721468 -38.080830 -13.974784 -40.732692 -24.106045 -26.025216 1.530376 -129087.698451
924151999169.000000 0.006182 0.724876 0.727982 -39.334207 -13.974784 -40.732692 -25.359423 -26.025216 1.644023 -132178.264490
924152012112.000000 0.006230 0.731104 0.733752 -40.000000 -13.974784 -40.732692 -26.025216 -26.025216 1.762552 -133819.969288
924152024479.000000 0.005952 0.737055 0.739787 -40.000000 -13.974784 -40.732692 -26.025216 -26.025216 1.876730 -133819.969288
924152039678.000000 0.007316 0.744370 0.747604 -40.000000 -13.974784 -40.732692 -26.025216 -26.025216 2.018459 -133819.969288
924152053268.000000 0.006541 0.750909 0.753651 -40.000000 -13.974784 -40.732692 -26.025216 -26.025216 2.146294 -133819.969288
924152065817.000000 0.006040 0.756946 0.761477 -40.000000 -17.929912 -40.989241 -22.070088 -22.070088 2.247196 -125525.189730
924152082949.000000 0.008246 0.765191 0.768092 -40.000000 -17.929912 -40.989241 -22.070088 -22.070088 2.386448 -125525.189730
924152095605.000000 0.006091 0.771280 0.773944 -40.000000 -17.929912 -40.989241 -22.070088 -22.070088 2.490137 -125525.189730
924152107744.000000 0.005843 0.777122 0.779892 -40.000000 -17.929912 -40.989241 -22.070088 -22.070088 2.590345 -125525.189730
924152120396.000000 0.006089 0.783209 0.785887 -40.000000 -17.929912 -40.989241 -22.070088 -22.070088 2.695605 -125525.189730
924152132864.000000 0.006001 0.789209 0.791950 -40.000000 -17.929912 -40.989241 -22.070088 -22.070088 2.800129 -125525.189730
924152145042.000000 0.005861 0.795069 0.797811 -40.000000 -17.929912 -40.989241 -22.070088 -22.070088 2.902980 -125525.189730
924152157370.000000 0.005934 0.801002 0.804001 -40.000000 -17.929912 -40.989241 -22.070088 -22.070088 3.007875 -125525.189730
924152170102.000000 0.006128 0.807128 0.809843 -40.000000 -17.929912 -40.989241 -22.070088 -22.070088 3.117043 -125525.189730
924152182213.000000 0.005829 0.812955 0.815640 -40.000000 -17.929912 -40.989241 -22.070088 -22.070088 3.221630 -125525.189730
924152195548.000000 0.006419 0.819373 0.822018 -40.000000 -17.929912 -40.989241 -22.070088 -22.070088 3.337702 -125525.189730
924152207765.000000 0.005880 0.825250 0.828024 -40.000000 -17.929912 -40.989241 -22.070088 -22.070088 3.444800 -125525.189730
924152220246.000000 0.006008 0.831257 0.833942 -40.000000 -17.929912 -40.989241 -22.070088 -22.070088 3.555016 -125525.189730
924152233008.000000 0.006143 0.837399 0.840470 -40.000000 -17.929912 -40.989241 -22.070088 -22.070088 3.668554 -125525.189730
924152245808.000000 0.006161 0.843557 0.846272 -40.000000 -17.929912 -40.989241 -22.070088 -22.070088 3.783259 -125525.189730
924152258479.000000 0.006099 0.849654 0.852372 -40.000000 -17.929912 -40.989241 -22.070088 -22.070088 3.897630 -125525.189730
924152270533.000000 0.005802 0.855454 0.858615 -40.000000 -19.951421 -40.989241 -20.048579 -22.070088 3.997133 -125525.189730
924152284543.000000 0.006743 0.862198 0.864992 -40.000000 -19.951421 -41.244599 -20.048579 -20.048579 4.113699 -121928.362883
924152297916.000000 0.006436 0.868631 0.871104 -40.000000 -19.951421 -41.244599 -20.048579 -20.048579 4.225788 -121928.362883
924152309433.000000 0.005543 0.874172 0.876770 -40.000000 -19.951421 -41.244599 -20.048579 -20.048579 4.322940 -121928.362883
924152321350.000000 0.005736 0.879907 0.882451 -40.000000 -19.951421 -41.244599 -20.048579 -20.048579 4.424133 -121928.362883
924152333217.000000 0.005712 0.885618 0.888193 -40.000000 -19.951421 -41.244599 -20.048579 -20.048579 4.525556 -121928.362883
924152345189.000000 0.005762 0.891378 0.893917 -40.000000 -19.951421 -41.244599 -20.048579 -20.048579 4.628532 -121928.362883
924152356883.000000 0.005628 0.897005 0.899578 -40.000000 -19.951421 -41.244599 -20.048579 -20.048579 4.729745 -121928.362883
924152368736.000000 0.005705 0.902709 0.905290 -40.000000 -19.951421 -41.244599 -20.048579 -20.048579 4.832994 -121928.362883
924152380595.000000 0.005708 0.908415 0.911026 -40.000000 -19.951421 -41.244599 -20.048579 -20.048579 4.936949 -121928.362883
924152393528.000000 0.006225 0.914638 0.917201 -40.000000 -19.951421 -41.244599 -20.048579 -20.048579 5.051093 -121928.362883
924152405257.000000 0.005645 0.920282 0.922798 -40.000000 -19.951421 -41.244599 -20.048579 -20.048579 5.155251 -121928.362883
924152416950.000000 0.005628 0.925909 0.928483 -40.000000 -19.951421 -41.244599 -20.048579 -20.048579 5.259725 -121928.362883
924152428825.000000 0.005716 0.931623 0.934322 -40.000000 -19.951421 -41.244599 -20.048579 -20.048579 5.366479 -121928.362883
924152440867.000000 0.005796 0.937418 0.940031 -40.000000 -19.951421 -41.244599 -20.048579 -20.048579 5.475417 -121928.362883
924152453005.000000 0.005843 0.943258 0.946021 -40.000000 -19.951421 -41.244599 -20.048579 -20.048579 5.585907 -121928.362883
924152466178.000000 0.006340 0.949597 0.952227 -40.000000 -19.951421 -41.244599 -20.048579 -20.048579 5.706612 -121928.362883
924152478576.000000 0.005967 0.955563 0.959012 -40.000000 -22.939740 -41.244599 -17.060260 -20.048579 5.803891 -121928.362883
924152494501.000000 0.007665 0.963227 0.966244 -40.000000 -22.939740 -41.497258 -17.060260 -17.060260 5.929848 -111806.687376
924152507341.000000 0.006180 0.969405 0.972089 -40.000000 -22.939740 -41.497258 -17.060260 -17.060260 6.032061 -111806.687376
924152520051.000000 0.006118 0.975521 0.978351 -40.000000 -22.939740 -41.497258 -17.060260 -17.060260 6.133879 -111806.687376
924152532683.000000 0.006080 0.981599 0.984343 -40.000000 -22.939740 -41.497258 -17.060260 -17.060260 6.235694 -111806.687376
924152545204.000000 0.006026 0.987623 0.990213 -40.000000 -22.939740 -41.497258 -17.060260 -17.060260 6.337235 -111806.687376
924152557167.000000 0.005758 0.993380 0.995964 -40.000000 -22.939740 -41.497258 -17.060260 -17.060260 6.434816 -111806.687376
924152569366.000000 0.005872 0.999250 1.001934 -40.000000 -22.939740 -41.497258 -17.060260 -17.060260 6.534919 -111806.687376
924152581725.000000 0.005949 1.005198 1.007950 -40.000000 -22.939740 -41.497258 -17.060260 -17.060260 6.636937 -111806.687376
924152594313.000000 0.006059 1.011255 1.013863 -40.000000 -22.939740 -41.497258 -17.060260 -17.060260 6.741464 -111806.687376
924152606517.000000 0.005874 1.017127 1.019808 -40.000000 -22.939740 -41.497258 -17.060260 -17.060260 6.843390 -111806.687376
924152618688.000000 0.005858 1.022984 1.025596 -40.000000 -22.939740 -41.497258 -17.060260 -17.060260 6.945627 -111806.687376
924152630863.000000 0.005860 1.028842 1.031640 -40.000000 -22.939740 -41.497258 -17.060260 -17.060260 7.048483 -111806.687376
924152643446.000000 0.006056 1.034897 1.037661 -40.000000 -22.939740 -41.497258 -17.060260 -17.060260 7.155410 -111806.687376
924152655724.000000 0.005910 1.040805 1.043527 -40.000000 -22.939740 -41.497258 -17.060260 -17.060260 7.260342 -111806.687376
924152667971.000000 0.005895 1.046699 1.049445 -40.000000 -22.939740 -41.497258 -17.060260 -17.060260 7.365610 -111806.687376
924152680361.000000 0.005963 1.052660 1.055832 -40.000000 -22.939740 -41.497258 -17.060260 -17.060260 7.472705 -111806.687376
924152694597.000000 0.006852 1.059511 1.062604 -40.000000 -25.928059 -41.774018 -14.071941 -14.071941 7.574859 -105648.275011
924152708524.000000 0.006703 1.066212 1.069103 -40.000000 -25.928059 -41.774018 -14.071941 -14.071941 7.675429 -105648.275011
924152721304.000000 0.006152 1.072362 1.075046 -40.000000 -25.928059 -41.774018 -14.071941 -14.071941 7.768257 -105648.275011
924152733686.000000 0.005960 1.078320 1.081181 -40.000000 -25.928059 -41.774018 -14.071941 -14.071941 7.858688 -105648.275011
924152746071.000000 0.005961 1.084279 1.087120 -40.000000 -25.928059 -41.774018 -14.071941 -14.071941 7.949648 -105648.275011
924152758666.000000 0.006062 1.090340 1.093085 -40.000000 -25.928059 -41.774018 -14.071941 -14.071941 8.042659 -105648.275011
924152771209.000000 0.006037 1.096376 1.099162 -40.000000 -25.928059 -41.774018 -14.071941 -14.071941 8.135799 -105648.275011
924152783571.000000 0.005950 1.102324 1.105060 -40.000000 -25.928059 -41.774018 -14.071941 -14.071941 8.228093 -105648.275011
924152795974.000000 0.005970 1.108292 1.111101 -40.000000 -25.928059 -41.774018 -14.071941 -14.071941 8.321203 -105648.275011
924152808736.000000 0.006143 1.114434 1.117157 -40.000000 -25.928059 -41.774018 -14.071941 -14.071941 8.417537 -105648.275011
924152820976.000000 0.005891 1.120323 1.123021 -40.000000 -25.928059 -41.774018 -14.071941 -14.071941 8.510413 -105648.275011
924152833051.000000 0.005812 1.126133 1.128890 -40.000000 -25.928059 -41.774018 -14.071941 -14.071941 8.602513 -105648.275011
924152845435.000000 0.005961 1.132092 1.134923 -40.000000 -25.928059 -41.774018 -14.071941 -14.071941 8.697468 -105648.275011
924152857935.000000 0.006016 1.138107 1.140902 -40.000000 -25.928059 -41.774018 -14.071941 -14.071941 8.793822 -105648.275011
924152870343.000000 0.005972 1.144078 1.146995 -40.000000 -25.928059 -41.774018 -14.071941 -14.071941 8.889969 -105648.275011
924152886722.000000 0.007883 1.151961 1.156183 -40.000000 -25.928059 -41.774018 -14.071941 -14.071941 9.017761 -105648.275011
924152905460.000000 0.009018 1.160978 1.165293 -40.000000 -26.982759 -42.030843 -13.017241 -13.017241 9.154055 -103165.278448
924152924360.000000 0.009096 1.170072 1.173579 -40.000000 -26.982759 -42.030843 -13.017241 -13.017241 9.292604 -103165.278448
924152939946.000000 0.007502 1.177572 1.181072 -40.000000 -26.982759 -42.030843 -13.017241 -13.017241 9.407604 -103165.278448
924152955960.000000 0.007708 1.185277 1.188814 -40.000000 -26.982759 -42.030843 -13.017241 -13.017241 9.526527 -103165.278448
924152972777.000000 0.008094 1.193369 1.196846 -40.000000 -26.982759 -42.030843 -13.017241 -13.017241 9.652264 -103165.278448
924152988497.000000 0.007566 1.200933 1.204526 -40.000000 -26.982759 -42.030843 -13.017241 -13.017241 9.770546 -103165.278448
924153004458.000000 0.007683 1.208614 1.212040 -40.000000 -26.982759 -42.030843 -13.017241 -13.017241 9.891417 -103165.278448
924153020176.000000 0.007565 1.216176 1.219724 -40.000000 -26.982759 -42.030843 -13.017241 -13.017241 10.011185 -103165.278448
924153036105.000000 0.007667 1.223842 1.227342 -40.000000 -26.982759 -42.030843 -13.017241 -13.017241 10.133326 -103165.278448
924153052048.000000 0.007674 1.231513 1.235144 -40.000000 -26.982759 -42.030843 -13.017241 -13.017241 10.256340 -103165.278448
924153068479.000000 0.007908 1.239420 1.242984 -40.000000 -26.982759 -42.030843 -13.017241 -13.017241 10.383933 -103165.278448
924153084577.000000 0.007748 1.247166 1.250984 -40.000000 -26.982759 -42.030843 -13.017241 -13.017241 10.509721 -103165.278448
924153102102.000000 0.008435 1.255601 1.260030 -40.000000 -27.949568 -42.289468 -12.050432 -12.050432 10.637352 -101790.143015
924153122475.000000 0.009805 1.265403 1.269415 -40.000000 -27.949568 -42.289468 -12.050432 -12.050432 10.786869 -101790.143015
924153139974.000000 0.008423 1.273824 1.277818 -40.000000 -27.949568 -42.289468 -12.050432 -12.050432 10.916160 -101790.143015
924153157042.000000 0.008215 1.282036 1.285671 -40.000000 -27.949568 -42.289468 -12.050432 -12.050432 11.043072 -101790.143015
924153173385.000000 0.007866 1.289900 1.293516 -40.000000 -27.949568 -42.289468 -12.050432 -12.050432 11.165341 -101790.143015
924153189601.000000 0.007805 1.297703 1.301186 -40.000000 -27.949568 -42.289468 -12.050432 -12.050432 11.287401 -101790.143015
924153205506.000000 0.007655 1.305356 1.309032 -40.000000 -27.949568 -42.289468 -12.050432 -12.050432 11.407820 -101790.143015
924153221217.000000 0.007561 1.312917 1.316323 -40.000000 -27.949568 -42.289468 -12.050432 -12.050432 11.527451 -101790.143015
924153236313.000000 0.007266 1.320180 1.323667 -40.000000 -27.949568 -42.289468 -12.050432 -12.050432 11.643036 -101790.143015
924153251888.000000 0.007497 1.327676 1.331099 -40.000000 -27.949568 -42.289468 -12.050432 -12.050432 11.762981 -101790.143015
924153267167.000000 0.007354 1.335027 1.338516 -40.000000 -27.949568 -42.289468 -12.050432 -12.050432 11.881290 -101790.143015
924153283015.000000 0.007628 1.342653 1.346054 -40.000000 -27.949568 -42.289468 -12.050432 -12.050432 12.004705 -101790.143015
924153298543.000000 0.007474 1.350125 1.353570 -40.000000 -27.949568 -42.289468 -12.050432 -12.050432 12.126302 -101790.143015
924153314305.000000 0.007587 1.357710 1.361806 -40.000000 -28.916377 -42.577458 -11.083623 -11.083623 12.240473 -97117.789060
924153332648.000000 0.008828 1.366536 1.370188 -40.000000 -28.916377 -42.577458 -11.083623 -11.083623 12.374190 -97117.789060
924153348706.000000 0.007729 1.374263 1.377903 -40.000000 -28.916377 -42.577458 -11.083623 -11.083623 12.491915 -97117.789060
924153365031.000000 0.007858 1.382120 1.385546 -40.000000 -28.916377 -42.577458 -11.083623 -11.083623 12.612289 -97117.789060
924153380514.000000 0.007452 1.389569 1.393015 -40.000000 -28.916377 -42.577458 -11.083623 -11.083623 12.727064 -97117.789060
924153395955.000000 0.007432 1.396999 1.400459 -40.000000 -28.916377 -42.577458 -11.083623 -11.083623 12.842140 -97117.789060
924153411452.000000 0.007459 1.404456 1.407910 -40.000000 -28.916377 -42.577458 -11.083623 -11.083623 12.958250 -97117.789060
924153426896.000000 0.007434 1.411888 1.415337 -40.000000 -28.916377 -42.577458 -11.083623 -11.083623 13.074582 -97117.789060
924153445201.000000 0.008811 1.420697 1.425182 -40.000000 -28.916377 -42.577458 -11.083623 -11.083623 13.213318 -97117.789060
924153463982.000000 0.009039 1.429734 1.433312 -40.000000 -28.916377 -42.577458 -11.083623 -11.083623 13.356559 -97117.789060
924153479592.000000 0.007514 1.437245 1.440789 -40.000000 -28.916377 -42.577458 -11.083623 -11.083623 13.476253 -97117.789060
924153496113.000000 0.007952 1.445196 1.448608 -40.000000 -28.916377 -42.577458 -11.083623 -11.083623 13.603631 -97117.789060
924153511977.000000 0.007636 1.452829 1.456521 -40.000000 -28.916377 -42.577458 -11.083623 -11.083623 13.726591 -97117.789060
924153530625.000000 0.008976 1.461802 1.466001 -40.000000 -31.992588 -42.873569 -8.007412 -8.007412 13.831654 -86357.202864
924153548484.000000 0.008596 1.470395 1.474157 -40.000000 -31.992588 -42.873569 -8.007412 -8.007412 13.932864 -86357.202864
924153565174.000000 0.008033 1.478426 1.482183 -40.000000 -31.992588 -42.873569 -8.007412 -8.007412 14.027961 -86357.202864
924153582072.000000 0.008133 1.486557 1.490292 -40.000000 -31.992588 -42.873569 -8.007412 -8.007412 14.124768 -86357.202864
924153599351.000000 0.008316 1.494872 1.498490 -40.000000 -31.992588 -42.873569 -8.007412 -8.007412 14.224316 -86357.202864
924153615565.000000 0.007804 1.502674 1.506185 -40.000000 -31.992588 -42.873569 -8.007412 -8.007412 14.318218 -86357.202864
924153631619.000000 0.007727 1.510399 1.513975 -40.000000 -31.992588 -42.873569 -8.007412 -8.007412 14.411676 -86357.202864
924153648087.000000 0.007927 1.518324 1.522853 -40.000000 -31.992588 -42.873569 -8.007412 -8.007412 14.508048 -86357.202864
924153665980.000000 0.008612 1.526933 1.530646 -40.000000 -31.992588 -42.873569 -8.007412 -8.007412 14.613343 -86357.202864
924153681904.000000 0.007664 1.534596 1.538250 -40.000000 -31.992588 -42.873569 -8.007412 -8.007412 14.707525 -86357.202864
924153697961.000000 0.007728 1.542322 1.545907 -40.000000 -31.992588 -42.873569 -8.007412 -8.007412 14.802971 -86357.202864
924153714484.000000 0.007953 1.550273 1.553907 -40.000000 -31.992588 -42.873569 -8.007412 -8.007412 14.901693 -86357.202864
924153732353.000000 0.008601 1.558872 1.563247 -40.000000 -33.926206 -43.155259 -6.073794 -6.073794 14.983128 -81749.450231
924153750343.000000 0.008659 1.567528 1.570973 -40.000000 -33.926206 -43.155259 -6.073794 -6.073794 15.065569 -81749.450231
924153765589.000000 0.007338 1.574864 1.578405 -40.000000 -33.926206 -43.155259 -6.073794 -6.073794 15.135762 -81749.450231
924153781183.000000 0.007506 1.582367 1.586059 -40.000000 -33.926206 -43.155259 -6.073794 -6.073794 15.207898 -81749.450231
924153797167.000000 0.007693 1.590059 1.593488 -40.000000 -33.926206 -43.155259 -6.073794 -6.073794 15.282198 -81749.450231
924153812697.000000 0.007475 1.597533 1.601006 -40.000000 -33.926206 -43.155259 -6.073794 -6.073794 15.354731 -81749.450231
924153829211.000000 0.007948 1.605478 1.609268 -40.000000 -33.926206 -43.155259 -6.073794 -6.073794 15.432238 -81749.450231
924153845063.000000 0.007630 1.613105 1.616558 -40.000000 -33.926206 -43.155259 -6.073794 -6.073794 15.506992 -81749.450231
924153860499.000000 0.007430 1.620534 1.623949 -40.000000 -33.926206 -43.155259 -6.073794 -6.073794 15.580120 -81749.450231
924153876060.000000 0.007490 1.628022 1.631529 -40.000000 -33.926206 -43.155259 -6.073794 -6.073794 15.654181 -81749.450231
924153891662.000000 0.007509 1.635529 1.638856 -40.000000 -33.926206 -43.155259 -6.073794 -6.073794 15.728779 -81749.450231
924153907007.000000 0.007386 1.642913 1.646327 -40.000000 -33.926206 -43.155259 -6.073794 -6.073794 15.802480 -81749.450231
924153922282.000000 0.007352 1.650263 1.653778 -40.000000 -33.926206 -43.155259 -6.073794 -6.073794 15.876173 -81749.450231
924153938923.000000 0.008010 1.658271 1.662414 -40.000000 -34.980906 -43.398115 -5.019094 -5.019094 15.942840 -78194.026260
924153957384.000000 0.008885 1.667154 1.670734 -40.000000 -34.980906 -43.398115 -5.019094 -5.019094 16.017188 -78194.026260
924153973697.000000 0.007852 1.675005 1.678495 -40.000000 -34.980906 -43.398115 -5.019094 -5.019094 16.083200 -78194.026260
924153989090.000000 0.007411 1.682412 1.685814 -40.000000 -34.980906 -43.398115 -5.019094 -5.019094 16.145779 -78194.026260
924154005017.000000 0.007666 1.690074 1.693469 -40.000000 -34.980906 -43.398115 -5.019094 -5.019094 16.210805 -78194.026260
924154020500.000000 0.007453 1.697525 1.701250 -40.000000 -34.980906 -43.398115 -5.019094 -5.019094 16.274303 -78194.026260
924154037200.000000 0.008038 1.705561 1.709282 -40.000000 -34.980906 -43.398115 -5.019094 -5.019094 16.343109 -78194.026260
924154054531.000000 0.008342 1.713902 1.717332 -40.000000 -34.980906 -43.398115 -5.019094 -5.019094 16.414869 -78194.026260
924154070074.000000 0.007481 1.721379 1.724858 -40.000000 -34.980906 -43.398115 -5.019094 -5.019094 16.479504 -78194.026260
924154086333.000000 0.007826 1.729203 1.732797 -40.000000 -34.980906 -43.398115 -5.019094 -5.019094 16.547423 -78194.026260
924154102386.000000 0.007726 1.736928 1.740395 -40.000000 -34.980906 -43.398115 -5.019094 -5.019094 16.614781 -78194.026260
924154118232.000000 0.007627 1.744554 1.748722 -40.000000 -34.980906 -43.398115 -5.019094 -5.019094 16.681566 -78194.026260
924154135668.000000 0.008392 1.752943 1.756732 -40.000000 -34.980906 -43.398115 -5.019094 -5.019094 16.755401 -78194.026260
924154155489.000000 0.009540 1.762481 1.766568 -40.000000 -34.980906 -43.678066 -5.019094 -5.019094 16.839789 -78981.788397
924154172745.000000 0.008306 1.770784 1.774304 -40.000000 -34.980906 -43.678066 -5.019094 -5.019094 16.913609 -78981.788397
924154188904.000000 0.007778 1.778560 1.782013 -40.000000 -34.980906 -43.678066 -5.019094 -5.019094 16.983041 -78981.788397
924154204471.000000 0.007493 1.786051 1.789566 -40.000000 -34.980906 -43.678066 -5.019094 -5.019094 17.050208 -78981.788397
924154220753.000000 0.007837 1.793885 1.797437 -40.000000 -34.980906 -43.678066 -5.019094 -5.019094 17.120767 -78981.788397
924154236929.000000 0.007786 1.801670 1.805089 -40.000000 -34.980906 -43.678066 -5.019094 -5.019094 17.191171 -78981.788397
924154252530.000000 0.007509 1.809177 1.812588 -40.000000 -34.980906 -43.678066 -5.019094 -5.019094 17.259356 -78981.788397
924154267738.000000 0.007320 1.816494 1.819980 -40.000000 -34.980906 -43.678066 -5.019094 -5.019094 17.326092 -78981.788397
924154283776.000000 0.007719 1.824211 1.827867 -40.000000 -34.980906 -43.678066 -5.019094 -5.019094 17.396769 -78981.788397
924154299543.000000 0.007589 1.831798 1.835138 -40.000000 -34.980906 -43.678066 -5.019094 -5.019094 17.466541 -78981.788397
924154314992.000000 0.007435 1.839232 1.842684 -40.000000 -34.980906 -43.678066 -5.019094 -5.019094 17.535179 -78981.788397
924154330618.000000 0.007521 1.846751 1.850084 -40.000000 -34.980906 -43.678066 -5.019094 -5.019094 17.604892 -78981.788397
924154345675.000000 0.007248 1.853997 1.857537 -40.000000 -34.980906 -43.678066 -5.019094 -5.019094 17.672335 -78981.788397
924154364123.000000 0.008879 1.862875 1.867017 -40.000000 -34.980906 -43.946754 -5.019094 -5.019094 17.755357 -79067.677418
924154381161.000000 0.008200 1.871072 1.874499 -40.000000 -34.980906 -43.946754 -5.019094 -5.019094 17.832368 -79067.677418
924154397032.000000 0.007639 1.878709 1.882056 -40.000000 -34.980906 -43.946754 -5.019094 -5.019094 17.904399 -79067.677418
924154411918.000000 0.007164 1.885872 1.889250 -40.000000 -34.980906 -43.946754 -5.019094 -5.019094 17.972213 -79067.677418
924154427577.000000 0.007537 1.893407 1.896787 -40.000000 -34.980906 -43.946754 -5.019094 -5.019094 18.043838 -79067.677418
924154443579.000000 0.007702 1.901107 1.905247 -40.000000 -34.980906 -43.946754 -5.019094 -5.019094 18.117333 -79067.677418
924154460911.000000 0.008342 1.909447 1.913028 -40.000000 -34.980906 -43.946754 -5.019094 -5.019094 18.197280 -79067.677418
924154477254.000000 0.007867 1.917312 1.920732 -40.000000 -34.980906 -43.946754 -5.019094 -5.019094 18.272980 -79067.677418
924154493241.000000 0.007695 1.925004 1.929346 -40.000000 -34.980906 -43.946754 -5.019094 -5.019094 18.347325 -79067.677418
924154510377.000000 0.008248 1.933251 1.936648 -40.000000 -34.980906 -43.946754 -5.019094 -5.019094 18.427358 -79067.677418
924154526012.000000 0.007525 1.940773 1.944353 -40.000000 -34.980906 -43.946754 -5.019094 -5.019094 18.500662 -79067.677418
924154542432.000000 0.007903 1.948675 1.952170 -40.000000 -34.980906 -43.946754 -5.019094 -5.019094 18.577959 -79067.677418
924154558161.000000 0.007570 1.956242 1.960878 -40.000000 -34.980906 -44.259475 -5.019094 -5.019094 18.652286 -76864.630736
924154577658.000000 0.009384 1.965625 1.969245 -40.000000 -34.980906 -44.259475 -5.019094 -5.019094 18.744863 -76864.630736
924154593514.000000 0.007632 1.973254 1.976987 -40.000000 -34.980906 -44.259475 -5.019094 -5.019094 18.820447 -76864.630736
924154609749.000000 0.007814 1.981067 1.984582 -40.000000 -34.980906 -44.259475 -5.019094 -5.019094 18.898144 -76864.630736
924154625651.000000 0.007654 1.988719 1.992061 -40.000000 -34.980906 -44.259475 -5.019094 -5.019094 18.974546 -76864.630736
924154640972.000000 0.007374 1.996091 1.999639 -40.000000 -34.980906 -44.259475 -5.019094 -5.019094 19.048425 -76864.630736
924154656865.000000 0.007650 2.003740 2.007073 -40.000000 -34.980906 -44.259475 -5.019094 -5.019094 19.125361 -76864.630736
924154672375.000000 0.007466 2.011203 2.014631 -40.000000 -34.980906 -44.259475 -5.019094 -5.019094 19.200723 -76864.630736
924154688068.000000 0.007553 2.018753 2.022314 -40.000000 -34.980906 -44.259475 -5.019094 -5.019094 19.277255 -76864.630736
924154703985.000000 0.007661 2.026412 2.029807 -40.000000 -34.980906 -44.259475 -5.019094 -5.019094 19.355174 -76864.630736
924154719390.000000 0.007415 2.033825 2.037720 -40.000000 -34.980906 -44.259475 -5.019094 -5.019094 19.430862 -76864.630736
924154737060.000000 0.008505 2.042328 2.046042 -40.000000 -34.980906 -44.259475 -5.019094 -5.019094 19.518040 -76864.630736
924154755047.000000 0.008657 2.050983 2.054821 -40.000000 -34.980906 -44.259475 -5.019094 -5.019094 19.607152 -76864.630736
924154774034.000000 0.009139 2.060120 2.064280 -40.000000 -33.926206 -44.622064 -6.073794 -6.073794 19.721503 -78362.475527
924154791930.000000 0.008613 2.068730 2.072221 -40.000000 -33.926206 -44.622064 -6.073794 -6.073794 19.829724 -78362.475527
924154807435.000000 0.007462 2.076191 2.079654 -40.000000 -33.926206 -44.622064 -6.073794 -6.073794 19.923827 -78362.475527
924154822947.000000 0.007466 2.083656 2.087016 -40.000000 -33.926206 -44.622064 -6.073794 -6.073794 20.018316 -78362.475527
924154838234.000000 0.007358 2.091012 2.094428 -40.000000 -33.926206 -44.622064 -6.073794 -6.073794 20.111765 -78362.475527
924154854212.000000 0.007690 2.098701 2.102055 -40.000000 -33.926206 -44.622064 -6.073794 -6.073794 20.209795 -78362.475527
924154869563.000000 0.007389 2.106087 2.109309 -40.000000 -33.926206 -44.622064 -6.073794 -6.073794 20.304317 -78362.475527
924154884441.000000 0.007161 2.113246 2.116636 -40.000000 -33.926206 -44.622064 -6.073794 -6.073794 20.396232 -78362.475527
924154900177.000000 0.007575 2.120820 2.124137 -40.000000 -33.926206 -44.622064 -6.073794 -6.073794 20.493808 -78362.475527
924154915441.000000 0.007346 2.128163 2.131691 -40.000000 -33.926206 -44.622064 -6.073794 -6.073794 20.588767 -78362.475527
924154932741.000000 0.008327 2.136488 2.140158 -40.000000 -33.926206 -44.622064 -6.073794 -6.073794 20.696818 -78362.475527
924154948628.000000 0.007646 2.144132 2.147897 -40.000000 -33.926206 -44.622064 -6.073794 -6.073794 20.796393 -78362.475527
924154965429.000000 0.008086 2.152217 2.155638 -40.000000 -33.926206 -44.622064 -6.073794 -6.073794 20.902100 -78362.475527
924154982586.000000 0.008258 2.160473 2.165014 -40.000000 -34.980906 -45.072509 -5.019094 -5.019094 20.991644 -72950.316255
924155000711.000000 0.008724 2.169195 2.172760 -40.000000 -34.980906 -45.072509 -5.019094 -5.019094 21.086620 -72950.316255
924155016615.000000 0.007655 2.176847 2.180418 -40.000000 -34.980906 -45.072509 -5.019094 -5.019094 21.170255 -72950.316255
924155032316.000000 0.007557 2.184402 2.188070 -40.000000 -34.980906 -45.072509 -5.019094 -5.019094 21.253109 -72950.316255
924155048108.000000 0.007601 2.192002 2.195585 -40.000000 -34.980906 -45.072509 -5.019094 -5.019094 21.336733 -72950.316255
924155064204.000000 0.007747 2.199747 2.203424 -40.000000 -34.980906 -45.072509 -5.019094 -5.019094 21.422268 -72950.316255
924155080409.000000 0.007800 2.207544 2.211190 -40.000000 -34.980906 -45.072509 -5.019094 -5.019094 21.508687 -72950.316255
924155096726.000000 0.007854 2.215396 2.219141 -40.000000 -34.980906 -45.072509 -5.019094 -5.019094 21.596013 -72950.316255
924155113896.000000 0.008264 2.223659 2.227373 -40.000000 -34.980906 -45.072509 -5.019094 -5.019094 21.688250 -72950.316255
924155130198.000000 0.007846 2.231502 2.235151 -40.000000 -34.980906 -45.072509 -5.019094 -5.019094 21.776125 -72950.316255
924155146744.000000 0.007964 2.239465 2.243173 -40.000000 -34.980906 -45.072509 -5.019094 -5.019094 21.865643 -72950.316255
924155163094.000000 0.007869 2.247332 2.250880 -40.000000 -34.980906 -45.072509 -5.019094 -5.019094 21.954407 -72950.316255
924155178763.000000 0.007542 2.254871 2.259382 -40.000000 -34.980906 -45.072509 -5.019094 -5.019094 22.039759 -72950.316255
924155199565.000000 0.010012 2.264883 2.268900 -40.000000 -34.980906 -45.533002 -5.019094 -5.019094 22.153574 -69731.469956
924155223512.000000 0.011526 2.276406 2.282672 -40.000000 -34.980906 -45.533002 -5.019094 -5.019094 22.285259 -69731.469956
924155247792.000000 0.011685 2.288088 2.293920 -40.000000 -34.980906 -45.533002 -5.019094 -5.019094 22.419454 -69731.469956
924155277990.000000 0.014533 2.302619 2.308153 -40.000000 -34.980906 -45.533002 -5.019094 -5.019094 22.587412 -69731.469956
924155302258.000000 0.011679 2.314298 2.319165 -40.000000 -34.980906 -45.533002 -5.019094 -5.019094 22.723077 -69731.469956
924155324420.000000 0.010666 2.324961 2.329834 -40.000000 -34.980906 -45.533002 -5.019094 -5.019094 22.847542 -69731.469956
924155347632.000000 0.011171 2.336131 2.341443 -40.000000 -34.980906 -45.533002 -5.019094 -5.019094 22.978529 -69731.469956
924155372107.000000 0.011779 2.347908 2.353168 -40.000000 -34.980906 -45.533002 -5.019094 -5.019094 23.117338 -69731.469956
924155396113.000000 0.011553 2.359459 2.364899 -40.000000 -35.947715 -46.004558 -4.052285 -4.052285 23.227803 -66169.271397
924155419840.000000 0.011419 2.370877 2.376853 -40.000000 -35.947715 -46.004558 -4.052285 -4.052285 23.337512 -66169.271397
924155444963.000000 0.012091 2.382965 2.409471 -40.000000 -35.947715 -46.004558 -4.052285 -4.052285 23.454267 -66169.271397
924155514297.000000 0.033365 2.416329 2.421482 -40.000000 -35.947715 -46.004558 -4.052285 -4.052285 23.780970 -66169.271397
924155534737.000000 0.009838 2.426165 2.430972 -40.000000 -35.947715 -46.004558 -4.052285 -4.052285 23.877692 -66169.271397
924155554918.000000 0.009713 2.435876 2.439705 -40.000000 -35.947715 -46.004558 -4.052285 -4.052285 23.973571 -66169.271397
924155572181.000000 0.008310 2.444183 2.448224 -40.000000 -35.947715 -46.004558 -4.052285 -4.052285 24.055874 -66169.271397
924155592445.000000 0.009753 2.453933 2.459443 -40.000000 -35.947715 -46.004558 -4.052285 -4.052285 24.152856 -66169.271397
924155618553.000000 0.012565 2.466497 2.470828 -40.000000 -35.947715 -46.522239 -4.052285 -4.052285 24.278447 -65392.631639
924155636756.000000 0.008762 2.475257 2.480611 -40.000000 -35.947715 -46.522239 -4.052285 -4.052285 24.366329 -65392.631639
924155662495.000000 0.012387 2.487640 2.493147 -40.000000 -35.947715 -46.522239 -4.052285 -4.052285 24.491201 -65392.631639
924155686804.000000 0.011699 2.499338 2.504008 -40.000000 -35.947715 -46.522239 -4.052285 -4.052285 24.609691 -65392.631639
924155709999.000000 0.011164 2.510499 2.515582 -40.000000 -35.947715 -46.522239 -4.052285 -4.052285 24.723261 -65392.631639
924155734969.000000 0.012017 2.522514 2.527900 -40.000000 -35.947715 -46.522239 -4.052285 -4.052285 24.846101 -65392.631639
924155760578.000000 0.012325 2.534837 2.539462 -40.000000 -35.947715 -46.522239 -4.052285 -4.052285 24.972700 -65392.631639
924155784449.000000 0.011488 2.546324 2.551605 -40.000000 -35.947715 -46.522239 -4.052285 -4.052285 25.091243 -65392.631639
924155805575.000000 0.010168 2.556489 2.561272 -40.000000 -36.914524 -47.093061 -3.085476 -3.085476 25.171445 -59005.122226
924155825447.000000 0.009564 2.566051 2.569382 -40.000000 -36.914524 -47.093061 -3.085476 -3.085476 25.247169 -59005.122226
924155839947.000000 0.006979 2.573028 2.576024 -40.000000 -36.914524 -47.093061 -3.085476 -3.085476 25.302577 -59005.122226
924155853927.000000 0.006729 2.579755 2.583187 -40.000000 -36.914524 -47.093061 -3.085476 -3.085476 25.356138 -59005.122226
924155870687.000000 0.008067 2.587820 2.591032 -40.000000 -36.914524 -47.093061 -3.085476 -3.085476 25.420548 -59005.122226
924155884868.000000 0.006825 2.594643 2.597905 -40.000000 -36.914524 -47.093061 -3.085476 -3.085476 25.475189 -59005.122226
924155898997.000000 0.006801 2.601443 2.604476 -40.000000 -36.914524 -47.093061 -3.085476 -3.085476 25.529779 -59005.122226
924155913709.000000 0.007081 2.608522 2.611988 -40.000000 -36.914524 -47.093061 -3.085476 -3.085476 25.586773 -59005.122226
924155929351.000000 0.007529 2.616048 2.619134 -40.000000 -36.914524 -47.093061 -3.085476 -3.085476 25.647543 -59005.122226
924155942787.000000 0.006467 2.622514 2.625435 -40.000000 -36.914524 -47.093061 -3.085476 -3.085476 25.699874 -59005.122226
924155956507.000000 0.006603 2.629115 2.632031 -40.000000 -36.914524 -47.093061 -3.085476 -3.085476 25.753441 -59005.122226
924155970128.000000 0.006556 2.635670 2.638732 -40.000000 -36.914524 -47.093061 -3.085476 -3.085476 25.806758 -59005.122226
924155983894.000000 0.006626 2.642294 2.645355 -40.000000 -36.914524 -47.093061 -3.085476 -3.085476 25.860778 -59005.122226
924155998641.000000 0.007098 2.649391 2.652913 -40.000000 -36.914524 -47.093061 -3.085476 -3.085476 25.918802 -59005.122226
924156013520.000000 0.007161 2.656549 2.660220 -40.000000 -36.914524 -47.654880 -3.085476 -3.085476 25.977500 -58397.599710
924156029567.000000 0.007724 2.664271 2.667321 -40.000000 -36.914524 -47.654880 -3.085476 -3.085476 26.040992 -58397.599710
924156043327.000000 0.006623 2.670893 2.673880 -40.000000 -36.914524 -47.654880 -3.085476 -3.085476 26.095573 -58397.599710
924156057058.000000 0.006610 2.677500 2.680522 -40.000000 -36.914524 -47.654880 -3.085476 -3.085476 26.150178 -58397.599710
924156070858.000000 0.006642 2.684140 2.687157 -40.000000 -36.914524 -47.654880 -3.085476 -3.085476 26.205189 -58397.599710
924156084479.000000 0.006557 2.690695 2.693985 -40.000000 -36.914524 -47.654880 -3.085476 -3.085476 26.259623 -58397.599710
924156098556.000000 0.006776 2.697469 2.700451 -40.000000 -36.914524 -47.654880 -3.085476 -3.085476 26.316021 -58397.599710
924156112488.000000 0.006705 2.704172 2.707379 -40.000000 -36.914524 -47.654880 -3.085476 -3.085476 26.371969 -58397.599710
924156126893.000000 0.006933 2.711105 2.714257 -40.000000 -36.914524 -47.654880 -3.085476 -3.085476 26.429968 -58397.599710
924156140861.000000 0.006723 2.717825 2.720760 -40.000000 -36.914524 -47.654880 -3.085476 -3.085476 26.486347 -58397.599710
924156154333.000000 0.006485 2.724307 2.727402 -40.000000 -36.914524 -47.654880 -3.085476 -3.085476 26.540855 -58397.599710
924156168493.000000 0.006815 2.731122 2.734126 -40.000000 -36.914524 -47.654880 -3.085476 -3.085476 26.598285 -58397.599710
924156182410.000000 0.006698 2.737818 2.740948 -40.000000 -36.914524 -47.654880 -3.085476 -3.085476 26.654867 -58397.599710
924156196665.000000 0.006861 2.744677 2.747771 -40.000000 -36.914524 -47.654880 -3.085476 -3.085476 26.712969 -58397.599710
924156210834.000000 0.006820 2.751496 2.754753 -40.000000 -36.914524 -47.654880 -3.085476 -3.085476 26.770868 -58397.599710
924156226015.000000 0.007307 2.758801 2.762677 -40.000000 -38.936034 -48.241020 -1.063966 -1.063966 26.792316 -49603.361517
924156242514.000000 0.007970 2.766770 2.770233 -40.000000 -38.936034 -48.241020 -1.063966 -1.063966 26.815779 -49603.361517
924156257609.000000 0.007266 2.774004 2.777137 -40.000000 -38.936034 -48.241020 -1.063966 -1.063966 26.837223 -49603.361517
924156271793.000000 0.006827 2.780829 2.783977 -40.000000 -38.936034 -48.241020 -1.063966 -1.063966 26.857421 -49603.361517
924156286078.000000 0.006876 2.787702 2.790783 -40.000000 -38.936034 -48.241020 -1.063966 -1.063966 26.877815 -49603.361517
924156300220.000000 0.006807 2.794507 2.797586 -40.000000 -38.936034 -48.241020 -1.063966 -1.063966 26.898053 -49603.361517
924156314251.000000 0.006754 2.801259 2.804516 -40.000000 -38.936034 -48.241020 -1.063966 -1.063966 26.918182 -49603.361517
924156329632.000000 0.007403 2.808660 2.811597 -40.000000 -38.936034 -48.241020 -1.063966 -1.063966 26.940305 -49603.361517
924156343236.000000 0.006548 2.815206 2.818338 -40.000000 -38.936034 -48.241020 -1.063966 -1.063966 26.959918 -49603.361517
924156357409.000000 0.006822 2.822026 2.825150 -40.000000 -38.936034 -48.241020 -1.063966 -1.063966 26.980401 -49603.361517
924156371584.000000 0.006823 2.828847 2.831951 -40.000000 -38.936034 -48.241020 -1.063966 -1.063966 27.000936 -49603.361517
924156385137.000000 0.006523 2.835369 2.838356 -40.000000 -38.936034 -48.241020 -1.063966 -1.063966 27.020615 -49603.361517
924156398453.000000 0.006410 2.841778 2.844936 -40.000000 -38.936034 -48.241020 -1.063966 -1.063966 27.039997 -49603.361517
924156412158.000000 0.006597 2.848372 2.851325 -40.000000 -38.936034 -48.241020 -1.063966 -1.063966 27.059989 -49603.361517
924156425423.000000 0.006385 2.854754 2.858094 -40.000000 -38.936034 -48.241020 -1.063966 -1.063966 27.079382 -49603.361517
924156441500.000000 0.007738 2.862490 2.865793 -40.000000 -38.936034 -48.815824 -1.063966 -1.063966 27.102947 -49834.761769
924156456163.000000 0.007057 2.869546 2.872592 -40.000000 -38.936034 -48.815824 -1.063966 -1.063966 27.124494 -49834.761769
924156469655.000000 0.006494 2.876038 2.879066 -40.000000 -38.936034 -48.815824 -1.063966 -1.063966 27.144366 -49834.761769
924156483120.000000 0.006481 2.882518 2.885771 -40.000000 -38.936034 -48.815824 -1.063966 -1.063966 27.164243 -49834.761769
924156497006.000000 0.006683 2.889199 2.892162 -40.000000 -38.936034 -48.815824 -1.063966 -1.063966 27.184787 -49834.761769
924156510210.000000 0.006355 2.895552 2.898506 -40.000000 -38.936034 -48.815824 -1.063966 -1.063966 27.204366 -49834.761769
924156524427.000000 0.006843 2.902394 2.905902 -40.000000 -38.936034 -48.815824 -1.063966 -1.063966 27.225498 -49834.761769
924156540009.000000 0.007499 2.909892 2.912809 -40.000000 -38.936034 -48.815824 -1.063966 -1.063966 27.248716 -49834.761769
924156553569.000000 0.006527 2.916417 2.919400 -40.000000 -38.936034 -48.815824 -1.063966 -1.063966 27.268969 -49834.761769
924156566919.000000 0.006426 2.922841 2.925843 -40.000000 -38.936034 -48.815824 -1.063966 -1.063966 27.288952 -49834.761769
924156580795.000000 0.006679 2.929518 2.932520 -40.000000 -38.936034 -48.815824 -1.063966 -1.063966 27.309769 -49834.761769
924156594142.000000 0.006424 2.935940 2.938904 -40.000000 -38.936034 -48.815824 -1.063966 -1.063966 27.329836 -49834.761769
924156608022.000000 0.006681 2.942619 2.945730 -40.000000 -38.936034 -48.815824 -1.063966 -1.063966 27.350753 -49834.761769
924156622362.000000 0.006902 2.949520 2.952828 -40.000000 -38.936034 -48.815824 -1.063966 -1.063966 27.372413 -49834.761769
924156638076.000000 0.007563 2.957081 2.962120 -40.000000 -38.936034 -49.417958 -1.063966 -1.063966 27.396209 -50089.752711
924156658357.000000 0.009761 2.966841 2.970346 -40.000000 -38.936034 -49.417958 -1.063966 -1.063966 27.427021 -50089.752711
924156674330.000000 0.007688 2.974527 2.978093 -40.000000 -38.936034 -49.417958 -1.063966 -1.063966 27.451353 -50089.752711
924156690142.000000 0.007611 2.982135 2.985625 -40.000000 -38.936034 -49.417958 -1.063966 -1.063966 27.475501 -50089.752711
924156706071.000000 0.007667 2.989800 2.993167 -40.000000 -38.936034 -49.417958 -1.063966 -1.063966 27.499889 -50089.752711
924156721555.000000 0.007453 2.997259 3.000652 -40.000000 -38.936034 -49.417958 -1.063966 -1.063966 27.523656 -50089.752711
924156737088.000000 0.007477 3.004726 3.008272 -40.000000 -38.936034 -49.417958 -1.063966 -1.063966 27.547559 -50089.752711
924156753196.000000 0.007753 3.012477 3.015868 -40.000000 -38.936034 -49.417958 -1.063966 -1.063966 27.572410 -50089.752711
924156769381.000000 0.007790 3.020265 3.023732 -40.000000 -38.936034 -49.417958 -1.063966 -1.063966 27.597443 -50089.752711
924156784887.000000 0.007464 3.027726 3.031298 -40.000000 -38.936034 -49.417958 -1.063966 -1.063966 27.621486 -50089.752711
924156800750.000000 0.007635 3.035358 3.038745 -40.000000 -38.936034 -49.417958 -1.063966 -1.063966 27.646144 -50089.752711
924156816578.000000 0.007618 3.042975 3.046384 -40.000000 -38.936034 -49.417958 -1.063966 -1.063966 27.670809 -50089.752711
924156832574.000000 0.007699 3.050672 3.054192 -40.000000 -38.936034 -49.417958 -1.063966 -1.063966 27.695797 -50089.752711
924156850186.000000 0.008478 3.059149 3.063240 -40.000000 -36.914524 -50.154416 -3.085476 -3.085476 27.775817 -55302.733100
924156867913.000000 0.008532 3.067677 3.071104 -40.000000 -36.914524 -50.154416 -3.085476 -3.085476 27.856579 -55302.733100
924156883563.000000 0.007533 3.075207 3.078792 -40.000000 -36.914524 -50.154416 -3.085476 -3.085476 27.928052 -55302.733100
924156899500.000000 0.007671 3.082877 3.086167 -40.000000 -36.914524 -50.154416 -3.085476 -3.085476 28.001016 -55302.733100
924156914334.000000 0.007140 3.090014 3.093411 -40.000000 -36.914524 -50.154416 -3.085476 -3.085476 28.069090 -55302.733100
924156929854.000000 0.007470 3.097482 3.100804 -40.000000 -36.914524 -50.154416 -3.085476 -3.085476 28.140482 -55302.733100
924156945274.000000 0.007422 3.104902 3.108349 -40.000000 -36.914524 -50.154416 -3.085476 -3.085476 28.211585 -55302.733100
924156960751.000000 0.007449 3.112349 3.115637 -40.000000 -36.914524 -50.154416 -3.085476 -3.085476 28.283121 -55302.733100
924156976279.000000 0.007474 3.119822 3.123102 -40.000000 -36.914524 -50.154416 -3.085476 -3.085476 28.355066 -55302.733100
924156992203.000000 0.007665 3.127485 3.131296 -40.000000 -36.914524 -50.154416 -3.085476 -3.085476 28.429030 -55302.733100
924157009020.000000 0.008094 3.135576 3.138991 -40.000000 -36.914524 -50.154416 -3.085476 -3.085476 28.507339 -55302.733100
924157024205.000000 0.007309 3.142883 3.146146 -40.000000 -36.914524 -50.154416 -3.085476 -3.085476 28.578215 -55302.733100
924157039932.000000 0.007570 3.150450 3.153789 -40.000000 -36.914524 -50.154416 -3.085476 -3.085476 28.651796 -55302.733100
924157056616.000000 0.008031 3.158480 3.162972 -40.000000 -34.980906 -51.102154 -5.019094 -5.019094 28.779103 -59079.196585
924157075216.000000 0.008952 3.167430 3.170737 -40.000000 -34.980906 -51.102154 -5.019094 -5.019094 28.921420 -59079.196585
924157090662.000000 0.007434 3.174862 3.178190 -40.000000 -34.980906 -51.102154 -5.019094 -5.019094 29.039887 -59079.196585
924157106100.000000 0.007431 3.182290 3.185563 -40.000000 -34.980906 -51.102154 -5.019094 -5.019094 29.158570 -59079.196585
924157121648.000000 0.007483 3.189772 3.193208 -40.000000 -34.980906 -51.102154 -5.019094 -5.019094 29.278379 -59079.196585
924157137499.000000 0.007630 3.197400 3.200830 -40.000000 -34.980906 -51.102154 -5.019094 -5.019094 29.400822 -59079.196585
924157153516.000000 0.007709 3.205106 3.208405 -40.000000 -34.980906 -51.102154 -5.019094 -5.019094 29.524830 -59079.196585
924157168800.000000 0.007356 3.212461 3.215813 -40.000000 -34.980906 -51.102154 -5.019094 -5.019094 29.643443 -59079.196585
924157184258.000000 0.007440 3.219899 3.223297 -40.000000 -34.980906 -51.102154 -5.019094 -5.019094 29.763683 -59079.196585
924157200669.000000 0.007899 3.227796 3.231286 -40.000000 -34.980906 -51.102154 -5.019094 -5.019094 29.891648 -59079.196585
924157216431.000000 0.007586 3.235381 3.238784 -40.000000 -34.980906 -51.102154 -5.019094 -5.019094 30.014842 -59079.196585
924157233133.000000 0.008039 3.243418 3.246940 -40.000000 -34.980906 -51.102154 -5.019094 -5.019094 30.145706 -59079.196585
924157249190.000000 0.007729 3.251145 3.254646 -40.000000 -34.980906 -51.102154 -5.019094 -5.019094 30.271825 -59079.196585
924157267275.000000 0.008705 3.259847 3.264572 -40.000000 -33.926206 -52.420006 -6.073794 -6.073794 30.444176 -58049.064315
924157286241.000000 0.009129 3.268973 3.272750 -40.000000 -33.926206 -52.420006 -6.073794 -6.073794 30.625427 -58049.064315
924157303192.000000 0.008158 3.277129 3.280965 -40.000000 -33.926206 -52.420006 -6.073794 -6.073794 30.787811 -58049.064315
924157320756.000000 0.008454 3.285582 3.289192 -40.000000 -33.926206 -52.420006 -6.073794 -6.073794 30.956510 -58049.064315
924157336831.000000 0.007738 3.293318 3.296874 -40.000000 -33.926206 -52.420006 -6.073794 -6.073794 31.111284 -58049.064315
924157353565.000000 0.008055 3.301369 3.304945 -40.000000 -33.926206 -52.420006 -6.073794 -6.073794 31.272795 -58049.064315
924157369901.000000 0.007863 3.309229 3.312903 -40.000000 -33.926206 -52.420006 -6.073794 -6.073794 31.430832 -58049.064315
924157385964.000000 0.007732 3.316959 3.320531 -40.000000 -33.926206 -52.420006 -6.073794 -6.073794 31.586600 -58049.064315
924157402081.000000 0.007758 3.324715 3.328456 -40.000000 -33.926206 -52.420006 -6.073794 -6.073794 31.743258 -58049.064315
924157418522.000000 0.007913 3.332625 3.336543 -40.000000 -33.926206 -52.420006 -6.073794 -6.073794 31.903425 -58049.064315
924157435252.000000 0.008053 3.340676 3.344089 -40.000000 -33.926206 -52.420006 -6.073794 -6.073794 32.066820 -58049.064315
924157451585.000000 0.007862 3.348536 3.352179 -40.000000 -33.926206 -52.420006 -6.073794 -6.073794 32.226714 -58049.064315
924157467422.000000 0.007623 3.356157 3.360860 -40.000000 -33.926206 -53.945509 -6.073794 -6.073794 32.382106 -55064.253587
924157486621.000000 0.009241 3.365394 3.368901 -40.000000 -33.926206 -53.945509 -6.073794 -6.073794 32.570995 -55064.253587
924157501921.000000 0.007364 3.372758 3.376293 -40.000000 -33.926206 -53.945509 -6.073794 -6.073794 32.721853 -55064.253587
924157517739.000000 0.007613 3.380368 3.383823 -40.000000 -33.926206 -53.945509 -6.073794 -6.073794 32.878169 -55064.253587
924157533247.000000 0.007464 3.387830 3.391197 -40.000000 -33.926206 -53.945509 -6.073794 -6.073794 33.031761 -55064.253587
924157548609.000000 0.007394 3.395223 3.399371 -40.000000 -33.926206 -53.945509 -6.073794 -6.073794 33.184239 -55064.253587
924157565826.000000 0.008287 3.403507 3.407184 -40.000000 -33.926206 -53.945509 -6.073794 -6.073794 33.355541 -55064.253587
924157582084.000000 0.007825 3.411331 3.414772 -40.000000 -33.926206 -53.945509 -6.073794 -6.073794 33.517676 -55064.253587
924157598050.000000 0.007685 3.419013 3.422568 -40.000000 -33.926206 -53.945509 -6.073794 -6.073794 33.677258 -55064.253587
924157613574.000000 0.007472 3.426483 3.430020 -40.000000 -33.926206 -53.945509 -6.073794 -6.073794 33.832763 -55064.253587
924157629018.000000 0.007433 3.433914 3.437640 -40.000000 -33.926206 -53.945509 -6.073794 -6.073794 33.987791 -55064.253587
924157645134.000000 0.007757 3.441670 3.445293 -40.000000 -33.926206 -53.945509 -6.073794 -6.073794 34.149950 -55064.253587
924157661357.000000 0.007808 3.449476 3.452993 -40.000000 -33.926206 -53.945509 -6.073794 -6.073794 34.313545 -55064.253587
924157677829.000000 0.007928 3.457402 3.462004 -40.000000 -34.980906 -55.898612 -5.019094 -5.019094 34.451121 -48622.261993
924157697103.000000 0.009277 3.466677 3.470575 -40.000000 -34.980906 -55.898612 -5.019094 -5.019094 34.612535 -48622.261993
924157714277.000000 0.008266 3.474940 3.478599 -40.000000 -34.980906 -55.898612 -5.019094 -5.019094 34.756702 -48622.261993
924157730378.000000 0.007750 3.482688 3.486380 -40.000000 -34.980906 -55.898612 -5.019094 -5.019094 34.892164 -48622.261993
924157746741.000000 0.007876 3.490562 3.494020 -40.000000 -34.980906 -55.898612 -5.019094 -5.019094 35.030142 -48622.261993
924157762802.000000 0.007731 3.498292 3.501776 -40.000000 -34.980906 -55.898612 -5.019094 -5.019094 35.165890 -48622.261993
924157778606.000000 0.007607 3.505895 3.509654 -40.000000 -34.980906 -55.898612 -5.019094 -5.019094 35.299740 -48622.261993
924157795071.000000 0.007925 3.513818 3.517560 -40.000000 -34.980906 -55.898612 -5.019094 -5.019094 35.439503 -48622.261993
924157811296.000000 0.007809 3.521625 3.525183 -40.000000 -34.980906 -55.898612 -5.019094 -5.019094 35.577534 -48622.261993
924157827202.000000 0.007656 3.529279 3.532756 -40.000000 -34.980906 -55.898612 -5.019094 -5.019094 35.713147 -48622.261993
924157842853.000000 0.007533 3.536809 3.540716 -40.000000 -34.980906 -55.898612 -5.019094 -5.019094 35.846862 -48622.261993
924157859673.000000 0.008096 3.544904 3.548667 -40.000000 -34.980906 -55.898612 -5.019094 -5.019094 35.990900 -48622.261993
924157876125.000000 0.007918 3.552821 3.556441 -40.000000 -34.980906 -55.898612 -5.019094 -5.019094 36.132102 -48622.261993
924157894356.000000 0.008775 3.561594 3.565806 -40.000000 -34.980906 -58.071307 -5.019094 -5.019094 36.288964 -46645.533265
924157915151.000000 0.010008 3.571600 3.575297 -40.000000 -34.980906 -58.071307 -5.019094 -5.019094 36.468375 -46645.533265
924157931622.000000 0.007928 3.579526 3.583032 -40.000000 -34.980906 -58.071307 -5.019094 -5.019094 36.610803 -46645.533265
924157947546.000000 0.007664 3.587187 3.590660 -40.000000 -34.980906 -58.071307 -5.019094 -5.019094 36.748796 -46645.533265
924157963119.000000 0.007496 3.594681 3.598328 -40.000000 -34.980906 -58.071307 -5.019094 -5.019094 36.884031 -46645.533265
924157979196.000000 0.007739 3.602418 3.605844 -40.000000 -34.980906 -58.071307 -5.019094 -5.019094 37.023950 -46645.533265
924157995968.000000 0.008073 3.610490 3.614041 -40.000000 -34.980906 -58.071307 -5.019094 -5.019094 37.170252 -46645.533265
924158011496.000000 0.007474 3.617960 3.621314 -40.000000 -34.980906 -58.071307 -5.019094 -5.019094 37.305969 -46645.533265
924158027147.000000 0.007533 3.625491 3.629136 -40.000000 -34.980906 -58.071307 -5.019094 -5.019094 37.443046 -46645.533265
924158042891.000000 0.007577 3.633066 3.636499 -40.000000 -34.980906 -58.071307 -5.019094 -5.019094 37.581216 -46645.533265
924158058531.000000 0.007528 3.640592 3.643992 -40.000000 -34.980906 -58.071307 -5.019094 -5.019094 37.718767 -46645.533265
924158073947.000000 0.007420 3.648011 3.651396 -40.000000 -34.980906 -58.071307 -5.019094 -5.019094 37.854625 -46645.533265
924158089184.000000 0.007334 3.655342 3.659980 -40.000000 -35.947715 -58.071307 -4.052285 -5.019094 37.963257 -46645.533265
924158108770.000000 0.009427 3.664767 3.668175 -40.000000 -35.947715 -60.750513 -4.052285 -4.052285 38.103248 -43050.121520
924158124379.000000 0.007513 3.672284 3.676234 -40.000000 -35.947715 -60.750513 -4.052285 -4.052285 38.215048 -43050.121520
924158141021.000000 0.008010 3.680286 3.683583 -40.000000 -35.947715 -60.750513 -4.052285 -4.052285 38.334504 -43050.121520
924158156292.000000 0.007350 3.687635 3.690869 -40.000000 -35.947715 -60.750513 -4.052285 -4.052285 38.444341 -43050.121520
924158171193.000000 0.007172 3.694805 3.698144 -40.000000 -35.947715 -60.750513 -4.052285 -4.052285 38.551725 -43050.121520
924158186415.000000 0.007326 3.702129 3.705432 -40.000000 -35.947715 -60.750513 -4.052285 -4.052285 38.661633 -43050.121520
924158201503.000000 0.007262 3.709389 3.712921 -40.000000 -35.947715 -60.750513 -4.052285 -4.052285 38.770786 -43050.121520
924158217426.000000 0.007664 3.717051 3.720570 -40.000000 -35.947715 -60.750513 -4.052285 -4.052285 38.886225 -43050.121520
924158233089.000000 0.007539 3.724590 3.728160 -40.000000 -35.947715 -60.750513 -4.052285 -4.052285 39.000017 -43050.121520
924158248736.000000 0.007531 3.732118 3.735519 -40.000000 -35.947715 -60.750513 -4.052285 -4.052285 39.113914 -43050.121520
924158264271.000000 0.007478 3.739593 3.743045 -40.000000 -35.947715 -60.750513 -4.052285 -4.052285 39.227231 -43050.121520
924158279562.000000 0.007360 3.746952 3.750416 -40.000000 -35.947715 -60.750513 -4.052285 -4.052285 39.338981 -43050.121520
924158295104.000000 0.007481 3.754430 3.759563 -40.000000 -35.947715 -60.750513 -4.052285 -4.052285 39.452791 -43050.121520
924158315544.000000 0.009837 3.764265 3.768557 -40.000000 -35.947715 -63.960626 -4.052285 -4.052285 39.602851 -42064.913396
924158332847.000000 0.008328 3.772592 3.776038 -40.000000 -35.947715 -63.960626 -4.052285 -4.052285 39.730173 -42064.913396
924158348259.000000 0.007418 3.780008 3.783498 -40.000000 -35.947715 -63.960626 -4.052285 -4.052285 39.843800 -42064.913396
924158365757.000000 0.008422 3.788428 3.791828 -40.000000 -35.947715 -63.960626 -4.052285 -4.052285 39.973090 -42064.913396
924158380913.000000 0.007296 3.795722 3.799147 -40.000000 -35.947715 -63.960626 -4.052285 -4.052285 40.085317 -42064.913396
924158396505.000000 0.007505 3.803223 3.806567 -40.000000 -35.947715 -63.960626 -4.052285 -4.052285 40.200985 -42064.913396
924158411882.000000 0.007401 3.810622 3.814147 -40.000000 -35.947715 -63.960626 -4.052285 -4.052285 40.315272 -42064.913396
924158427567.000000 0.007549 3.818169 3.821666 -40.000000 -35.947715 -63.960626 -4.052285 -4.052285 40.432072 -42064.913396
924158443230.000000 0.007539 3.825707 3.829056 -40.000000 -35.947715 -63.960626 -4.052285 -4.052285 40.548945 -42064.913396
924158458850.000000 0.007518 3.833223 3.836606 -40.000000 -35.947715 -63.960626 -4.052285 -4.052285 40.665727 -42064.913396
924158474319.000000 0.007445 3.840666 3.844150 -40.000000 -35.947715 -63.960626 -4.052285 -4.052285 40.781604 -42064.913396
924158490105.000000 0.007598 3.848262 3.851567 -40.000000 -35.947715 -63.960626 -4.052285 -4.052285 40.900090 -42064.913396
924158505518.000000 0.007419 3.855680 3.860588 -40.000000 -34.980906 -68.007505 -5.019094 -5.019094 41.043663 -43665.586061
924158524427.000000 0.009101 3.864777 3.868152 -40.000000 -34.980906 -68.007505 -5.019094 -5.019094 41.220197 -43665.586061
924158539747.000000 0.007374 3.872150 3.875522 -40.000000 -34.980906 -68.007505 -5.019094 -5.019094 41.363504 -43665.586061
924158554924.000000 0.007304 3.879452 3.882750 -40.000000 -34.980906 -68.007505 -5.019094 -5.019094 41.505732 -43665.586061
924158570174.000000 0.007340 3.886791 3.890198 -40.000000 -34.980906 -68.007505 -5.019094 -5.019094 41.648924 -43665.586061
924158587079.000000 0.008136 3.894926 3.898569 -40.000000 -34.980906 -68.007505 -5.019094 -5.019094 41.807984 -43665.586061
924158602757.000000 0.007546 3.902470 3.905940 -40.000000 -34.980906 -68.007505 -5.019094 -5.019094 41.955788 -43665.586061
924158619873.000000 0.008238 3.910706 3.914163 -40.000000 -34.980906 -68.007505 -5.019094 -5.019094 42.117485 -43665.586061
924158635134.000000 0.007346 3.918049 3.921329 -40.000000 -34.980906 -68.007505 -5.019094 -5.019094 42.261942 -43665.586061
924158650069.000000 0.007189 3.925236 3.928577 -40.000000 -34.980906 -68.007505 -5.019094 -5.019094 42.403564 -43665.586061
924158665361.000000 0.007361 3.932595 3.935873 -40.000000 -34.980906 -68.007505 -5.019094 -5.019094 42.548861 -43665.586061
924158680622.000000 0.007345 3.939938 3.943455 -40.000000 -34.980906 -68.007505 -5.019094 -5.019094 42.694116 -43665.586061
924158696588.000000 0.007685 3.947620 3.950962 -40.000000 -34.980906 -68.007505 -5.019094 -5.019094 42.846375 -43665.586061
924158712320.000000 0.007572 3.955190 3.959005 -40.000000 -34.980906 -68.007505 -5.019094 -5.019094 42.996691 -43665.586061
924158730018.000000 0.008519 3.963708 3.967652 -40.000000 -34.980906 -73.205958 -5.019094 -5.019094 43.166161 -42075.474889
924158747306.000000 0.008320 3.972025 3.975377 -40.000000 -34.980906 -73.205958 -5.019094 -5.019094 43.332034 -42075.474889
924158762905.000000 0.007508 3.979532 3.982917 -40.000000 -34.980906 -73.205958 -5.019094 -5.019094 43.481997 -42075.474889
924158778516.000000 0.007514 3.987043 3.990576 -40.000000 -34.980906 -73.205958 -5.019094 -5.019094 43.632358 -42075.474889
924158794265.000000 0.007581 3.994623 3.998408 -40.000000 -34.980906 -73.205958 -5.019094 -5.019094 43.784346 -42075.474889
924158811359.000000 0.008228 4.002848 4.006432 -40.000000 -34.980906 -73.205958 -5.019094 -5.019094 43.949651 -42075.474889
924158827450.000000 0.007744 4.010590 4.014088 -40.000000 -34.980906 -73.205958 -5.019094 -5.019094 44.105540 -42075.474889
924158843485.000000 0.007718 4.018306 4.021613 -40.000000 -34.980906 -73.205958 -5.019094 -5.019094 44.261195 -42075.474889
924158859107.000000 0.007520 4.025824 4.029203 -40.000000 -34.980906 -73.205958 -5.019094 -5.019094 44.413136 -42075.474889
924158874470.000000 0.007394 4.033216 4.036847 -40.000000 -34.980906 -73.205958 -5.019094 -5.019094 44.562813 -42075.474889
924158890701.000000 0.007813 4.041027 4.044431 -40.000000 -34.980906 -73.205958 -5.019094 -5.019094 44.721271 -42075.474889
924158906500.000000 0.007605 4.048630 4.052094 -40.000000 -34.980906 -73.205958 -5.019094 -5.019094 44.875803 -42075.474889
924158921853.000000 0.007390 4.056017 4.060356 -40.000000 -33.926206 -79.877817 -6.073794 -6.073794 45.057862 -42751.634258
924158941181.000000 0.009302 4.065317 4.069076 -40.000000 -33.926206 -79.877817 -6.073794 -6.073794 45.287556 -42751.634258
924158957558.000000 0.007883 4.073197 4.076716 -40.000000 -33.926206 -79.877817 -6.073794 -6.073794 45.482577 -42751.634258
924158973724.000000 0.007781 4.080976 4.084465 -40.000000 -33.926206 -79.877817 -6.073794 -6.073794 45.675442 -42751.634258
924158989812.000000 0.007743 4.088718 4.092092 -40.000000 -33.926206 -79.877817 -6.073794 -6.073794 45.867740 -42751.634258
924159005493.000000 0.007547 4.096263 4.099764 -40.000000 -33.926206 -79.877817 -6.073794 -6.073794 46.055521 -42751.634258
924159020746.000000 0.007343 4.103604 4.106972 -40.000000 -33.926206 -79.877817 -6.073794 -6.073794 46.238528 -42751.634258
924159036330.000000 0.007501 4.111101 4.114796 -40.000000 -33.926206 -79.877817 -6.073794 -6.073794 46.425824 -42751.634258
924159052684.000000 0.007871 4.118971 4.122421 -40.000000 -33.926206 -79.877817 -6.073794 -6.073794 46.622747 -42751.634258
924159067769.000000 0.007261 4.126230 4.129503 -40.000000 -33.926206 -79.877817 -6.073794 -6.073794 46.804714 -42751.634258
924159082906.000000 0.007286 4.133513 4.136787 -40.000000 -33.926206 -79.877817 -6.073794 -6.073794 46.987630 -42751.634258
924159097740.000000 0.007140 4.140653 4.143976 -40.000000 -33.926206 -79.877817 -6.073794 -6.073794 47.167208 -42751.634258
924159113230.000000 0.007455 4.148105 4.151482 -40.000000 -33.926206 -79.877817 -6.073794 -6.073794 47.355037 -42751.634258
924159129076.000000 0.007627 4.155730 4.160312 -40.000000 -33.926206 -87.918416 -6.073794 -6.073794 47.547548 -40128.523654
924159147838.000000 0.009030 4.164759 4.168188 -40.000000 -33.926206 -87.918416 -6.073794 -6.073794 47.775971 -40128.523654
924159163258.000000 0.007422 4.172179 4.175519 -40.000000 -33.926206 -87.918416 -6.073794 -6.073794 47.964049 -40128.523654
924159178473.000000 0.007324 4.179501 4.182969 -40.000000 -33.926206 -87.918416 -6.073794 -6.073794 48.149965 -40128.523654
924159194173.000000 0.007556 4.187054 4.190526 -40.000000 -33.926206 -87.918416 -6.073794 -6.073794 48.342128 -40128.523654
924159209608.000000 0.007429 4.194482 4.197740 -40.000000 -33.926206 -87.918416 -6.073794 -6.073794 48.531396 -40128.523654
924159225359.000000 0.007581 4.202060 4.205350 -40.000000 -33.926206 -87.918416 -6.073794 -6.073794 48.724874 -40128.523654
924159240529.000000 0.007302 4.209360 4.212819 -40.000000 -33.926206 -87.918416 -6.073794 -6.073794 48.911552 -40128.523654
924159256204.000000 0.007545 4.216903 4.220208 -40.000000 -33.926206 -87.918416 -6.073794 -6.073794 49.104789 -40128.523654
924159271528.000000 0.007376 4.224278 4.227789 -40.000000 -33.926206 -87.918416 -6.073794 -6.073794 49.294043 -40128.523654
924159287689.000000 0.007778 4.232053 4.235527 -40.000000 -33.926206 -87.918416 -6.073794 -6.073794 49.493986 -40128.523654
924159303616.000000 0.007666 4.239717 4.243036 -40.000000 -33.926206 -87.918416 -6.073794 -6.073794 49.691391 -40128.523654
924159319188.000000 0.007495 4.247211 4.250655 -40.000000 -33.926206 -87.918416 -6.073794 -6.073794 49.884738 -40128.523654
924159334803.000000 0.007516 4.254725 4.259048 -40.000000 -33.926206 -87.918416 -6.073794 -6.073794 50.078975 -40128.523654
924159354124.000000 0.009300 4.264022 4.268186 -40.000000 -33.926206 -97.542039 -6.073794 -6.073794 50.319821 -38193.243841
924159371274.000000 0.008254 4.272274 4.275825 -40.000000 -33.926206 -97.542039 -6.073794 -6.073794 50.534013 -38193.243841
924159387385.000000 0.007754 4.280026 4.283923 -40.000000 -33.926206 -97.542039 -6.073794 -6.073794 50.735584 -38193.243841
924159404646.000000 0.008308 4.288333 4.292019 -40.000000 -33.926206 -97.542039 -6.073794 -6.073794 50.951972 -38193.243841
924159420912.000000 0.007829 4.296160 4.300324 -40.000000 -33.926206 -97.542039 -6.073794 -6.073794 51.156274 -38193.243841
924159438259.000000 0.008349 4.304506 4.308081 -40.000000 -33.926206 -97.542039 -6.073794 -6.073794 51.374560 -38193.243841
924159454413.000000 0.007775 4.312280 4.315967 -40.000000 -33.926206 -97.542039 -6.073794 -6.073794 51.578205 -38193.243841
924159470587.000000 0.007785 4.320063 4.324811 -40.000000 -33.926206 -97.542039 -6.073794 -6.073794 51.782470 -38193.243841
924159491563.000000 0.010095 4.330157 4.335094 -40.000000 -33.926206 -97.542039 -6.073794 -6.073794 52.047984 -38193.243841
924159513655.000000 0.010632 4.340787 4.345567 -40.000000 -33.926206 -97.542039 -6.073794 -6.073794 52.328308 -38193.243841
924159535348.000000 0.010440 4.351225 4.354925 -40.000000 -33.926206 -97.542039 -6.073794 -6.073794 52.604232 -38193.243841
924159554629.000000 0.009280 4.360504 4.365845 -40.000000 -33.926206 -108.214208 -6.073794 -6.073794 52.850018 -37171.458383
