749696857014.000000 0.000002 0.000005	0.000005	0.000000	0.000005	0.000000	0.000004	0.000000	0.000004	0.000000	-0.000003	0.000000	-0.000003	0.000000	2431116.228447
749696917112.000000 0.028922 0.028926	0.028928	0.000000	0.028928	0.000024	0.022160	0.000000	0.022160	0.000019	-0.018595	0.000000	-0.018595	0.000016	-19102.683231
749696954120.000000 0.017810 0.046734	0.075657	0.000000	0.075657	0.000087	0.057957	0.000000	0.057957	0.000067	-0.048632	0.000000	-0.048632	0.000056	-16832.698453
749696990481.000000 0.017499 0.064230	0.139881	0.000000	0.139881	0.000244	0.107155	0.000000	0.107155	0.000187	-0.089914	0.000000	-0.089914	0.000157	-14761.962661
749697029666.000000 0.018858 0.083085	0.222958	0.000000	0.222958	0.000594	0.170796	0.000000	0.170796	0.000455	-0.143315	0.000000	-0.143315	0.000382	-12278.923534
749697079320.000000 0.023896 0.106979	0.329927	0.000000	0.329927	0.001437	0.252738	0.000000	0.252738	0.001101	-0.212073	0.000000	-0.212073	0.000924	-9458.583483
749697113343.000000 0.016374 0.123350	0.453264	0.000000	0.453264	0.002353	0.347221	0.000000	0.347221	0.001802	-0.291353	0.000000	-0.291353	0.001512	-4407.347326
749697197047.000000 0.040280 0.163628	0.616876	0.000000	0.616876	0.006418	0.472555	0.000000	0.472555	0.004917	-0.396520	0.000000	-0.396520	0.004126	-2116.141813
749697234193.000000 0.017876 0.181502	0.798360	0.000000	0.798360	0.009009	0.611580	0.000000	0.611580	0.006901	-0.513176	0.000000	-0.513176	0.005791	6376.617819
749697271534.000000 0.017971 0.199470	0.997810	0.000000	0.997810	0.012585	0.764367	0.000000	0.764367	0.009641	-0.641380	0.000000	-0.641380	0.008090	11370.594644
749697346399.000000 0.036027 0.235495	1.233282	0.000000	1.233282	0.023049	0.944749	0.000000	0.944749	0.017656	-0.792738	0.000000	-0.792738	0.014815	15413.817159
749697383646.000000 0.017930 0.253422	1.486678	0.000000	1.486678	0.029804	1.138862	0.000000	1.138862	0.022831	-0.955618	0.000000	-0.955618	0.019158	26784.866620
749697416276.000000 0.015704 0.269119	1.755771	0.000000	1.755771	0.037224	1.344998	0.000000	1.344998	0.028515	-1.128588	0.000000	-1.128588	0.023927	34634.814463
749697456130.000000 0.019180 0.288297	2.000000	0.000000	2.000000	0.048283	1.532089	0.000000	1.532089	0.036987	-1.285575	0.000000	-1.285575	0.031036	38209.810434
749697495431.000000 0.018913 0.307207	2.000000	-0.003000	2.003000	0.059921	1.532089	-0.003000	1.535089	0.045907	-1.285575	0.000000	-1.285575	0.038506	35732.846319
749697540680.000000 0.021775 0.328982	2.000000	-0.003000	2.003000	0.074270	1.532089	-0.003000	1.535089	0.056903	-1.285575	0.000000	-1.285575	0.047715	36602.005976
749697595109.000000 0.026193 0.355172	2.000000	-0.003000	2.003000	0.092904	1.532089	-0.003000	1.535089	0.071185	-1.285575	0.000000	-1.285575	0.059675	35592.350244
749697645403.000000 0.024203 0.379374	2.000000	-0.003000	2.003000	0.111296	1.532089	-0.003000	1.535089	0.085280	-1.285575	0.000000	-1.285575	0.071479	34513.896226
749697680842.000000 0.017055 0.396427	2.000000	-0.010000	2.010000	0.124886	1.532089	-0.010000	1.542089	0.095706	-1.285575	0.000000	-1.285575	0.080171	40546.474594
749697721100.000000 0.019374 0.415798	2.000000	-0.010000	2.010000	0.141078	1.532089	-0.010000	1.542089	0.108128	-1.285575	0.000000	-1.285575	0.090527	39299.917825
749697764281.000000 0.020780 0.436577	2.000000	-0.010000	2.010000	0.159313	1.532089	-0.010000	1.542089	0.122119	-1.285575	0.000000	-1.285575	0.102190	37991.066396
749697805408.000000 0.019792 0.456367	2.000000	-0.010000	2.010000	0.177468	1.532089	-0.010000	1.542089	0.136048	-1.285575	0.000000	-1.285575	0.113802	36622.884867
749697844994.000000 0.019051 0.475415	2.000000	-0.010000	2.010000	0.195673	1.532089	-0.010000	1.542089	0.150014	-1.285575	0.000000	-1.285575	0.125446	35197.597736
749697879645.000000 0.016676 0.492089	2.000000	-0.019026	2.019026	0.212241	1.532089	-0.019000	1.551089	0.162743	-1.285575	0.001000	-1.286575	0.136003	34330.563985
749697915246.000000 0.017133 0.509219	2.000000	-0.019026	2.019026	0.229856	1.532089	-0.019000	1.551089	0.176275	-1.285575	0.001000	-1.286575	0.147228	32762.984382
749697947966.000000 0.015747 0.524964	2.000000	-0.019026	2.019026	0.246546	1.532089	-0.019000	1.551089	0.189097	-1.285575	0.001000	-1.286575	0.157863	31146.935122
749697980293.000000 0.015557 0.540519	2.000000	-0.019026	2.019026	0.263524	1.532089	-0.019000	1.551089	0.202140	-1.285575	0.001000	-1.286575	0.168682	29483.001318
749697996542.000000 0.007821 0.548338	2.000000	-0.019026	2.019026	0.272183	1.532089	-0.019000	1.551089	0.208792	-1.285575	0.001000	-1.286575	0.174200	27794.997852
749698011090.000000 0.007002 0.555338	2.000000	-0.019026	2.019026	0.280034	1.532089	-0.019000	1.551089	0.214824	-1.285575	0.001000	-1.286575	0.179203	26085.444415
749698026839.000000 0.007580 0.562917	2.000000	-0.019026	2.019026	0.288649	1.532089	-0.019000	1.551089	0.221442	-1.285575	0.001000	-1.286575	0.184693	24352.560484
749698041296.000000 0.006959 0.569873	2.000000	-0.019026	2.019026	0.296656	1.532089	-0.019000	1.551089	0.227593	-1.285575	0.001000	-1.286575	0.189794	22598.262863
749698055851.000000 0.007006 0.576876	2.000000	-0.019026	2.019026	0.304815	1.532089	-0.019000	1.551089	0.233862	-1.285575	0.001000	-1.286575	0.194994	20822.406383
749698070507.000000 0.007054 0.583929	2.000000	-0.019026	2.019026	0.313132	1.532089	-0.019000	1.551089	0.240251	-1.285575	0.001000	-1.286575	0.200294	19024.839954
749698085251.000000 0.007097 0.591025	2.000000	-0.019026	2.019026	0.321601	1.532089	-0.019000	1.551089	0.246757	-1.285575	0.001000	-1.286575	0.205690	17205.428775
749698101050.000000 0.007604 0.598626	2.000000	-0.025020	2.025020	0.330819	1.532089	-0.025000	1.557089	0.253845	-1.285575	0.001000	-1.286575	0.211547	22420.706088
749698119966.000000 0.009105 0.607729	2.000000	-0.025020	2.025020	0.342024	1.532089	-0.025000	1.557089	0.262461	-1.285575	0.001000	-1.286575	0.218666	20438.715267
749698135469.000000 0.007462 0.615188	2.000000	-0.025020	2.025020	0.351320	1.532089	-0.025000	1.557089	0.269609	-1.285575	0.001000	-1.286575	0.224572	18432.400091
749698150184.000000 0.007083 0.622269	2.000000	-0.025020	2.025020	0.360245	1.532089	-0.025000	1.557089	0.276471	-1.285575	0.001000	-1.286575	0.230242	16402.992471
749698164713.000000 0.006993 0.629260	2.000000	-0.025020	2.025020	0.369156	1.532089	-0.025000	1.557089	0.283323	-1.285575	0.001000	-1.286575	0.235904	14350.784298
749698179759.000000 0.007242 0.636500	2.000000	-0.025020	2.025020	0.378491	1.532089	-0.025000	1.557089	0.290501	-1.285575	0.001000	-1.286575	0.241834	12274.964239
749698194201.000000 0.006951 0.643450	2.000000	-0.025020	2.025020	0.387548	1.532089	-0.025000	1.557089	0.297465	-1.285575	0.001000	-1.286575	0.247589	10176.478589
749698208640.000000 0.006950 0.650397	2.000000	-0.025020	2.025020	0.396702	1.532089	-0.025000	1.557089	0.304504	-1.285575	0.001000	-1.286575	0.253405	8055.335195
749698223238.000000 0.007026 0.657422	2.000000	-0.025020	2.025020	0.406055	1.532089	-0.025000	1.557089	0.311696	-1.285575	0.001000	-1.286575	0.259347	5911.282966
749698238442.000000 0.007318 0.664738	2.000000	-0.025020	2.025020	0.415906	1.532089	-0.025000	1.557089	0.319270	-1.285575	0.001000	-1.286575	0.265606	3743.369329
749698254260.000000 0.007614 0.672350	2.000000	-0.025020	2.025020	0.426272	1.532089	-0.025000	1.557089	0.327241	-1.285575	0.001000	-1.286575	0.272192	1550.630726
749698272371.000000 0.008717 0.681065	2.000000	-0.025020	2.025020	0.438294	1.532089	-0.025000	1.557089	0.336485	-1.285575	0.001000	-1.286575	0.279830	-670.529708
749698290349.000000 0.008653 0.689715	2.000000	-0.025020	2.025020	0.450379	1.532089	-0.025000	1.557089	0.345778	-1.285575	0.001000	-1.286575	0.287508	-2919.901687
749698308586.000000 0.008777 0.698491	2.000000	-0.028018	2.028018	0.462813	1.532089	-0.028000	1.560089	0.355343	-1.285575	0.001000	-1.286575	0.295396	-4819.721152
749698327610.000000 0.009156 0.707645	2.000000	-0.028018	2.028018	0.475953	1.532089	-0.028000	1.560089	0.365451	-1.285575	0.001000	-1.286575	0.303732	-7195.065162
749698346066.000000 0.008883 0.716526	2.000000	-0.028018	2.028018	0.488861	1.532089	-0.028000	1.560089	0.375381	-1.285575	0.001000	-1.286575	0.311921	-9600.219509
749698363288.000000 0.008290 0.724815	2.000000	-0.028018	2.028018	0.501047	1.532089	-0.028000	1.560089	0.384755	-1.285575	0.001000	-1.286575	0.319652	-12033.197483
749698381393.000000 0.008714 0.733526	2.000000	-0.028018	2.028018	0.514010	1.532089	-0.028000	1.560089	0.394727	-1.285575	0.001000	-1.286575	0.327876	-14495.415623
749698398587.000000 0.008276 0.741799	2.000000	-0.028018	2.028018	0.526460	1.532089	-0.028000	1.560089	0.404304	-1.285575	0.001000	-1.286575	0.335774	-16985.402473
749698415221.000000 0.008006 0.749803	2.000000	-0.028018	2.028018	0.538634	1.532089	-0.028000	1.560089	0.413669	-1.285575	0.001000	-1.286575	0.343497	-19502.256745
749698431619.000000 0.007893 0.757695	2.000000	-0.028018	2.028018	0.550763	1.532089	-0.028000	1.560089	0.423000	-1.285575	0.001000	-1.286575	0.351192	-22045.603710
749698448869.000000 0.008303 0.765995	2.000000	-0.028018	2.028018	0.563662	1.532089	-0.028000	1.560089	0.432922	-1.285575	0.001000	-1.286575	0.359375	-24616.809836
749698465924.000000 0.008209 0.774202	2.000000	-0.028018	2.028018	0.576551	1.532089	-0.028000	1.560089	0.442837	-1.285575	0.001000	-1.286575	0.367551	-27215.563388
749698482228.000000 0.007848 0.782048	2.000000	-0.028018	2.028018	0.588998	1.532089	-0.028000	1.560089	0.452413	-1.285575	0.001000	-1.286575	0.375448	-29840.654572
749698500983.000000 0.009027 0.791071	2.000000	-0.028018	2.028018	0.603480	1.532089	-0.028000	1.560089	0.463553	-1.285575	0.001000	-1.286575	0.384635	-32011.292895
749698522387.000000 0.010301 0.801371	2.000000	-0.028018	2.028018	0.620221	1.532089	-0.028000	1.560089	0.476432	-1.285575	0.001000	-1.286575	0.395256	-34789.898545
749698545862.000000 0.011298 0.812667	2.000000	-0.028018	2.028018	0.638841	1.532089	-0.028000	1.560089	0.490756	-1.285575	0.001000	-1.286575	0.407069	-37607.670928
749698565480.000000 0.009442 0.822106	2.000000	-0.028018	2.028018	0.654584	1.532089	-0.028000	1.560089	0.502866	-1.285575	0.001000	-1.286575	0.417055	-38496.810823
749698585664.000000 0.009714 0.831819	2.000000	-0.028018	2.028018	0.670971	1.532089	-0.028000	1.560089	0.515472	-1.285575	0.001000	-1.286575	0.427452	-38496.810823
749698605182.000000 0.009394 0.841211	2.000000	-0.028018	2.028018	0.686997	1.532089	-0.028000	1.560089	0.527800	-1.285575	0.001000	-1.286575	0.437618	-38496.810823
749698625825.000000 0.009936 0.851145	2.000000	-0.028018	2.028018	0.704147	1.532089	-0.028000	1.560089	0.540993	-1.285575	0.001000	-1.286575	0.448499	-38496.810823
749698646199.000000 0.009806 0.860949	2.000000	-0.028018	2.028018	0.721269	1.532089	-0.028000	1.560089	0.554164	-1.285575	0.001000	-1.286575	0.459361	-38496.810823
749698666989.000000 0.010006 0.870953	2.000000	-0.028018	2.028018	0.738943	1.532089	-0.028000	1.560089	0.567761	-1.285575	0.001000	-1.286575	0.470573	-38496.810823
749698686553.000000 0.009416 0.880366	2.000000	-0.028018	2.028018	0.755755	1.532089	-0.028000	1.560089	0.580693	-1.285575	0.001000	-1.286575	0.481238	-38496.810823
749698708331.000000 0.010482 0.890846	2.000000	-0.025020	2.025020	0.774663	1.532089	-0.025000	1.557089	0.595233	-1.285575	0.001000	-1.286575	0.493252	-38496.810823
749698726631.000000 0.008808 0.899651	2.000000	-0.025020	2.025020	0.790710	1.532089	-0.025000	1.557089	0.607571	-1.285575	0.001000	-1.286575	0.503447	-34198.233944
749698748405.000000 0.010479 0.910129	2.000000	-0.025020	2.025020	0.810023	1.532089	-0.025000	1.557089	0.622422	-1.285575	0.001000	-1.286575	0.515717	-34198.233944
749698769514.000000 0.010160 0.920287	2.000000	-0.025020	2.025020	0.828957	1.532089	-0.025000	1.557089	0.636981	-1.285575	0.001000	-1.286575	0.527747	-34198.233944
749698792095.000000 0.010869 0.931153	2.000000	-0.025020	2.025020	0.849451	1.532089	-0.025000	1.557089	0.652739	-1.285575	0.001000	-1.286575	0.540768	-34198.233944
749698815577.000000 0.011302 0.942452	2.000000	-0.025020	2.025020	0.871021	1.532089	-0.025000	1.557089	0.669324	-1.285575	0.001000	-1.286575	0.554471	-34198.233944
749698834383.000000 0.009052 0.951501	2.000000	-0.025020	2.025020	0.888461	1.532089	-0.025000	1.557089	0.682735	-1.285575	0.001000	-1.286575	0.565552	-34198.233944
749698851060.000000 0.008027 0.959525	2.000000	-0.025020	2.025020	0.904058	1.532089	-0.025000	1.557089	0.694727	-1.285575	0.001000	-1.286575	0.575461	-34198.233944
749698872007.000000 0.010081 0.969605	2.000000	-0.025020	2.025020	0.923853	1.532089	-0.025000	1.557089	0.709948	-1.285575	0.001000	-1.286575	0.588038	-34198.233944
749698892678.000000 0.009949 0.979552	2.000000	-0.025020	2.025020	0.943588	1.532089	-0.025000	1.557089	0.725123	-1.285575	0.001000	-1.286575	0.600576	-34198.233944
749698916199.000000 0.011321 0.990872	2.000000	-0.019000	2.019000	0.966237	1.532089	-0.019000	1.551089	0.742523	-1.285575	0.000000	-1.285575	0.614998	-34198.233944
749698939444.000000 0.011187 1.002056	2.000000	-0.019000	2.019000	0.988871	1.532089	-0.019000	1.551089	0.759911	-1.285575	0.000000	-1.285575	0.629410	-36405.294683
749698963712.000000 0.011680 1.013734	2.000000	-0.019000	2.019000	1.012776	1.532089	-0.019000	1.551089	0.778277	-1.285575	0.000000	-1.285575	0.644631	-36405.294683
749698984085.000000 0.009806 1.023536	2.000000	-0.019000	2.019000	1.033040	1.532089	-0.019000	1.551089	0.793844	-1.285575	0.000000	-1.285575	0.657534	-36405.294683
749699004545.000000 0.009847 1.033382	2.000000	-0.019000	2.019000	1.053585	1.532089	-0.019000	1.551089	0.809628	-1.285575	0.000000	-1.285575	0.670616	-36405.294683
749699027194.000000 0.010901 1.044281	2.000000	-0.019000	2.019000	1.076569	1.532089	-0.019000	1.551089	0.827285	-1.285575	0.000000	-1.285575	0.685250	-36405.294683
749699045679.000000 0.008897 1.053175	2.000000	-0.019000	2.019000	1.095487	1.532089	-0.019000	1.551089	0.841819	-1.285575	0.000000	-1.285575	0.697297	-36405.294683
749699063212.000000 0.008439 1.061612	2.000000	-0.019000	2.019000	1.113576	1.532089	-0.019000	1.551089	0.855715	-1.285575	0.000000	-1.285575	0.708814	-36405.294683
749699080816.000000 0.008473 1.070082	2.000000	-0.019000	2.019000	1.131881	1.532089	-0.019000	1.551089	0.869779	-1.285575	0.000000	-1.285575	0.720470	-36405.294683
749699097272.000000 0.007920 1.078000	2.000000	-0.019000	2.019000	1.149120	1.532089	-0.019000	1.551089	0.883022	-1.285575	0.000000	-1.285575	0.731446	-36405.294683
749699114964.000000 0.008516 1.086514	2.000000	-0.019000	2.019000	1.167800	1.532089	-0.019000	1.551089	0.897373	-1.285575	0.000000	-1.285575	0.743341	-36405.294683
749699131832.000000 0.008119 1.094630	2.000000	-0.010050	2.010050	1.185664	1.532089	-0.010000	1.542089	0.911078	-1.285575	-0.001000	-1.284575	0.754757	-32283.950624
749699150951.000000 0.009202 1.103831	2.000000	-0.010050	2.010050	1.206080	1.532089	-0.010000	1.542089	0.926741	-1.285575	-0.001000	-1.284575	0.767805	-32283.950624
749699169629.000000 0.008990 1.112818	2.000000	-0.010050	2.010050	1.226188	1.532089	-0.010000	1.542089	0.942168	-1.285575	-0.001000	-1.284575	0.780655	-32283.950624
749699186961.000000 0.008342 1.121158	2.000000	-0.010050	2.010050	1.244989	1.532089	-0.010000	1.542089	0.956591	-1.285575	-0.001000	-1.284575	0.792670	-32283.950624
749699203754.000000 0.008083 1.129239	2.000000	-0.010050	2.010050	1.263335	1.532089	-0.010000	1.542089	0.970666	-1.285575	-0.001000	-1.284575	0.804395	-32283.950624
749699221707.000000 0.008641 1.137878	2.000000	-0.010050	2.010050	1.283098	1.532089	-0.010000	1.542089	0.985828	-1.285575	-0.001000	-1.284575	0.817025	-32283.950624
749699238178.000000 0.007929 1.145804	2.000000	-0.010050	2.010050	1.301358	1.532089	-0.010000	1.542089	0.999838	-1.285575	-0.001000	-1.284575	0.828695	-32283.950624
749699254481.000000 0.007847 1.153648	2.000000	-0.010050	2.010050	1.319554	1.532089	-0.010000	1.542089	1.013797	-1.285575	-0.001000	-1.284575	0.840323	-32283.950624
749699270518.000000 0.007719 1.161365	2.000000	-0.010050	2.010050	1.337573	1.532089	-0.010000	1.542089	1.027621	-1.285575	-0.001000	-1.284575	0.851839	-32283.950624
749699286696.000000 0.007787 1.169150	2.000000	-0.010050	2.010050	1.355873	1.532089	-0.010000	1.542089	1.041661	-1.285575	-0.001000	-1.284575	0.863534	-32283.950624
749699303352.000000 0.008017 1.177165	2.000000	-0.010050	2.010050	1.374843	1.532089	-0.010000	1.542089	1.056214	-1.285575	-0.001000	-1.284575	0.875657	-32283.950624
749699323075.000000 0.009493 1.186656	2.000000	-0.010050	2.010050	1.397486	1.532089	-0.010000	1.542089	1.073586	-1.285575	-0.001000	-1.284575	0.890128	-32283.950624
749699344571.000000 0.010346 1.196999	2.000000	0.003606	1.996394	1.422209	1.532089	0.002000	1.530089	1.092534	-1.285575	-0.003000	-1.282575	0.906011	-29698.267220
749699363466.000000 0.009094 1.206091	2.000000	0.003606	1.996394	1.444106	1.532089	0.002000	1.530089	1.109316	-1.285575	-0.003000	-1.282575	0.920078	-29698.267220
749699380963.000000 0.008422 1.214511	2.000000	0.003606	1.996394	1.464527	1.532089	0.002000	1.530089	1.124968	-1.285575	-0.003000	-1.282575	0.933198	-29698.267220
749699397633.000000 0.008023 1.222532	2.000000	0.003606	1.996394	1.484109	1.532089	0.002000	1.530089	1.139976	-1.285575	-0.003000	-1.282575	0.945778	-29698.267220
749699413729.000000 0.007747 1.230277	2.000000	0.003606	1.996394	1.503137	1.532089	0.002000	1.530089	1.154559	-1.285575	-0.003000	-1.282575	0.958003	-29698.267220
749699431859.000000 0.008726 1.239001	2.000000	0.003606	1.996394	1.524721	1.532089	0.002000	1.530089	1.171102	-1.285575	-0.003000	-1.282575	0.971869	-29698.267220
749699448480.000000 0.008000 1.246999	2.000000	0.003606	1.996394	1.544637	1.532089	0.002000	1.530089	1.186366	-1.285575	-0.003000	-1.282575	0.984664	-29698.267220
749699465173.000000 0.008034 1.255031	2.000000	0.003606	1.996394	1.564767	1.532089	0.002000	1.530089	1.201794	-1.285575	-0.003000	-1.282575	0.997597	-29698.267220
749699483059.000000 0.008609 1.263638	2.000000	0.003606	1.996394	1.586484	1.532089	0.002000	1.530089	1.218439	-1.285575	-0.003000	-1.282575	1.011549	-29698.267220
749699500241.000000 0.008270 1.271906	2.000000	0.003606	1.996394	1.607483	1.532089	0.002000	1.530089	1.234533	-1.285575	-0.003000	-1.282575	1.025039	-29698.267220
749699517253.000000 0.008188 1.280094	2.000000	0.003606	1.996394	1.628409	1.532089	0.002000	1.530089	1.250571	-1.285575	-0.003000	-1.282575	1.038483	-29698.267220
749699534886.000000 0.008487 1.288577	2.000000	0.003606	1.996394	1.650241	1.532089	0.002000	1.530089	1.267304	-1.285575	-0.003000	-1.282575	1.052509	-29698.267220
749699551552.000000 0.008021 1.296596	2.000000	0.017088	1.982912	1.670865	1.532089	0.016000	1.516089	1.283072	-1.285575	-0.006000	-1.279575	1.065818	-27929.464331
749699571729.000000 0.009711 1.306306	2.000000	0.017088	1.982912	1.696019	1.532089	0.016000	1.516089	1.302305	-1.285575	-0.006000	-1.279575	1.082050	-27929.464331
749699589469.000000 0.008538 1.314841	2.000000	0.017088	1.982912	1.718280	1.532089	0.016000	1.516089	1.319325	-1.285575	-0.006000	-1.279575	1.096415	-27929.464331
749699606540.000000 0.008217 1.323057	2.000000	0.017088	1.982912	1.739837	1.532089	0.016000	1.516089	1.335807	-1.285575	-0.006000	-1.279575	1.110325	-27929.464331
749699622279.000000 0.007575 1.330629	2.000000	0.017088	1.982912	1.759825	1.532089	0.016000	1.516089	1.351089	-1.285575	-0.006000	-1.279575	1.123224	-27929.464331
749699640807.000000 0.008917 1.339544	2.000000	0.017088	1.982912	1.783510	1.532089	0.016000	1.516089	1.369198	-1.285575	-0.006000	-1.279575	1.138508	-27929.464331
749699657791.000000 0.008174 1.347717	2.000000	0.017088	1.982912	1.805356	1.532089	0.016000	1.516089	1.385901	-1.285575	-0.006000	-1.279575	1.152605	-27929.464331
749699673937.000000 0.007771 1.355487	2.000000	0.017088	1.982912	1.826243	1.532089	0.016000	1.516089	1.401871	-1.285575	-0.006000	-1.279575	1.166084	-27929.464331
749699692039.000000 0.008712 1.364197	2.000000	0.017088	1.982912	1.849810	1.532089	0.016000	1.516089	1.419890	-1.285575	-0.006000	-1.279575	1.181291	-27929.464331
749699710344.000000 0.008811 1.373006	2.000000	0.017088	1.982912	1.873797	1.532089	0.016000	1.516089	1.438230	-1.285575	-0.006000	-1.279575	1.196770	-27929.464331
749699726547.000000 0.007799 1.380803	2.000000	0.017088	1.982912	1.895151	1.532089	0.016000	1.516089	1.454557	-1.285575	-0.006000	-1.279575	1.210550	-27929.464331
749699744698.000000 0.008736 1.389536	2.000000	0.017088	1.982912	1.919222	1.532089	0.016000	1.516089	1.472961	-1.285575	-0.006000	-1.279575	1.226083	-27929.464331
749699761508.000000 0.008091 1.397626	2.000000	0.035440	1.964560	1.941438	1.532089	0.034000	1.498089	1.489902	-1.285575	-0.010000	-1.275575	1.240508	-28120.376913
749699780541.000000 0.009160 1.406784	2.000000	0.035440	1.964560	1.966755	1.532089	0.034000	1.498089	1.509207	-1.285575	-0.010000	-1.275575	1.256946	-28120.376913
749699801472.000000 0.010074 1.416857	2.000000	0.035440	1.964560	1.994797	1.532089	0.034000	1.498089	1.530591	-1.285575	-0.010000	-1.275575	1.275153	-28120.376913
749699825715.000000 0.011667 1.428522	2.000000	0.035440	1.964560	2.027541	1.532089	0.034000	1.498089	1.555560	-1.285575	-0.010000	-1.275575	1.296413	-28120.376913
749699851371.000000 0.012348 1.440868	2.000000	0.035440	1.964560	2.062493	1.532089	0.034000	1.498089	1.582213	-1.285575	-0.010000	-1.275575	1.319108	-28120.376913
749699875792.000000 0.011753 1.452618	2.000000	0.035440	1.964560	2.096034	1.532089	0.034000	1.498089	1.607790	-1.285575	-0.010000	-1.275575	1.340885	-28120.376913
749699901636.000000 0.012438 1.465054	2.000000	0.035440	1.964560	2.131832	1.532089	0.034000	1.498089	1.635088	-1.285575	-0.010000	-1.275575	1.364129	-28120.376913
749699927629.000000 0.012510 1.477561	2.000000	0.035440	1.964560	2.168144	1.532089	0.034000	1.498089	1.662778	-1.285575	-0.010000	-1.275575	1.387706	-28120.376913
749699959422.000000 0.015300 1.492860	2.000000	0.057009	1.942991	2.212525	1.532089	0.055000	1.477089	1.696517	-1.285575	-0.015000	-1.270575	1.416728	-28120.376913
749699986506.000000 0.013035 1.505892	2.000000	0.057009	1.942991	2.250663	1.532089	0.055000	1.477089	1.725510	-1.285575	-0.015000	-1.270575	1.441668	-24157.634619
749700010273.000000 0.011438 1.517329	2.000000	0.057009	1.942991	2.284386	1.532089	0.055000	1.477089	1.751146	-1.285575	-0.015000	-1.270575	1.463720	-24157.634619
749700034346.000000 0.011586 1.528913	2.000000	0.057009	1.942991	2.318803	1.532089	0.055000	1.477089	1.777310	-1.285575	-0.015000	-1.270575	1.486226	-24157.634619
749700057671.000000 0.011226 1.540137	2.000000	0.057009	1.942991	2.352397	1.532089	0.055000	1.477089	1.802849	-1.285575	-0.015000	-1.270575	1.508194	-24157.634619
749700081400.000000 0.011420 1.551555	2.000000	0.057009	1.942991	2.386825	1.532089	0.055000	1.477089	1.829022	-1.285575	-0.015000	-1.270575	1.530707	-24157.634619
749700104521.000000 0.011127 1.562680	2.000000	0.057009	1.942991	2.420609	1.532089	0.055000	1.477089	1.854705	-1.285575	-0.015000	-1.270575	1.552800	-24157.634619
749700125117.000000 0.009913 1.572592	2.000000	0.057009	1.942991	2.450899	1.532089	0.055000	1.477089	1.877732	-1.285575	-0.015000	-1.270575	1.572607	-24157.634619
749700143512.000000 0.008853 1.581443	2.000000	0.057009	1.942991	2.478103	1.532089	0.055000	1.477089	1.898413	-1.285575	-0.015000	-1.270575	1.590397	-24157.634619
749700168633.000000 0.012090 1.593532	2.000000	0.081744	1.918256	2.515061	1.532089	0.079000	1.453089	1.926409	-1.285575	-0.021000	-1.264575	1.614761	-24157.634619
749700209873.000000 0.019846 1.613375	2.000000	0.081744	1.918256	2.576483	1.532089	0.079000	1.453089	1.972936	-1.285575	-0.021000	-1.264575	1.655252	-27328.024528
749700230775.000000 0.010061 1.623435	2.000000	0.081744	1.918256	2.607815	1.532089	0.079000	1.453089	1.996671	-1.285575	-0.021000	-1.264575	1.675907	-27328.024528
749700253600.000000 0.010985 1.634416	2.000000	0.081744	1.918256	2.642256	1.532089	0.079000	1.453089	2.022760	-1.285575	-0.021000	-1.264575	1.698612	-27328.024528
749700275285.000000 0.010437 1.644852	2.000000	0.081744	1.918256	2.675188	1.532089	0.079000	1.453089	2.047705	-1.285575	-0.021000	-1.264575	1.720321	-27328.024528
749700297744.000000 0.010809 1.655659	2.000000	0.081744	1.918256	2.709517	1.532089	0.079000	1.453089	2.073710	-1.285575	-0.021000	-1.264575	1.742952	-27328.024528
749700317350.000000 0.009437 1.665094	2.000000	0.081744	1.918256	2.739660	1.532089	0.079000	1.453089	2.096543	-1.285575	-0.021000	-1.264575	1.762823	-27328.024528
749700339320.000000 0.010574 1.675664	2.000000	0.081744	1.918256	2.773648	1.532089	0.079000	1.453089	2.122289	-1.285575	-0.021000	-1.264575	1.785229	-27328.024528
749700361337.000000 0.010596 1.686259	2.000000	0.081744	1.918256	2.807923	1.532089	0.079000	1.453089	2.148253	-1.285575	-0.021000	-1.264575	1.807825	-27328.024528
749700382115.000000 0.010000 1.696257	2.000000	0.108416	1.891584	2.840010	1.532089	0.105000	1.427089	2.172461	-1.285575	-0.027000	-1.258575	1.829174	-32548.254803
749700406022.000000 0.011506 1.707761	2.000000	0.108416	1.891584	2.877178	1.532089	0.105000	1.427089	2.200502	-1.285575	-0.027000	-1.258575	1.853904	-32548.254803
749700425716.000000 0.009479 1.717237	2.000000	0.108416	1.891584	2.907968	1.532089	0.105000	1.427089	2.223731	-1.285575	-0.027000	-1.258575	1.874390	-32548.254803
749700444202.000000 0.008897 1.726133	2.000000	0.108416	1.891584	2.937019	1.532089	0.105000	1.427089	2.245648	-1.285575	-0.027000	-1.258575	1.893719	-32548.254803
749700463290.000000 0.009187 1.735318	2.000000	0.108416	1.891584	2.967175	1.532089	0.105000	1.427089	2.268399	-1.285575	-0.027000	-1.258575	1.913784	-32548.254803
749700483085.000000 0.009527 1.744842	2.000000	0.108416	1.891584	2.998618	1.532089	0.105000	1.427089	2.292121	-1.285575	-0.027000	-1.258575	1.934704	-32548.254803
749700498454.000000 0.007397 1.752239	2.000000	0.108416	1.891584	3.023136	1.532089	0.105000	1.427089	2.310619	-1.285575	-0.027000	-1.258575	1.951018	-32548.254803
749700513523.000000 0.007253 1.759489	2.000000	0.108416	1.891584	3.047278	1.532089	0.105000	1.427089	2.328832	-1.285575	-0.027000	-1.258575	1.967080	-32548.254803
749700529048.000000 0.007472 1.766959	2.000000	0.108416	1.891584	3.072251	1.532089	0.105000	1.427089	2.347673	-1.285575	-0.027000	-1.258575	1.983697	-32548.254803
749700545099.000000 0.007726 1.774683	2.000000	0.108416	1.891584	3.098187	1.532089	0.105000	1.427089	2.367240	-1.285575	-0.027000	-1.258575	2.000953	-32548.254803
749700565877.000000 0.010001 1.784683	2.000000	0.108416	1.891584	3.131948	1.532089	0.105000	1.427089	2.392711	-1.285575	-0.027000	-1.258575	2.023416	-32548.254803
749700586969.000000 0.010152 1.794832	2.000000	0.139216	1.860784	3.165854	1.532089	0.135000	1.397089	2.418168	-1.285575	-0.034000	-1.251575	2.046222	-32548.254803
749700605429.000000 0.008885 1.803714	2.000000	0.139216	1.860784	3.195675	1.532089	0.135000	1.397089	2.440557	-1.285575	-0.034000	-1.251575	2.066279	-35457.674783
749700625391.000000 0.009608 1.813320	2.000000	0.139216	1.860784	3.228094	1.532089	0.135000	1.397089	2.464898	-1.285575	-0.034000	-1.251575	2.088084	-35457.674783
749700640865.000000 0.007448 1.820765	2.000000	0.139216	1.860784	3.253327	1.532089	0.135000	1.397089	2.483843	-1.285575	-0.034000	-1.251575	2.105057	-35457.674783
749700657900.000000 0.008199 1.828962	2.000000	0.139216	1.860784	3.281231	1.532089	0.135000	1.397089	2.504794	-1.285575	-0.034000	-1.251575	2.123825	-35457.674783
749700677106.000000 0.009244 1.838204	2.000000	0.139216	1.860784	3.312849	1.532089	0.135000	1.397089	2.528533	-1.285575	-0.034000	-1.251575	2.145092	-35457.674783
749700694445.000000 0.008345 1.846547	2.000000	0.139216	1.860784	3.341524	1.532089	0.135000	1.397089	2.550062	-1.285575	-0.034000	-1.251575	2.164378	-35457.674783
749700709540.000000 0.007266 1.853811	2.000000	0.139216	1.860784	3.366587	1.532089	0.135000	1.397089	2.568879	-1.285575	-0.034000	-1.251575	2.181236	-35457.674783
749700724570.000000 0.007234 1.861042	2.000000	0.139216	1.860784	3.391639	1.532089	0.135000	1.397089	2.587688	-1.285575	-0.034000	-1.251575	2.198086	-35457.674783
749700738547.000000 0.006727 1.867768	2.000000	0.139216	1.860784	3.415019	1.532089	0.135000	1.397089	2.605242	-1.285575	-0.034000	-1.251575	2.213811	-35457.674783
749700755453.000000 0.008137 1.875904	2.000000	0.139216	1.860784	3.443422	1.532089	0.135000	1.397089	2.626568	-1.285575	-0.034000	-1.251575	2.232916	-35457.674783
749700774828.000000 0.009325 1.885229	2.000000	0.139216	1.860784	3.476136	1.532089	0.135000	1.397089	2.651129	-1.285575	-0.034000	-1.251575	2.254919	-35457.674783
749700792410.000000 0.008463 1.893687	2.000000	0.139216	1.860784	3.505957	1.532089	0.135000	1.397089	2.673519	-1.285575	-0.034000	-1.251575	2.274977	-35457.674783
749700809703.000000 0.008323 1.902008	2.000000	0.171959	1.828041	3.534896	1.532089	0.167000	1.365089	2.695129	-1.285575	-0.041000	-1.244575	2.294679	-43445.671561
749700832407.000000 0.010926 1.912933	2.000000	0.171959	1.828041	3.573105	1.532089	0.167000	1.365089	2.723662	-1.285575	-0.041000	-1.244575	2.320693	-43445.671561
749700850295.000000 0.008611 1.921542	2.000000	0.171959	1.828041	3.603352	1.532089	0.167000	1.365089	2.746249	-1.285575	-0.041000	-1.244575	2.341286	-43445.671561
749700869974.000000 0.009472 1.931012	2.000000	0.171959	1.828041	3.636789	1.532089	0.167000	1.365089	2.771218	-1.285575	-0.041000	-1.244575	2.364050	-43445.671561
749700890597.000000 0.009926 1.940935	2.000000	0.171959	1.828041	3.672006	1.532089	0.167000	1.365089	2.797516	-1.285575	-0.041000	-1.244575	2.388027	-43445.671561
749700905986.000000 0.007407 1.948338	2.000000	0.171959	1.828041	3.698387	1.532089	0.167000	1.365089	2.817216	-1.285575	-0.041000	-1.244575	2.405988	-43445.671561
749700921496.000000 0.007465 1.955802	2.000000	0.171959	1.828041	3.725077	1.532089	0.167000	1.365089	2.837147	-1.285575	-0.041000	-1.244575	2.424159	-43445.671561
749700937742.000000 0.007819 1.963619	2.000000	0.171959	1.828041	3.753145	1.532089	0.167000	1.365089	2.858107	-1.285575	-0.041000	-1.244575	2.443269	-43445.671561
749700954738.000000 0.008180 1.971797	2.000000	0.171959	1.828041	3.782629	1.532089	0.167000	1.365089	2.880124	-1.285575	-0.041000	-1.244575	2.463342	-43445.671561
749700973586.000000 0.009071 1.980868	2.000000	0.171959	1.828041	3.815478	1.532089	0.167000	1.365089	2.904654	-1.285575	-0.041000	-1.244575	2.485706	-43445.671561
749700994401.000000 0.010019 1.990885	2.000000	0.171959	1.828041	3.851941	1.532089	0.167000	1.365089	2.931883	-1.285575	-0.041000	-1.244575	2.510531	-43445.671561
749701029916.000000 0.017092 2.007975	2.000000	0.208370	1.791630	3.913432	1.532089	0.203000	1.329089	2.977498	-1.285575	-0.047000	-1.238575	2.553041	-20090.571318
749701054180.000000 0.011679 2.019650	2.000000	0.208370	1.791630	3.955690	1.532089	0.203000	1.329089	3.008847	-1.285575	-0.047000	-1.238575	2.582254	-20090.571318
749701077282.000000 0.011118 2.030765	2.000000	0.208370	1.791630	3.996143	1.532089	0.203000	1.329089	3.038856	-1.285575	-0.047000	-1.238575	2.610220	-20090.571318
749701101658.000000 0.011732 2.042495	2.000000	0.208370	1.791630	4.039075	1.532089	0.203000	1.329089	3.070705	-1.285575	-0.047000	-1.238575	2.639899	-20090.571318
749701122515.000000 0.010039 2.052532	2.000000	0.208370	1.791630	4.075991	1.532089	0.203000	1.329089	3.098090	-1.285575	-0.047000	-1.238575	2.665420	-20090.571318
749701142804.000000 0.009766 2.062295	2.000000	0.208370	1.791630	4.112074	1.532089	0.203000	1.329089	3.124858	-1.285575	-0.047000	-1.238575	2.690365	-20090.571318
749701163618.000000 0.010018 2.072312	2.000000	0.208370	1.791630	4.149271	1.532089	0.203000	1.329089	3.152451	-1.285575	-0.047000	-1.238575	2.716079	-20090.571318
749701184775.000000 0.010183 2.082490	2.000000	0.208370	1.791630	4.187262	1.532089	0.203000	1.329089	3.180635	-1.285575	-0.047000	-1.238575	2.742343	-20090.571318
749701205528.000000 0.009988 2.092476	2.000000	0.208370	1.791630	4.224705	1.532089	0.203000	1.329089	3.208411	-1.285575	-0.047000	-1.238575	2.768228	-20090.571318
749701224694.000000 0.009224 2.101699	2.000000	0.247649	1.752351	4.258678	1.532089	0.241000	1.291089	3.233441	-1.285575	-0.057000	-1.228575	2.792046	-11504.190675
749701245541.000000 0.010034 2.111730	2.000000	0.247649	1.752351	4.295808	1.532089	0.241000	1.291089	3.260798	-1.285575	-0.057000	-1.228575	2.818078	-11504.190675
749701261621.000000 0.007739 2.119468	2.000000	0.247649	1.752351	4.324553	1.532089	0.241000	1.291089	3.281976	-1.285575	-0.057000	-1.228575	2.838231	-11504.190675
749701276652.000000 0.007234 2.126700	2.000000	0.247649	1.752351	4.351513	1.532089	0.241000	1.291089	3.301840	-1.285575	-0.057000	-1.228575	2.857133	-11504.190675
749701292362.000000 0.007561 2.134260	2.000000	0.247649	1.752351	4.379792	1.532089	0.241000	1.291089	3.322676	-1.285575	-0.057000	-1.228575	2.876960	-11504.190675
749701308547.000000 0.007790 2.142047	2.000000	0.247649	1.752351	4.409031	1.532089	0.241000	1.291089	3.344218	-1.285575	-0.057000	-1.228575	2.897459	-11504.190675
749701323997.000000 0.007441 2.149488	2.000000	0.247649	1.752351	4.437060	1.532089	0.241000	1.291089	3.364869	-1.285575	-0.057000	-1.228575	2.917110	-11504.190675
749701342088.000000 0.008707 2.158187	2.000000	0.247649	1.752351	4.469987	1.532089	0.241000	1.291089	3.389129	-1.285575	-0.057000	-1.228575	2.940195	-11504.190675
749701358899.000000 0.008091 2.166277	2.000000	0.247649	1.752351	4.500702	1.532089	0.241000	1.291089	3.411759	-1.285575	-0.057000	-1.228575	2.961730	-11504.190675
749701374596.000000 0.007556 2.173831	2.000000	0.247649	1.752351	4.529484	1.532089	0.241000	1.291089	3.432965	-1.285575	-0.057000	-1.228575	2.981909	-11504.190675
749701388770.000000 0.006823 2.180651	2.000000	0.247649	1.752351	4.555556	1.532089	0.241000	1.291089	3.452174	-1.285575	-0.057000	-1.228575	3.000188	-11504.190675
749701406184.000000 0.008381 2.189031	2.000000	0.247649	1.752351	4.587707	1.532089	0.241000	1.291089	3.475862	-1.285575	-0.057000	-1.228575	3.022729	-11504.190675
749701424438.000000 0.008786 2.197815	2.000000	0.289831	1.710169	4.620730	1.532089	0.281000	1.251089	3.500020	-1.285575	-0.071000	-1.214575	3.046182	-7420.440824
749701445207.000000 0.009996 2.207808	2.000000	0.289831	1.710169	4.658474	1.532089	0.281000	1.251089	3.527632	-1.285575	-0.071000	-1.214575	3.072988	-7420.440824
749701461204.000000 0.007700 2.215506	2.000000	0.289831	1.710169	4.687646	1.532089	0.281000	1.251089	3.548973	-1.285575	-0.071000	-1.214575	3.093707	-7420.440824
749701475996.000000 0.007119 2.222622	2.000000	0.289831	1.710169	4.714707	1.532089	0.281000	1.251089	3.568770	-1.285575	-0.071000	-1.214575	3.112925	-7420.440824
749701491747.000000 0.007581 2.230202	2.000000	0.289831	1.710169	4.743622	1.532089	0.281000	1.251089	3.589923	-1.285575	-0.071000	-1.214575	3.133461	-7420.440824
749701508497.000000 0.008062 2.238262	2.000000	0.289831	1.710169	4.774481	1.532089	0.281000	1.251089	3.612498	-1.285575	-0.071000	-1.214575	3.155377	-7420.440824
749701525742.000000 0.008300 2.246560	2.000000	0.289831	1.710169	4.806368	1.532089	0.281000	1.251089	3.635825	-1.285575	-0.071000	-1.214575	3.178024	-7420.440824
749701543507.000000 0.008551 2.255110	2.000000	0.289831	1.710169	4.839345	1.532089	0.281000	1.251089	3.659950	-1.285575	-0.071000	-1.214575	3.201444	-7420.440824
749701561405.000000 0.008614 2.263721	2.000000	0.289831	1.710169	4.872694	1.532089	0.281000	1.251089	3.684347	-1.285575	-0.071000	-1.214575	3.225129	-7420.440824
749701582479.000000 0.010144 2.273863	2.000000	0.289831	1.710169	4.912139	1.532089	0.281000	1.251089	3.713203	-1.285575	-0.071000	-1.214575	3.253143	-7420.440824
749701604636.000000 0.010665 2.284525	2.000000	0.289831	1.710169	4.953805	1.532089	0.281000	1.251089	3.743684	-1.285575	-0.071000	-1.214575	3.282735	-7420.440824
749701632136.000000 0.013235 2.297756	2.000000	0.334773	1.665227	5.004445	1.532089	0.323000	1.209089	3.780453	-1.285575	-0.088000	-1.197575	3.319153	-5802.418564
749701657579.000000 0.012245 2.310001	2.000000	0.334773	1.665227	5.051549	1.532089	0.323000	1.209089	3.814654	-1.285575	-0.088000	-1.197575	3.353029	-5802.418564
749701679427.000000 0.010515 2.320513	2.000000	0.334773	1.665227	5.092181	1.532089	0.323000	1.209089	3.844156	-1.285575	-0.088000	-1.197575	3.382250	-5802.418564
749701699928.000000 0.009867 2.330378	2.000000	0.334773	1.665227	5.130470	1.532089	0.323000	1.209089	3.871957	-1.285575	-0.088000	-1.197575	3.409786	-5802.418564
749701731471.000000 0.015181 2.345556	2.000000	0.334773	1.665227	5.189764	1.532089	0.323000	1.209089	3.915009	-1.285575	-0.088000	-1.197575	3.452428	-5802.418564
749701752597.000000 0.010170 2.355724	2.000000	0.334773	1.665227	5.229657	1.532089	0.323000	1.209089	3.943975	-1.285575	-0.088000	-1.197575	3.481118	-5802.418564
749701774384.000000 0.010487 2.366206	2.000000	0.334773	1.665227	5.270977	1.532089	0.323000	1.209089	3.973977	-1.285575	-0.088000	-1.197575	3.510834	-5802.418564
749701796511.000000 0.010650 2.376854	2.000000	0.334773	1.665227	5.313129	1.532089	0.323000	1.209089	4.004582	-1.285575	-0.088000	-1.197575	3.541148	-5802.418564
749701819666.000000 0.011144 2.387996	2.000000	0.334773	1.665227	5.357445	1.532089	0.323000	1.209089	4.036759	-1.285575	-0.088000	-1.197575	3.573019	-5802.418564
749701845054.000000 0.012219 2.400212	2.000000	0.382561	1.617439	5.404881	1.532089	0.367000	1.165089	4.070929	-1.285575	-0.108000	-1.177575	3.607555	-4485.859750
749701869715.000000 0.011869 2.412078	2.000000	0.382561	1.617439	5.451185	1.532089	0.367000	1.165089	4.104283	-1.285575	-0.108000	-1.177575	3.641266	-4485.859750
749701891335.000000 0.010406 2.422482	2.000000	0.382561	1.617439	5.491957	1.532089	0.367000	1.165089	4.133653	-1.285575	-0.108000	-1.177575	3.670950	-4485.859750
749701910586.000000 0.009265 2.431744	2.000000	0.382561	1.617439	5.528400	1.532089	0.367000	1.165089	4.159903	-1.285575	-0.108000	-1.177575	3.697482	-4485.859750
749701927780.000000 0.008276 2.440018	2.000000	0.382561	1.617439	5.561060	1.532089	0.367000	1.165089	4.183429	-1.285575	-0.108000	-1.177575	3.721260	-4485.859750
749701944469.000000 0.008033 2.448049	2.000000	0.382561	1.617439	5.592869	1.532089	0.367000	1.165089	4.206342	-1.285575	-0.108000	-1.177575	3.744419	-4485.859750
749701963498.000000 0.009158 2.457205	2.000000	0.382561	1.617439	5.629267	1.532089	0.367000	1.165089	4.232560	-1.285575	-0.108000	-1.177575	3.770918	-4485.859750
749701985319.000000 0.010502 2.467706	2.000000	0.382561	1.617439	5.671186	1.532089	0.367000	1.165089	4.262756	-1.285575	-0.108000	-1.177575	3.801438	-4485.859750
749702003195.000000 0.008603 2.476306	2.000000	0.382561	1.617439	5.705644	1.532089	0.367000	1.165089	4.287577	-1.285575	-0.108000	-1.177575	3.826525	-4485.859750
749702020594.000000 0.008375 2.484680	2.000000	0.382561	1.617439	5.739301	1.532089	0.367000	1.165089	4.311821	-1.285575	-0.108000	-1.177575	3.851028	-4485.859750
749702037549.000000 0.008161 2.492840	2.000000	0.382561	1.617439	5.772208	1.532089	0.367000	1.165089	4.335525	-1.285575	-0.108000	-1.177575	3.874986	-4485.859750
749702055824.000000 0.008796 2.501632	2.000000	0.433278	1.566722	5.806683	1.532089	0.413000	1.119089	4.360150	-1.285575	-0.131000	-1.154575	3.900393	992.915985
749702075745.000000 0.009588 2.511218	2.000000	0.433278	1.566722	5.844405	1.532089	0.413000	1.119089	4.387095	-1.285575	-0.131000	-1.154575	3.928191	992.915985
749702092385.000000 0.008009 2.519224	2.000000	0.433278	1.566722	5.876016	1.532089	0.413000	1.119089	4.409674	-1.285575	-0.131000	-1.154575	3.951486	992.915985
749702106620.000000 0.006851 2.526074	2.000000	0.433278	1.566722	5.903131	1.532089	0.413000	1.119089	4.429042	-1.285575	-0.131000	-1.154575	3.971468	992.915985
749702121673.000000 0.007246 2.533317	2.000000	0.433278	1.566722	5.931889	1.532089	0.413000	1.119089	4.449583	-1.285575	-0.131000	-1.154575	3.992662	992.915985
749702136080.000000 0.006934 2.540250	2.000000	0.433278	1.566722	5.959485	1.532089	0.413000	1.119089	4.469295	-1.285575	-0.131000	-1.154575	4.012998	992.915985
749702149653.000000 0.006533 2.546780	2.000000	0.433278	1.566722	5.985551	1.532089	0.413000	1.119089	4.487914	-1.285575	-0.131000	-1.154575	4.032207	992.915985
749702164919.000000 0.007348 2.554127	2.000000	0.433278	1.566722	6.014954	1.532089	0.413000	1.119089	4.508916	-1.285575	-0.131000	-1.154575	4.053875	992.915985
749702181033.000000 0.007756 2.561882	2.000000	0.433278	1.566722	6.046084	1.532089	0.413000	1.119089	4.531152	-1.285575	-0.131000	-1.154575	4.076816	992.915985
749702195886.000000 0.007149 2.569028	2.000000	0.433278	1.566722	6.074859	1.532089	0.413000	1.119089	4.551705	-1.285575	-0.131000	-1.154575	4.098021	992.915985
749702211248.000000 0.007394 2.576420	2.000000	0.433278	1.566722	6.104703	1.532089	0.413000	1.119089	4.573022	-1.285575	-0.131000	-1.154575	4.120015	992.915985
749702224227.000000 0.006247 2.582665	2.000000	0.433278	1.566722	6.129980	1.532089	0.413000	1.119089	4.591077	-1.285575	-0.131000	-1.154575	4.138642	992.915985
749702238343.000000 0.006794 2.589458	2.000000	0.433278	1.566722	6.157545	1.532089	0.413000	1.119089	4.610766	-1.285575	-0.131000	-1.154575	4.158955	992.915985
749702254018.000000 0.007544 2.597000	2.000000	0.486680	1.513320	6.187194	1.532089	0.461000	1.071089	4.631751	-1.285575	-0.156000	-1.129575	4.181086	8775.713463
749702271110.000000 0.008227 2.605226	2.000000	0.486680	1.513320	6.219629	1.532089	0.461000	1.071089	4.654708	-1.285575	-0.156000	-1.129575	4.205296	8775.713463
749702287475.000000 0.007877 2.613100	2.000000	0.486680	1.513320	6.250777	1.532089	0.461000	1.071089	4.676753	-1.285575	-0.156000	-1.129575	4.228546	8775.713463
749702300498.000000 0.006268 2.619367	2.000000	0.486680	1.513320	6.275625	1.532089	0.461000	1.071089	4.694340	-1.285575	-0.156000	-1.129575	4.247093	8775.713463
749702314196.000000 0.006593 2.625958	2.000000	0.486680	1.513320	6.301824	1.532089	0.461000	1.071089	4.712883	-1.285575	-0.156000	-1.129575	4.266649	8775.713463
749702328004.000000 0.006646 2.632602	2.000000	0.486680	1.513320	6.328302	1.532089	0.461000	1.071089	4.731624	-1.285575	-0.156000	-1.129575	4.286413	8775.713463
749702343869.000000 0.007636 2.640237	2.000000	0.486680	1.513320	6.358812	1.532089	0.461000	1.071089	4.753218	-1.285575	-0.156000	-1.129575	4.309186	8775.713463
749702359672.000000 0.007606 2.647840	2.000000	0.486680	1.513320	6.389289	1.532089	0.461000	1.071089	4.774788	-1.285575	-0.156000	-1.129575	4.331934	8775.713463
749702372765.000000 0.006302 2.654140	2.000000	0.486680	1.513320	6.414600	1.532089	0.461000	1.071089	4.792703	-1.285575	-0.156000	-1.129575	4.350827	8775.713463
749702386803.000000 0.006757 2.660895	2.000000	0.486680	1.513320	6.441808	1.532089	0.461000	1.071089	4.811961	-1.285575	-0.156000	-1.129575	4.371136	8775.713463
749702400466.000000 0.006576 2.667469	2.000000	0.486680	1.513320	6.468356	1.532089	0.461000	1.071089	4.830750	-1.285575	-0.156000	-1.129575	4.390951	8775.713463
749702415127.000000 0.007057 2.674526	2.000000	0.486680	1.513320	6.496919	1.532089	0.461000	1.071089	4.850966	-1.285575	-0.156000	-1.129575	4.412272	8775.713463
749702429149.000000 0.006749 2.681272	2.000000	0.486680	1.513320	6.524303	1.532089	0.461000	1.071089	4.870348	-1.285575	-0.156000	-1.129575	4.432712	8775.713463
749702445628.000000 0.007931 2.689203	2.000000	0.486680	1.513320	6.556581	1.532089	0.461000	1.071089	4.893194	-1.285575	-0.156000	-1.129575	4.456805	8775.713463
749702460613.000000 0.007213 2.696413	2.000000	0.542517	1.457483	6.584926	1.532089	0.510000	1.022089	4.913071	-1.285575	-0.185000	-1.100575	4.478209	8775.713463
749702476385.000000 0.007592 2.704003	2.000000	0.542517	1.457483	6.614846	1.532089	0.510000	1.022089	4.934053	-1.285575	-0.185000	-1.100575	4.500802	10069.712399
749702490117.000000 0.006609 2.710609	2.000000	0.542517	1.457483	6.640956	1.532089	0.510000	1.022089	4.952363	-1.285575	-0.185000	-1.100575	4.520518	10069.712399
749702504133.000000 0.006746 2.717355	2.000000	0.542517	1.457483	6.667675	1.532089	0.510000	1.022089	4.971101	-1.285575	-0.185000	-1.100575	4.540694	10069.712399
749702518326.000000 0.006832 2.724184	2.000000	0.542517	1.457483	6.694801	1.532089	0.510000	1.022089	4.990123	-1.285575	-0.185000	-1.100575	4.561177	10069.712399
749702535433.000000 0.008234 2.732416	2.000000	0.542517	1.457483	6.727593	1.532089	0.510000	1.022089	5.013119	-1.285575	-0.185000	-1.100575	4.585939	10069.712399
749702552322.000000 0.008129 2.740542	2.000000	0.542517	1.457483	6.760062	1.532089	0.510000	1.022089	5.035889	-1.285575	-0.185000	-1.100575	4.610457	10069.712399
749702566065.000000 0.006615 2.747155	2.000000	0.542517	1.457483	6.786549	1.532089	0.510000	1.022089	5.054464	-1.285575	-0.185000	-1.100575	4.630459	10069.712399
749702579581.000000 0.006506 2.753660	2.000000	0.542517	1.457483	6.812660	1.532089	0.510000	1.022089	5.072774	-1.285575	-0.185000	-1.100575	4.650175	10069.712399
749702593566.000000 0.006732 2.760390	2.000000	0.542517	1.457483	6.839743	1.532089	0.510000	1.022089	5.091767	-1.285575	-0.185000	-1.100575	4.670627	10069.712399
749702607186.000000 0.006556 2.766942	2.000000	0.542517	1.457483	6.866181	1.532089	0.510000	1.022089	5.110307	-1.285575	-0.185000	-1.100575	4.690590	10069.712399
749702622651.000000 0.007444 2.774385	2.000000	0.542517	1.457483	6.896282	1.532089	0.510000	1.022089	5.131416	-1.285575	-0.185000	-1.100575	4.713320	10069.712399
749702637418.000000 0.007107 2.781490	2.000000	0.542517	1.457483	6.925094	1.532089	0.510000	1.022089	5.151621	-1.285575	-0.185000	-1.100575	4.735077	10069.712399
749702652502.000000 0.007260 2.788748	2.000000	0.542517	1.457483	6.954604	1.532089	0.510000	1.022089	5.172315	-1.285575	-0.185000	-1.100575	4.757360	10069.712399
749702667128.000000 0.007040 2.795786	2.000000	0.542517	1.457483	6.983290	1.532089	0.510000	1.022089	5.192432	-1.285575	-0.185000	-1.100575	4.779022	10069.712399
749702681338.000000 0.006840 2.802624	2.000000	0.602231	1.397769	7.010084	1.532089	0.561000	0.971089	5.211047	-1.285575	-0.219000	-1.066575	4.799467	8647.232767
749702695454.000000 0.006794 2.809415	2.000000	0.602231	1.397769	7.036763	1.532089	0.561000	0.971089	5.229582	-1.285575	-0.219000	-1.066575	4.819825	8647.232767
749702710512.000000 0.007248 2.816662	2.000000	0.602231	1.397769	7.065298	1.532089	0.561000	0.971089	5.249406	-1.285575	-0.219000	-1.066575	4.841598	8647.232767
749702724332.000000 0.006652 2.823311	2.000000	0.602231	1.397769	7.091549	1.532089	0.561000	0.971089	5.267644	-1.285575	-0.219000	-1.066575	4.861629	8647.232767
749702737600.000000 0.006386 2.829696	2.000000	0.602231	1.397769	7.116808	1.532089	0.561000	0.971089	5.285193	-1.285575	-0.219000	-1.066575	4.880904	8647.232767
749702752497.000000 0.007170 2.836864	2.000000	0.602231	1.397769	7.145239	1.532089	0.561000	0.971089	5.304944	-1.285575	-0.219000	-1.066575	4.902597	8647.232767
749702766697.000000 0.006835 2.843698	2.000000	0.602231	1.397769	7.172406	1.532089	0.561000	0.971089	5.323819	-1.285575	-0.219000	-1.066575	4.923328	8647.232767
749702780073.000000 0.006438 2.850133	2.000000	0.602231	1.397769	7.198055	1.532089	0.561000	0.971089	5.341638	-1.285575	-0.219000	-1.066575	4.942899	8647.232767
749702797436.000000 0.008357 2.858489	2.000000	0.602231	1.397769	7.231445	1.532089	0.561000	0.971089	5.364836	-1.285575	-0.219000	-1.066575	4.968378	8647.232767
749702813190.000000 0.007582 2.866069	2.000000	0.602231	1.397769	7.261820	1.532089	0.561000	0.971089	5.385938	-1.285575	-0.219000	-1.066575	4.991555	8647.232767
749702827338.000000 0.006810 2.872879	2.000000	0.602231	1.397769	7.289168	1.532089	0.561000	0.971089	5.404938	-1.285575	-0.219000	-1.066575	5.012423	8647.232767
749702844147.000000 0.008090 2.880966	2.000000	0.602231	1.397769	7.321747	1.532089	0.561000	0.971089	5.427572	-1.285575	-0.219000	-1.066575	5.037283	8647.232767
749702860104.000000 0.007680 2.888645	2.000000	0.602231	1.397769	7.352757	1.532089	0.561000	0.971089	5.449116	-1.285575	-0.219000	-1.066575	5.060945	8647.232767
749702874956.000000 0.007148 2.895791	2.000000	0.661309	1.338691	7.380467	1.532089	0.611000	0.921089	5.468182	-1.285575	-0.253000	-1.032575	5.082319	8647.232767
749702896033.000000 0.010144 2.905934	2.000000	0.661309	1.338691	7.419931	1.532089	0.611000	0.921089	5.495335	-1.285575	-0.253000	-1.032575	5.112759	16272.648840
749702911548.000000 0.007467 2.913398	2.000000	0.661309	1.338691	7.449054	1.532089	0.611000	0.921089	5.515373	-1.285575	-0.253000	-1.032575	5.135222	16272.648840
749702925117.000000 0.006531 2.919928	2.000000	0.661309	1.338691	7.474581	1.532089	0.611000	0.921089	5.532938	-1.285575	-0.253000	-1.032575	5.154912	16272.648840
749702938121.000000 0.006259 2.926185	2.000000	0.661309	1.338691	7.499101	1.532089	0.611000	0.921089	5.549808	-1.285575	-0.253000	-1.032575	5.173825	16272.648840
749702951507.000000 0.006443 2.932626	2.000000	0.661309	1.338691	7.524394	1.532089	0.611000	0.921089	5.567211	-1.285575	-0.253000	-1.032575	5.193335	16272.648840
749702965560.000000 0.006764 2.939390	2.000000	0.661309	1.338691	7.551010	1.532089	0.611000	0.921089	5.585525	-1.285575	-0.253000	-1.032575	5.213865	16272.648840
749702983515.000000 0.008642 2.948030	2.000000	0.661309	1.338691	7.585117	1.532089	0.611000	0.921089	5.608992	-1.285575	-0.253000	-1.032575	5.240172	16272.648840
749702998077.000000 0.007009 2.955036	2.000000	0.661309	1.338691	7.612842	1.532089	0.611000	0.921089	5.628068	-1.285575	-0.253000	-1.032575	5.261557	16272.648840
749703011818.000000 0.006614 2.961648	2.000000	0.661309	1.338691	7.639065	1.532089	0.611000	0.921089	5.646111	-1.285575	-0.253000	-1.032575	5.281784	16272.648840
749703026167.000000 0.006907 2.968553	2.000000	0.661309	1.338691	7.666511	1.532089	0.611000	0.921089	5.664995	-1.285575	-0.253000	-1.032575	5.302954	16272.648840
749703039922.000000 0.006620 2.975171	2.000000	0.661309	1.338691	7.692878	1.532089	0.611000	0.921089	5.683137	-1.285575	-0.253000	-1.032575	5.323292	16272.648840
749703053448.000000 0.006510 2.981680	2.000000	0.661309	1.338691	7.718863	1.532089	0.611000	0.921089	5.701016	-1.285575	-0.253000	-1.032575	5.343335	16272.648840
749703069937.000000 0.007936 2.989614	2.000000	0.661309	1.338691	7.750624	1.532089	0.611000	0.921089	5.722869	-1.285575	-0.253000	-1.032575	5.367833	16272.648840
749703083918.000000 0.006729 2.996341	2.000000	0.719585	1.280415	7.776440	1.532089	0.659000	0.873089	5.740473	-1.285575	-0.289000	-0.996575	5.387926	16272.648840
749703100755.000000 0.008104 3.004444	2.000000	0.719585	1.280415	7.807617	1.532089	0.659000	0.873089	5.761731	-1.285575	-0.289000	-0.996575	5.412191	15121.777313
749703115565.000000 0.007128 3.011570	2.000000	0.719585	1.280415	7.835104	1.532089	0.659000	0.873089	5.780475	-1.285575	-0.289000	-0.996575	5.433586	15121.777313
749703130674.000000 0.007273 3.018840	2.000000	0.719585	1.280415	7.863216	1.532089	0.659000	0.873089	5.799643	-1.285575	-0.289000	-0.996575	5.455466	15121.777313
749703144262.000000 0.006540 3.025379	2.000000	0.719585	1.280415	7.888551	1.532089	0.659000	0.873089	5.816919	-1.285575	-0.289000	-0.996575	5.475185	15121.777313
749703162268.000000 0.008666 3.034044	2.000000	0.719585	1.280415	7.922218	1.532089	0.659000	0.873089	5.839876	-1.285575	-0.289000	-0.996575	5.501389	15121.777313
749703178345.000000 0.007738 3.041779	2.000000	0.719585	1.280415	7.952354	1.532089	0.659000	0.873089	5.860425	-1.285575	-0.289000	-0.996575	5.524844	15121.777313
749703192182.000000 0.006660 3.048437	2.000000	0.719585	1.280415	7.978349	1.532089	0.659000	0.873089	5.878150	-1.285575	-0.289000	-0.996575	5.545076	15121.777313
749703205335.000000 0.006331 3.054766	2.000000	0.719585	1.280415	8.003110	1.532089	0.659000	0.873089	5.895034	-1.285575	-0.289000	-0.996575	5.564348	15121.777313
749703218537.000000 0.006355 3.061119	2.000000	0.719585	1.280415	8.028017	1.532089	0.659000	0.873089	5.912018	-1.285575	-0.289000	-0.996575	5.583734	15121.777313
749703232799.000000 0.006864 3.067981	2.000000	0.719585	1.280415	8.054982	1.532089	0.659000	0.873089	5.930404	-1.285575	-0.289000	-0.996575	5.604721	15121.777313
749703247693.000000 0.007169 3.075149	2.000000	0.719585	1.280415	8.083208	1.532089	0.659000	0.873089	5.949652	-1.285575	-0.289000	-0.996575	5.626691	15121.777313
749703264172.000000 0.007931 3.083078	2.000000	0.719585	1.280415	8.114517	1.532089	0.659000	0.873089	5.971001	-1.285575	-0.289000	-0.996575	5.651059	15121.777313
749703277562.000000 0.006445 3.089522	2.000000	0.719585	1.280415	8.140013	1.532089	0.659000	0.873089	5.988386	-1.285575	-0.289000	-0.996575	5.670903	15121.777313
749703292377.000000 0.007130 3.096650	2.000000	0.778540	1.221460	8.166983	1.532089	0.707000	0.825089	6.006604	-1.285575	-0.326000	-0.959575	5.692090	15121.777313
749703306539.000000 0.006817 3.103465	2.000000	0.778540	1.221460	8.192823	1.532089	0.707000	0.825089	6.024058	-1.285575	-0.326000	-0.959575	5.712390	20367.302818
749703322626.000000 0.007743 3.111206	2.000000	0.778540	1.221460	8.222247	1.532089	0.707000	0.825089	6.043934	-1.285575	-0.326000	-0.959575	5.735506	20367.302818
749703338786.000000 0.007778 3.118982	2.000000	0.778540	1.221460	8.251879	1.532089	0.707000	0.825089	6.063951	-1.285575	-0.326000	-0.959575	5.758785	20367.302818
749703354775.000000 0.007696 3.126676	2.000000	0.778540	1.221460	8.281270	1.532089	0.707000	0.825089	6.083804	-1.285575	-0.326000	-0.959575	5.781874	20367.302818
749703367727.000000 0.006234 3.132908	2.000000	0.778540	1.221460	8.305125	1.532089	0.707000	0.825089	6.099918	-1.285575	-0.326000	-0.959575	5.800615	20367.302818
749703381035.000000 0.006405 3.139312	2.000000	0.778540	1.221460	8.329686	1.532089	0.707000	0.825089	6.116509	-1.285575	-0.326000	-0.959575	5.819909	20367.302818
749703395279.000000 0.006856 3.146166	2.000000	0.778540	1.221460	8.356033	1.532089	0.707000	0.825089	6.134306	-1.285575	-0.326000	-0.959575	5.840608	20367.302818
749703408041.000000 0.006142 3.152307	2.000000	0.778540	1.221460	8.379684	1.532089	0.707000	0.825089	6.150282	-1.285575	-0.326000	-0.959575	5.859188	20367.302818
749703421207.000000 0.006338 3.158644	2.000000	0.778540	1.221460	8.404136	1.532089	0.707000	0.825089	6.166799	-1.285575	-0.326000	-0.959575	5.878397	20367.302818
749703437501.000000 0.007842 3.166482	2.000000	0.778540	1.221460	8.434467	1.532089	0.707000	0.825089	6.187287	-1.285575	-0.326000	-0.959575	5.902225	20367.302818
749703450819.000000 0.006410 3.172891	2.000000	0.778540	1.221460	8.459309	1.532089	0.707000	0.825089	6.204068	-1.285575	-0.326000	-0.959575	5.921741	20367.302818
749703463518.000000 0.006113 3.179002	2.000000	0.778540	1.221460	8.483044	1.532089	0.707000	0.825089	6.220101	-1.285575	-0.326000	-0.959575	5.940387	20367.302818
749703477420.000000 0.006691 3.185691	2.000000	0.778540	1.221460	8.509080	1.532089	0.707000	0.825089	6.237688	-1.285575	-0.326000	-0.959575	5.960841	20367.302818
749703490946.000000 0.006511 3.192200	2.000000	0.778540	1.221460	8.534465	1.532089	0.707000	0.825089	6.254836	-1.285575	-0.326000	-0.959575	5.980784	20367.302818
749703504523.000000 0.006535 3.198733	2.000000	0.836800	1.163200	8.558781	1.532089	0.753000	0.779089	6.271122	-1.285575	-0.365000	-0.920575	6.000027	19000.177419
749703522019.000000 0.008421 3.207153	2.000000	0.836800	1.163200	8.590195	1.532089	0.753000	0.779089	6.292163	-1.285575	-0.365000	-0.920575	6.024889	19000.177419
749703538275.000000 0.007824 3.214974	2.000000	0.836800	1.163200	8.619455	1.532089	0.753000	0.779089	6.311761	-1.285575	-0.365000	-0.920575	6.048046	19000.177419
749703551384.000000 0.006310 3.221282	2.000000	0.836800	1.163200	8.643098	1.532089	0.753000	0.779089	6.327596	-1.285575	-0.365000	-0.920575	6.066757	19000.177419
749703565544.000000 0.006815 3.228096	2.000000	0.836800	1.163200	8.668689	1.532089	0.753000	0.779089	6.344736	-1.285575	-0.365000	-0.920575	6.087010	19000.177419
749703580587.000000 0.007241 3.235336	2.000000	0.836800	1.163200	8.695939	1.532089	0.753000	0.779089	6.362988	-1.285575	-0.365000	-0.920575	6.108576	19000.177419
749703594556.000000 0.006723 3.242056	2.000000	0.836800	1.163200	8.721293	1.532089	0.753000	0.779089	6.379970	-1.285575	-0.365000	-0.920575	6.128642	19000.177419
749703607933.000000 0.006439 3.248493	2.000000	0.836800	1.163200	8.745623	1.532089	0.753000	0.779089	6.396265	-1.285575	-0.365000	-0.920575	6.147897	19000.177419
749703623440.000000 0.007463 3.255955	2.000000	0.836800	1.163200	8.773889	1.532089	0.753000	0.779089	6.415197	-1.285575	-0.365000	-0.920575	6.170267	19000.177419
749703637208.000000 0.006627 3.262580	2.000000	0.836800	1.163200	8.799039	1.532089	0.753000	0.779089	6.432042	-1.285575	-0.365000	-0.920575	6.190171	19000.177419
749703650049.000000 0.006181 3.268759	2.000000	0.836800	1.163200	8.822540	1.532089	0.753000	0.779089	6.447783	-1.285575	-0.365000	-0.920575	6.208770	19000.177419
749703663885.000000 0.006660 3.275417	2.000000	0.836800	1.163200	8.847913	1.532089	0.753000	0.779089	6.464777	-1.285575	-0.365000	-0.920575	6.228851	19000.177419
749703677180.000000 0.006399 3.281814	2.000000	0.836800	1.163200	8.872342	1.532089	0.753000	0.779089	6.481139	-1.285575	-0.365000	-0.920575	6.248185	19000.177419
749703692362.000000 0.007307 3.289121	2.000000	0.836800	1.163200	8.900299	1.532089	0.753000	0.779089	6.499865	-1.285575	-0.365000	-0.920575	6.270311	19000.177419
749703710158.000000 0.008566 3.297685	2.000000	0.894890	1.105110	8.931515	1.532089	0.798000	0.734089	6.520600	-1.285575	-0.405000	-0.880575	6.295184	26655.408369
749703726732.000000 0.007977 3.305658	2.000000	0.894890	1.105110	8.960655	1.532089	0.798000	0.734089	6.539957	-1.285575	-0.405000	-0.880575	6.318403	26655.408369
749703740194.000000 0.006480 3.312137	2.000000	0.894890	1.105110	8.984375	1.532089	0.798000	0.734089	6.555713	-1.285575	-0.405000	-0.880575	6.337303	26655.408369
749703753817.000000 0.006557 3.318691	2.000000	0.894890	1.105110	9.008422	1.532089	0.798000	0.734089	6.571687	-1.285575	-0.405000	-0.880575	6.356465	26655.408369
749703766853.000000 0.006275 3.324964	2.000000	0.894890	1.105110	9.031478	1.532089	0.798000	0.734089	6.587002	-1.285575	-0.405000	-0.880575	6.374836	26655.408369
749703779839.000000 0.006250 3.331213	2.000000	0.894890	1.105110	9.054487	1.532089	0.798000	0.734089	6.602286	-1.285575	-0.405000	-0.880575	6.393170	26655.408369
749703796622.000000 0.008077 3.339289	2.000000	0.894890	1.105110	9.084294	1.532089	0.798000	0.734089	6.622086	-1.285575	-0.405000	-0.880575	6.416922	26655.408369
749703810206.000000 0.006538 3.345825	2.000000	0.894890	1.105110	9.108469	1.532089	0.798000	0.734089	6.638145	-1.285575	-0.405000	-0.880575	6.436184	26655.408369
749703824044.000000 0.006661 3.352485	2.000000	0.894890	1.105110	9.133145	1.532089	0.798000	0.734089	6.654537	-1.285575	-0.405000	-0.880575	6.455847	26655.408369
749703838272.000000 0.006848 3.359331	2.000000	0.894890	1.105110	9.158567	1.532089	0.798000	0.734089	6.671424	-1.285575	-0.405000	-0.880575	6.476104	26655.408369
749703851974.000000 0.006595 3.365923	2.000000	0.894890	1.105110	9.183098	1.532089	0.798000	0.734089	6.687719	-1.285575	-0.405000	-0.880575	6.495651	26655.408369
749703864923.000000 0.006232 3.372154	2.000000	0.894890	1.105110	9.206324	1.532089	0.798000	0.734089	6.703147	-1.285575	-0.405000	-0.880575	6.514157	26655.408369
749703879758.000000 0.007140 3.379293	2.000000	0.894890	1.105110	9.232988	1.532089	0.798000	0.734089	6.720859	-1.285575	-0.405000	-0.880575	6.535404	26655.408369
749703897650.000000 0.008611 3.387904	2.000000	0.894890	1.105110	9.265229	1.532089	0.798000	0.734089	6.742275	-1.285575	-0.405000	-0.880575	6.561094	26655.408369
749703913720.000000 0.007735 3.395636	2.000000	0.953296	1.046704	9.292720	1.532089	0.842000	0.690089	6.760400	-1.285575	-0.447000	-0.838575	6.583119	26655.408369
749703929760.000000 0.007721 3.403355	2.000000	0.953296	1.046704	9.320223	1.532089	0.842000	0.690089	6.778533	-1.285575	-0.447000	-0.838575	6.605153	25283.941380
749703947524.000000 0.008550 3.411903	2.000000	0.953296	1.046704	9.350758	1.532089	0.842000	0.690089	6.798665	-1.285575	-0.447000	-0.838575	6.629617	25283.941380
749703962644.000000 0.007277 3.419177	2.000000	0.953296	1.046704	9.376802	1.532089	0.842000	0.690089	6.815835	-1.285575	-0.447000	-0.838575	6.650482	25283.941380
749703975588.000000 0.006231 3.425407	2.000000	0.953296	1.046704	9.399142	1.532089	0.842000	0.690089	6.830564	-1.285575	-0.447000	-0.838575	6.668380	25283.941380
749703989514.000000 0.006703 3.432107	2.000000	0.953296	1.046704	9.423222	1.532089	0.842000	0.690089	6.846440	-1.285575	-0.447000	-0.838575	6.687672	25283.941380
749704002601.000000 0.006299 3.438404	2.000000	0.953296	1.046704	9.445892	1.532089	0.842000	0.690089	6.861386	-1.285575	-0.447000	-0.838575	6.705834	25283.941380
749704016118.000000 0.006506 3.444909	2.000000	0.953296	1.046704	9.469352	1.532089	0.842000	0.690089	6.876853	-1.285575	-0.447000	-0.838575	6.724629	25283.941380
749704029225.000000 0.006309 3.451216	2.000000	0.953296	1.046704	9.492142	1.532089	0.842000	0.690089	6.891879	-1.285575	-0.447000	-0.838575	6.742887	25283.941380
749704045779.000000 0.007968 3.459182	2.000000	0.953296	1.046704	9.520991	1.532089	0.842000	0.690089	6.910898	-1.285575	-0.447000	-0.838575	6.766000	25283.941380
749704063816.000000 0.008682 3.467863	2.000000	0.953296	1.046704	9.552505	1.532089	0.842000	0.690089	6.931676	-1.285575	-0.447000	-0.838575	6.791248	25283.941380
749704080355.000000 0.007960 3.475819	2.000000	0.953296	1.046704	9.581466	1.532089	0.842000	0.690089	6.950770	-1.285575	-0.447000	-0.838575	6.814450	25283.941380
749704094020.000000 0.006577 3.482394	2.000000	0.953296	1.046704	9.605439	1.532089	0.842000	0.690089	6.966575	-1.285575	-0.447000	-0.838575	6.833657	25283.941380
749704110652.000000 0.008005 3.490398	2.000000	0.953296	1.046704	9.634684	1.532089	0.842000	0.690089	6.985856	-1.285575	-0.447000	-0.838575	6.857086	25283.941380
749704127369.000000 0.008046 3.498442	2.000000	1.011111	0.988889	9.662519	1.532089	0.885000	0.647089	7.004070	-1.285575	-0.489000	-0.796575	6.879508	21546.093071
749704147767.000000 0.009817 3.508257	2.000000	1.011111	0.988889	9.696578	1.532089	0.885000	0.647089	7.026357	-1.285575	-0.489000	-0.796575	6.906943	21546.093071
749704163968.000000 0.007798 3.516054	2.000000	1.011111	0.988889	9.723692	1.532089	0.885000	0.647089	7.044100	-1.285575	-0.489000	-0.796575	6.928785	21546.093071
749704185113.000000 0.010176 3.526228	2.000000	1.011111	0.988889	9.759177	1.532089	0.885000	0.647089	7.067320	-1.285575	-0.489000	-0.796575	6.957369	21546.093071
749704199627.000000 0.006986 3.533212	2.000000	1.011111	0.988889	9.783586	1.532089	0.885000	0.647089	7.083292	-1.285575	-0.489000	-0.796575	6.977030	21546.093071
749704218307.000000 0.008991 3.542200	2.000000	1.011111	0.988889	9.815079	1.532089	0.885000	0.647089	7.103899	-1.285575	-0.489000	-0.796575	7.002399	21546.093071
749704233642.000000 0.007381 3.549579	2.000000	1.011111	0.988889	9.840985	1.532089	0.885000	0.647089	7.120851	-1.285575	-0.489000	-0.796575	7.023267	21546.093071
749704247901.000000 0.006863 3.556440	2.000000	1.011111	0.988889	9.865121	1.532089	0.885000	0.647089	7.136645	-1.285575	-0.489000	-0.796575	7.042709	21546.093071
749704261307.000000 0.006452 3.562892	2.000000	1.011111	0.988889	9.887854	1.532089	0.885000	0.647089	7.151521	-1.285575	-0.489000	-0.796575	7.061021	21546.093071
749704275926.000000 0.007036 3.569927	2.000000	1.011111	0.988889	9.912695	1.532089	0.885000	0.647089	7.167775	-1.285575	-0.489000	-0.796575	7.081031	21546.093071
749704291302.000000 0.007400 3.577324	2.000000	1.011111	0.988889	9.938874	1.532089	0.885000	0.647089	7.184906	-1.285575	-0.489000	-0.796575	7.102119	21546.093071
749704307379.000000 0.007739 3.585062	2.000000	1.011111	0.988889	9.966309	1.532089	0.885000	0.647089	7.202858	-1.285575	-0.489000	-0.796575	7.124218	21546.093071
749704321316.000000 0.006708 3.591768	2.000000	1.011111	0.988889	9.990136	1.532089	0.885000	0.647089	7.218449	-1.285575	-0.489000	-0.796575	7.143412	21546.093071
749704334892.000000 0.006534 3.598300	2.000000	1.069677	0.930323	10.012009	1.532089	0.928000	0.604089	7.232653	-1.285575	-0.532000	-0.753575	7.161129	19398.798231
749704348432.000000 0.006517 3.604816	2.000000	1.069677	0.930323	10.033866	1.532089	0.928000	0.604089	7.246845	-1.285575	-0.532000	-0.753575	7.178834	19398.798231
749704363598.000000 0.007300 3.612114	2.000000	1.069677	0.930323	10.058396	1.532089	0.928000	0.604089	7.262773	-1.285575	-0.532000	-0.753575	7.198703	19398.798231
749704376451.000000 0.006186 3.618298	2.000000	1.069677	0.930323	10.079220	1.532089	0.928000	0.604089	7.276295	-1.285575	-0.532000	-0.753575	7.215571	19398.798231
749704389066.000000 0.006072 3.624368	2.000000	1.069677	0.930323	10.099693	1.532089	0.928000	0.604089	7.289588	-1.285575	-0.532000	-0.753575	7.232154	19398.798231
749704401683.000000 0.006073 3.630439	2.000000	1.069677	0.930323	10.120204	1.532089	0.928000	0.604089	7.302907	-1.285575	-0.532000	-0.753575	7.248769	19398.798231
749704416187.000000 0.006981 3.637419	2.000000	1.069677	0.930323	10.143828	1.532089	0.928000	0.604089	7.318247	-1.285575	-0.532000	-0.753575	7.267905	19398.798231
749704429704.000000 0.006506 3.643922	2.000000	1.069677	0.930323	10.165883	1.532089	0.928000	0.604089	7.332568	-1.285575	-0.532000	-0.753575	7.285769	19398.798231
749704442776.000000 0.006292 3.650212	2.000000	1.069677	0.930323	10.187248	1.532089	0.928000	0.604089	7.346441	-1.285575	-0.532000	-0.753575	7.303076	19398.798231
749704455698.000000 0.006220 3.656431	2.000000	1.069677	0.930323	10.208406	1.532089	0.928000	0.604089	7.360179	-1.285575	-0.532000	-0.753575	7.320214	19398.798231
749704469595.000000 0.006689 3.663118	2.000000	1.069677	0.930323	10.231202	1.532089	0.928000	0.604089	7.374981	-1.285575	-0.532000	-0.753575	7.338679	19398.798231
749704483098.000000 0.006499 3.669615	2.000000	1.069677	0.930323	10.253389	1.532089	0.928000	0.604089	7.389388	-1.285575	-0.532000	-0.753575	7.356650	19398.798231
749704497397.000000 0.006882 3.676495	2.000000	1.069677	0.930323	10.276928	1.532089	0.928000	0.604089	7.404673	-1.285575	-0.532000	-0.753575	7.375717	19398.798231
749704510828.000000 0.006465 3.682960	2.000000	1.069677	0.930323	10.299078	1.532089	0.928000	0.604089	7.419056	-1.285575	-0.532000	-0.753575	7.393659	19398.798231
749704524008.000000 0.006344 3.689301	2.000000	1.069677	0.930323	10.320851	1.532089	0.928000	0.604089	7.433193	-1.285575	-0.532000	-0.753575	7.411296	19398.798231
749704537137.000000 0.006320 3.695620	2.000000	1.127619	0.872381	10.341226	1.532089	0.970000	0.562089	7.446322	-1.285575	-0.575000	-0.710575	7.427892	19398.798231
749704552858.000000 0.007567 3.703184	2.000000	1.127619	0.872381	10.365671	1.532089	0.970000	0.562089	7.462072	-1.285575	-0.575000	-0.710575	7.447803	17673.517492
749704566491.000000 0.006562 3.709744	2.000000	1.127619	0.872381	10.386907	1.532089	0.970000	0.562089	7.475754	-1.285575	-0.575000	-0.710575	7.465099	17673.517492
749704580132.000000 0.006566 3.716308	2.000000	1.127619	0.872381	10.408193	1.532089	0.970000	0.562089	7.489470	-1.285575	-0.575000	-0.710575	7.482438	17673.517492
749704593348.000000 0.006361 3.722666	2.000000	1.127619	0.872381	10.428851	1.532089	0.970000	0.562089	7.502779	-1.285575	-0.575000	-0.710575	7.499264	17673.517492
749704606794.000000 0.006472 3.729137	2.000000	1.127619	0.872381	10.449904	1.532089	0.970000	0.562089	7.516344	-1.285575	-0.575000	-0.710575	7.516413	17673.517492
749704622149.000000 0.007390 3.736526	2.000000	1.127619	0.872381	10.473994	1.532089	0.970000	0.562089	7.531866	-1.285575	-0.575000	-0.710575	7.536034	17673.517492
749704635461.000000 0.006408 3.742931	2.000000	1.127619	0.872381	10.494916	1.532089	0.970000	0.562089	7.545346	-1.285575	-0.575000	-0.710575	7.553076	17673.517492
749704648300.000000 0.006179 3.749109	2.000000	1.127619	0.872381	10.515127	1.532089	0.970000	0.562089	7.558369	-1.285575	-0.575000	-0.710575	7.569538	17673.517492
749704661363.000000 0.006287 3.755395	2.000000	1.127619	0.872381	10.535725	1.532089	0.970000	0.562089	7.571640	-1.285575	-0.575000	-0.710575	7.586316	17673.517492
749704675405.000000 0.006759 3.762152	2.000000	1.127619	0.872381	10.557907	1.532089	0.970000	0.562089	7.585933	-1.285575	-0.575000	-0.710575	7.604384	17673.517492
749704689142.000000 0.006612 3.768763	2.000000	1.127619	0.872381	10.579647	1.532089	0.970000	0.562089	7.599940	-1.285575	-0.575000	-0.710575	7.622091	17673.517492
749704702858.000000 0.006602 3.775363	2.000000	1.127619	0.872381	10.601390	1.532089	0.970000	0.562089	7.613949	-1.285575	-0.575000	-0.710575	7.639802	17673.517492
749704715777.000000 0.006218 3.781578	2.000000	1.127619	0.872381	10.621903	1.532089	0.970000	0.562089	7.627166	-1.285575	-0.575000	-0.710575	7.656510	17673.517492
749704730562.000000 0.007116 3.788694	2.000000	1.127619	0.872381	10.645423	1.532089	0.970000	0.562089	7.642320	-1.285575	-0.575000	-0.710575	7.675667	17673.517492
749704743718.000000 0.006332 3.795023	2.000000	1.127619	0.872381	10.666386	1.532089	0.970000	0.562089	7.655827	-1.285575	-0.575000	-0.710575	7.692742	17673.517492
749704757205.000000 0.006491 3.801514	2.000000	1.186631	0.813369	10.686457	1.532089	1.013000	0.519089	7.668637	-1.285575	-0.618000	-0.667575	7.709216	15916.401021
749704771195.000000 0.006733 3.808246	2.000000	1.186631	0.813369	10.707314	1.532089	1.013000	0.519089	7.681947	-1.285575	-0.618000	-0.667575	7.726334	15916.401021
749704784356.000000 0.006334 3.814578	2.000000	1.186631	0.813369	10.726967	1.532089	1.013000	0.519089	7.694490	-1.285575	-0.618000	-0.667575	7.742464	15916.401021
749704799303.000000 0.007194 3.821771	2.000000	1.186631	0.813369	10.749331	1.532089	1.013000	0.519089	7.708762	-1.285575	-0.618000	-0.667575	7.760819	15916.401021
749704812295.000000 0.006253 3.828022	2.000000	1.186631	0.813369	10.768800	1.532089	1.013000	0.519089	7.721188	-1.285575	-0.618000	-0.667575	7.776799	15916.401021
749704829517.000000 0.008290 3.836312	2.000000	1.186631	0.813369	10.794668	1.532089	1.013000	0.519089	7.737696	-1.285575	-0.618000	-0.667575	7.798030	15916.401021
749704845441.000000 0.007664 3.843972	2.000000	1.186631	0.813369	10.818631	1.532089	1.013000	0.519089	7.752989	-1.285575	-0.618000	-0.667575	7.817698	15916.401021
749704858622.000000 0.006344 3.850314	2.000000	1.186631	0.813369	10.838499	1.532089	1.013000	0.519089	7.765669	-1.285575	-0.618000	-0.667575	7.834005	15916.401021
749704872212.000000 0.006541 3.856854	2.000000	1.186631	0.813369	10.859019	1.532089	1.013000	0.519089	7.778765	-1.285575	-0.618000	-0.667575	7.850847	15916.401021
749704887982.000000 0.007590 3.864442	2.000000	1.186631	0.813369	10.882876	1.532089	1.013000	0.519089	7.793990	-1.285575	-0.618000	-0.667575	7.870427	15916.401021
749704900909.000000 0.006222 3.870663	2.000000	1.186631	0.813369	10.902464	1.532089	1.013000	0.519089	7.806491	-1.285575	-0.618000	-0.667575	7.886504	15916.401021
749704918120.000000 0.008284 3.878946	2.000000	1.186631	0.813369	10.928599	1.532089	1.013000	0.519089	7.823171	-1.285575	-0.618000	-0.667575	7.907955	15916.401021
749704935820.000000 0.008519 3.887462	2.000000	1.186631	0.813369	10.955534	1.532089	1.013000	0.519089	7.840360	-1.285575	-0.618000	-0.667575	7.930062	15916.401021
749704950067.000000 0.006857 3.894317	2.000000	1.186631	0.813369	10.977254	1.532089	1.013000	0.519089	7.854222	-1.285575	-0.618000	-0.667575	7.947888	15916.401021
749704963912.000000 0.006664 3.900980	2.000000	1.245286	0.754714	10.996874	1.532089	1.056000	0.476089	7.866598	-1.285575	-0.660000	-0.625575	7.964151	14169.920654
749704978839.000000 0.007185 3.908163	2.000000	1.245286	0.754714	11.018067	1.532089	1.056000	0.476089	7.879967	-1.285575	-0.660000	-0.625575	7.981717	14169.920654
749704991685.000000 0.006183 3.914344	2.000000	1.245286	0.754714	11.036333	1.532089	1.056000	0.476089	7.891490	-1.285575	-0.660000	-0.625575	7.996859	14169.920654
749705004412.000000 0.006126 3.920469	2.000000	1.245286	0.754714	11.054459	1.532089	1.056000	0.476089	7.902925	-1.285575	-0.660000	-0.625575	8.011883	14169.920654
749705017117.000000 0.006115 3.926581	2.000000	1.245286	0.754714	11.072581	1.532089	1.056000	0.476089	7.914356	-1.285575	-0.660000	-0.625575	8.026904	14169.920654
749705030915.000000 0.006641 3.933221	2.000000	1.245286	0.754714	11.092296	1.532089	1.056000	0.476089	7.926792	-1.285575	-0.660000	-0.625575	8.043245	14169.920654
749705044697.000000 0.006633 3.939853	2.000000	1.245286	0.754714	11.112019	1.532089	1.056000	0.476089	7.939235	-1.285575	-0.660000	-0.625575	8.059594	14169.920654
749705057771.000000 0.006293 3.946143	2.000000	1.245286	0.754714	11.130760	1.532089	1.056000	0.476089	7.951056	-1.285575	-0.660000	-0.625575	8.075128	14169.920654
749705072201.000000 0.006945 3.953087	2.000000	1.245286	0.754714	11.151480	1.532089	1.056000	0.476089	7.964127	-1.285575	-0.660000	-0.625575	8.092302	14169.920654
749705086133.000000 0.006706 3.959791	2.000000	1.245286	0.754714	11.171521	1.532089	1.056000	0.476089	7.976769	-1.285575	-0.660000	-0.625575	8.108914	14169.920654
749705100535.000000 0.006932 3.966722	2.000000	1.245286	0.754714	11.192273	1.532089	1.056000	0.476089	7.989860	-1.285575	-0.660000	-0.625575	8.126116	14169.920654
749705114644.000000 0.006791 3.973510	2.000000	1.245286	0.754714	11.212639	1.532089	1.056000	0.476089	8.002707	-1.285575	-0.660000	-0.625575	8.142996	14169.920654
749705131616.000000 0.008169 3.981678	2.000000	1.245286	0.754714	11.237186	1.532089	1.056000	0.476089	8.018192	-1.285575	-0.660000	-0.625575	8.163343	14169.920654
749705151850.000000 0.009738 3.991414	2.000000	1.245286	0.754714	11.266522	1.532089	1.056000	0.476089	8.036698	-1.285575	-0.660000	-0.625575	8.187659	14169.920654
749705166525.000000 0.007063 3.998476	2.000000	1.304611	0.695389	11.286160	1.532089	1.099000	0.433089	8.048929	-1.285575	-0.703000	-0.582575	8.204112	12403.461408
749705183378.000000 0.008112 4.006586	2.000000	1.304611	0.695389	11.308761	1.532089	1.099000	0.433089	8.063004	-1.285575	-0.703000	-0.582575	8.223046	12403.461408
749705197350.000000 0.006725 4.013308	2.000000	1.304611	0.695389	11.327530	1.532089	1.099000	0.433089	8.074694	-1.285575	-0.703000	-0.582575	8.238770	12403.461408
749705210212.000000 0.006191 4.019498	2.000000	1.304611	0.695389	11.344833	1.532089	1.099000	0.433089	8.085470	-1.285575	-0.703000	-0.582575	8.253266	12403.461408
749705223798.000000 0.006539 4.026034	2.000000	1.304611	0.695389	11.363140	1.532089	1.099000	0.433089	8.096872	-1.285575	-0.703000	-0.582575	8.268603	12403.461408
749705237104.000000 0.006405 4.032437	2.000000	1.304611	0.695389	11.381099	1.532089	1.099000	0.433089	8.108057	-1.285575	-0.703000	-0.582575	8.283649	12403.461408
749705253766.000000 0.008019 4.040454	2.000000	1.304611	0.695389	11.403630	1.532089	1.099000	0.433089	8.122089	-1.285575	-0.703000	-0.582575	8.302524	12403.461408
749705267578.000000 0.006648 4.047101	2.000000	1.304611	0.695389	11.422340	1.532089	1.099000	0.433089	8.133742	-1.285575	-0.703000	-0.582575	8.318199	12403.461408
749705280840.000000 0.006384 4.053483	2.000000	1.304611	0.695389	11.440335	1.532089	1.099000	0.433089	8.144949	-1.285575	-0.703000	-0.582575	8.333275	12403.461408
749705296471.000000 0.007524 4.061005	2.000000	1.304611	0.695389	11.461582	1.532089	1.099000	0.433089	8.158182	-1.285575	-0.703000	-0.582575	8.351075	12403.461408
749705311653.000000 0.007307 4.068310	2.000000	1.304611	0.695389	11.482255	1.532089	1.099000	0.433089	8.171057	-1.285575	-0.703000	-0.582575	8.368394	12403.461408
749705326268.000000 0.007035 4.075344	2.000000	1.304611	0.695389	11.502191	1.532089	1.099000	0.433089	8.183473	-1.285575	-0.703000	-0.582575	8.385096	12403.461408
749705341899.000000 0.007523 4.082865	2.000000	1.304611	0.695389	11.523551	1.532089	1.099000	0.433089	8.196776	-1.285575	-0.703000	-0.582575	8.402991	12403.461408
749705357647.000000 0.007580 4.090442	2.000000	1.304611	0.695389	11.545113	1.532089	1.099000	0.433089	8.210204	-1.285575	-0.703000	-0.582575	8.421054	12403.461408
749705373693.000000 0.007723 4.098163	2.000000	1.363230	0.636770	11.565267	1.532089	1.141000	0.391089	8.222583	-1.285575	-0.746000	-0.539575	8.438132	10658.031012
749705390195.000000 0.007943 4.106103	2.000000	1.363230	0.636770	11.586034	1.532089	1.141000	0.391089	8.235337	-1.285575	-0.746000	-0.539575	8.455729	10658.031012
749705408367.000000 0.008746 4.114848	2.000000	1.363230	0.636770	11.608951	1.532089	1.141000	0.391089	8.249412	-1.285575	-0.746000	-0.539575	8.475148	10658.031012
749705421988.000000 0.006556 4.121402	2.000000	1.363230	0.636770	11.626157	1.532089	1.141000	0.391089	8.259980	-1.285575	-0.746000	-0.539575	8.489728	10658.031012
749705436599.000000 0.007032 4.128433	2.000000	1.363230	0.636770	11.644643	1.532089	1.141000	0.391089	8.271334	-1.285575	-0.746000	-0.539575	8.505393	10658.031012
749705449962.000000 0.006432 4.134864	2.000000	1.363230	0.636770	11.661579	1.532089	1.141000	0.391089	8.281735	-1.285575	-0.746000	-0.539575	8.519743	10658.031012
749705462960.000000 0.006256 4.141117	2.000000	1.363230	0.636770	11.678075	1.532089	1.141000	0.391089	8.291867	-1.285575	-0.746000	-0.539575	8.533722	10658.031012
749705475884.000000 0.006221 4.147337	2.000000	1.363230	0.636770	11.694504	1.532089	1.141000	0.391089	8.301957	-1.285575	-0.746000	-0.539575	8.547643	10658.031012
749705494601.000000 0.009008 4.156343	2.000000	1.363230	0.636770	11.718346	1.532089	1.141000	0.391089	8.316600	-1.285575	-0.746000	-0.539575	8.567845	10658.031012
749705519227.000000 0.011853 4.168194	2.000000	1.363230	0.636770	11.749805	1.532089	1.141000	0.391089	8.335922	-1.285575	-0.746000	-0.539575	8.594503	10658.031012
749705537003.000000 0.008556 4.176747	2.000000	1.363230	0.636770	11.772561	1.532089	1.141000	0.391089	8.349898	-1.285575	-0.746000	-0.539575	8.613785	10658.031012
749705551608.000000 0.007029 4.183774	2.000000	1.363230	0.636770	11.791288	1.532089	1.141000	0.391089	8.361399	-1.285575	-0.746000	-0.539575	8.629654	10658.031012
749705570054.000000 0.008878 4.192650	2.000000	1.363230	0.636770	11.814990	1.532089	1.141000	0.391089	8.375956	-1.285575	-0.746000	-0.539575	8.649738	10658.031012
749705587199.000000 0.008252 4.200900	2.000000	1.422806	0.577194	11.834998	1.532089	1.184000	0.348089	8.388023	-1.285575	-0.789000	-0.496575	8.666952	8884.123915
749705608087.000000 0.010053 4.210952	2.000000	1.422806	0.577194	11.859433	1.532089	1.184000	0.348089	8.402759	-1.285575	-0.789000	-0.496575	8.687973	8884.123915
749705625043.000000 0.008161 4.219110	2.000000	1.422806	0.577194	11.879306	1.532089	1.184000	0.348089	8.414744	-1.285575	-0.789000	-0.496575	8.705071	8884.123915
749705641468.000000 0.007905 4.227014	2.000000	1.422806	0.577194	11.898592	1.532089	1.184000	0.348089	8.426375	-1.285575	-0.789000	-0.496575	8.721664	8884.123915
749705668132.000000 0.012832 4.239845	2.000000	1.422806	0.577194	11.929996	1.532089	1.184000	0.348089	8.445314	-1.285575	-0.789000	-0.496575	8.748681	8884.123915
749705683923.000000 0.007601 4.247443	2.000000	1.422806	0.577194	11.948630	1.532089	1.184000	0.348089	8.456551	-1.285575	-0.789000	-0.496575	8.764713	8884.123915
749705703295.000000 0.009324 4.256765	2.000000	1.422806	0.577194	11.971539	1.532089	1.184000	0.348089	8.470367	-1.285575	-0.789000	-0.496575	8.784422	8884.123915
749705725551.000000 0.010711 4.267474	2.000000	1.422806	0.577194	11.997923	1.532089	1.184000	0.348089	8.486278	-1.285575	-0.789000	-0.496575	8.807120	8884.123915
749705745889.000000 0.009788 4.277261	2.000000	1.422806	0.577194	12.022089	1.532089	1.184000	0.348089	8.500852	-1.285575	-0.789000	-0.496575	8.827911	8884.123915
749705766132.000000 0.009742 4.287001	2.000000	1.422806	0.577194	12.046195	1.532089	1.184000	0.348089	8.515390	-1.285575	-0.789000	-0.496575	8.848650	8884.123915
749705786086.000000 0.009604 4.296604	2.000000	1.422806	0.577194	12.070012	1.532089	1.184000	0.348089	8.529753	-1.285575	-0.789000	-0.496575	8.869140	8884.123915
749705808718.000000 0.010893 4.307494	2.000000	1.481921	0.518079	12.094321	1.532089	1.227000	0.305089	8.544068	-1.285575	-0.831000	-0.454575	8.890469	7123.933153
749705839871.000000 0.014992 4.322484	2.000000	1.481921	0.518079	12.127894	1.532089	1.227000	0.305089	8.563839	-1.285575	-0.831000	-0.454575	8.919927	7123.933153
749705867749.000000 0.013417 4.335899	2.000000	1.481921	0.518079	12.158032	1.532089	1.227000	0.305089	8.581587	-1.285575	-0.831000	-0.454575	8.946371	7123.933153
749705888858.000000 0.010159 4.346056	2.000000	1.481921	0.518079	12.180907	1.532089	1.227000	0.305089	8.595057	-1.285575	-0.831000	-0.454575	8.966442	7123.933153
749705907792.000000 0.009113 4.355168	2.000000	1.481921	0.518079	12.201468	1.532089	1.227000	0.305089	8.607166	-1.285575	-0.831000	-0.454575	8.984483	7123.933153
749705932611.000000 0.011945 4.367110	2.000000	1.481921	0.518079	12.228493	1.532089	1.227000	0.305089	8.623080	-1.285575	-0.831000	-0.454575	9.008195	7123.933153
749705976970.000000 0.021347 4.388456	2.000000	1.481921	0.518079	12.277027	1.532089	1.227000	0.305089	8.651661	-1.285575	-0.831000	-0.454575	9.050780	7123.933153
749705997356.000000 0.009812 4.398265	2.000000	1.540856	0.459144	12.296841	1.532089	1.269000	0.263089	8.663014	-1.285575	-0.874000	-0.411575	9.068541	5369.106178
749706033760.000000 0.017519 4.415782	2.000000	1.540856	0.459144	12.332361	1.532089	1.269000	0.263089	8.683367	-1.285575	-0.874000	-0.411575	9.100381	5369.106178
749706055477.000000 0.010452 4.426233	2.000000	1.540856	0.459144	12.353602	1.532089	1.269000	0.263089	8.695538	-1.285575	-0.874000	-0.411575	9.119422	5369.106178
749706080898.000000 0.012235 4.438465	2.000000	1.540856	0.459144	12.378535	1.532089	1.269000	0.263089	8.709825	-1.285575	-0.874000	-0.411575	9.141772	5369.106178
749706101871.000000 0.010094 4.448588	2.000000	1.540856	0.459144	12.399153	1.532089	1.269000	0.263089	8.721639	-1.285575	-0.874000	-0.411575	9.160254	5369.106178
749706122359.000000 0.009861 4.458416	2.000000	1.540856	0.459144	12.419339	1.532089	1.269000	0.263089	8.733205	-1.285575	-0.874000	-0.411575	9.178348	5369.106178
749706143636.000000 0.010240 4.468654	2.000000	1.540856	0.459144	12.440349	1.532089	1.269000	0.263089	8.745244	-1.285575	-0.874000	-0.411575	9.197182	5369.106178
749706161119.000000 0.008415 4.477067	2.000000	1.540856	0.459144	12.457646	1.532089	1.269000	0.263089	8.755156	-1.285575	-0.874000	-0.411575	9.212687	5369.106178
749706178694.000000 0.008459 4.485523	2.000000	1.540856	0.459144	12.475067	1.532089	1.269000	0.263089	8.765138	-1.285575	-0.874000	-0.411575	9.228303	5369.106178
749706197848.000000 0.009219 4.494740	2.000000	1.540856	0.459144	12.494093	1.532089	1.269000	0.263089	8.776040	-1.285575	-0.874000	-0.411575	9.245358	5369.106178
749706216294.000000 0.008878 4.503616	2.000000	1.600698	0.399302	12.510059	1.532089	1.312000	0.220089	8.784840	-1.285575	-0.917000	-0.368575	9.260095	3587.277144
749706237408.000000 0.010162 4.513776	2.000000	1.600698	0.399302	12.528374	1.532089	1.312000	0.220089	8.794935	-1.285575	-0.917000	-0.368575	9.277000	3587.277144
749706256161.000000 0.009026 4.522800	2.000000	1.600698	0.399302	12.544674	1.532089	1.312000	0.220089	8.803919	-1.285575	-0.917000	-0.368575	9.292046	3587.277144
749706274441.000000 0.008798 4.531596	2.000000	1.600698	0.399302	12.560594	1.532089	1.312000	0.220089	8.812694	-1.285575	-0.917000	-0.368575	9.306741	3587.277144
749706293033.000000 0.008948 4.540543	2.000000	1.600698	0.399302	12.576818	1.532089	1.312000	0.220089	8.821636	-1.285575	-0.917000	-0.368575	9.321716	3587.277144
749706314419.000000 0.010293 4.550833	2.000000	1.600698	0.399302	12.595521	1.532089	1.312000	0.220089	8.831945	-1.285575	-0.917000	-0.368575	9.338981	3587.277144
749706332292.000000 0.008602 4.559434	2.000000	1.600698	0.399302	12.611182	1.532089	1.312000	0.220089	8.840577	-1.285575	-0.917000	-0.368575	9.353437	3587.277144
749706352408.000000 0.009682 4.569113	2.000000	1.600698	0.399302	12.628846	1.532089	1.312000	0.220089	8.850313	-1.285575	-0.917000	-0.368575	9.369741	3587.277144
749706370579.000000 0.008746 4.577857	2.000000	1.600698	0.399302	12.644832	1.532089	1.312000	0.220089	8.859125	-1.285575	-0.917000	-0.368575	9.384497	3587.277144
749706389469.000000 0.009092 4.586947	2.000000	1.600698	0.399302	12.661485	1.532089	1.312000	0.220089	8.868303	-1.285575	-0.917000	-0.368575	9.399869	3587.277144
749706407545.000000 0.008700 4.595645	2.000000	1.600698	0.399302	12.677451	1.532089	1.312000	0.220089	8.877104	-1.285575	-0.917000	-0.368575	9.414606	3587.277144
749706421894.000000 0.006906 4.602548	2.000000	1.660610	0.339390	12.688239	1.532089	1.355000	0.177089	8.882732	-1.285575	-0.960000	-0.325575	9.424955	1803.350772
749706437378.000000 0.007453 4.610000	2.000000	1.660610	0.339390	12.699899	1.532089	1.355000	0.177089	8.888817	-1.285575	-0.960000	-0.325575	9.436140	1803.350772
749706454907.000000 0.008436 4.618434	2.000000	1.660610	0.339390	12.713123	1.532089	1.355000	0.177089	8.895716	-1.285575	-0.960000	-0.325575	9.448825	1803.350772
749706470484.000000 0.007497 4.625930	2.000000	1.660610	0.339390	12.724894	1.532089	1.355000	0.177089	8.901858	-1.285575	-0.960000	-0.325575	9.460117	1803.350772
749706483773.000000 0.006396 4.632325	2.000000	1.660610	0.339390	12.734950	1.532089	1.355000	0.177089	8.907106	-1.285575	-0.960000	-0.325575	9.469764	1803.350772
749706498001.000000 0.006848 4.639171	2.000000	1.660610	0.339390	12.745733	1.532089	1.355000	0.177089	8.912732	-1.285575	-0.960000	-0.325575	9.480108	1803.350772
749706514788.000000 0.008080 4.647249	2.000000	1.660610	0.339390	12.758476	1.532089	1.355000	0.177089	8.919381	-1.285575	-0.960000	-0.325575	9.492333	1803.350772
749706530517.000000 0.007571 4.654817	2.000000	1.660610	0.339390	12.770436	1.532089	1.355000	0.177089	8.925622	-1.285575	-0.960000	-0.325575	9.503806	1803.350772
749706543990.000000 0.006485 4.661301	2.000000	1.660610	0.339390	12.780695	1.532089	1.355000	0.177089	8.930975	-1.285575	-0.960000	-0.325575	9.513648	1803.350772
749706558467.000000 0.006968 4.668266	2.000000	1.660610	0.339390	12.791735	1.532089	1.355000	0.177089	8.936735	-1.285575	-0.960000	-0.325575	9.524238	1803.350772
749706573591.000000 0.007279 4.675544	2.000000	1.660610	0.339390	12.803286	1.532089	1.355000	0.177089	8.942762	-1.285575	-0.960000	-0.325575	9.535319	1803.350772
749706586990.000000 0.006449 4.681992	2.000000	1.660610	0.339390	12.813534	1.532089	1.355000	0.177089	8.948110	-1.285575	-0.960000	-0.325575	9.545150	1803.350772
749706601596.000000 0.007030 4.689020	2.000000	1.660610	0.339390	12.824722	1.532089	1.355000	0.177089	8.953947	-1.285575	-0.960000	-0.325575	9.555882	1803.350772
749706618521.000000 0.008147 4.697165	2.000000	1.720585	0.279415	12.835414	1.532089	1.398000	0.134089	8.959078	-1.285575	-1.003000	-0.282575	9.566695	1803.350772
749706638281.000000 0.009510 4.706673	2.000000	1.720585	0.279415	12.847921	1.532089	1.398000	0.134089	8.965081	-1.285575	-1.003000	-0.282575	9.579344	17.546155
749706655648.000000 0.008359 4.715029	2.000000	1.720585	0.279415	12.858934	1.532089	1.398000	0.134089	8.970365	-1.285575	-1.003000	-0.282575	9.590481	17.546155
749706668611.000000 0.006240 4.721267	2.000000	1.720585	0.279415	12.867165	1.532089	1.398000	0.134089	8.974315	-1.285575	-1.003000	-0.282575	9.598805	17.546155
749706683061.000000 0.006955 4.728220	2.000000	1.720585	0.279415	12.876354	1.532089	1.398000	0.134089	8.978725	-1.285575	-1.003000	-0.282575	9.608098	17.546155
749706697530.000000 0.006964 4.735182	2.000000	1.720585	0.279415	12.885568	1.532089	1.398000	0.134089	8.983147	-1.285575	-1.003000	-0.282575	9.617416	17.546155
749706711680.000000 0.006810 4.741991	2.000000	1.720585	0.279415	12.894591	1.532089	1.398000	0.134089	8.987477	-1.285575	-1.003000	-0.282575	9.626542	17.546155
749706726656.000000 0.007209 4.749199	2.000000	1.720585	0.279415	12.904158	1.532089	1.398000	0.134089	8.992068	-1.285575	-1.003000	-0.282575	9.636217	17.546155
749706742741.000000 0.007741 4.756937	2.000000	1.720585	0.279415	12.914448	1.532089	1.398000	0.134089	8.997006	-1.285575	-1.003000	-0.282575	9.646623	17.546155
749706759285.000000 0.007962 4.764898	2.000000	1.720585	0.279415	12.925049	1.532089	1.398000	0.134089	9.002093	-1.285575	-1.003000	-0.282575	9.657343	17.546155
749706773049.000000 0.006625 4.771522	2.000000	1.720585	0.279415	12.933881	1.532089	1.398000	0.134089	9.006332	-1.285575	-1.003000	-0.282575	9.666276	17.546155
749706788162.000000 0.007274 4.778794	2.000000	1.720585	0.279415	12.943594	1.532089	1.398000	0.134089	9.010993	-1.285575	-1.003000	-0.282575	9.676098	17.546155
749706802091.000000 0.006704 4.785497	2.000000	1.720585	0.279415	12.952558	1.532089	1.398000	0.134089	9.015295	-1.285575	-1.003000	-0.282575	9.685164	17.546155
749706816894.000000 0.007125 4.792620	2.000000	1.720585	0.279415	12.962100	1.532089	1.398000	0.134089	9.019874	-1.285575	-1.003000	-0.282575	9.694814	17.546155
749706830015.000000 0.006315 4.798933	2.000000	1.779220	0.220780	12.968791	1.532089	1.440000	0.092089	9.022665	-1.285575	-1.045000	-0.240575	9.702104	17.546155
749706843922.000000 0.006693 4.805625	2.000000	1.779220	0.220780	12.975892	1.532089	1.440000	0.092089	9.025627	-1.285575	-1.045000	-0.240575	9.709843	-1728.359413
749706860710.000000 0.008080 4.813704	2.000000	1.779220	0.220780	12.984480	1.532089	1.440000	0.092089	9.029209	-1.285575	-1.045000	-0.240575	9.719200	-1728.359413
749706874485.000000 0.006630 4.820332	2.000000	1.779220	0.220780	12.991535	1.532089	1.440000	0.092089	9.032152	-1.285575	-1.045000	-0.240575	9.726888	-1728.359413
749706887796.000000 0.006407 4.826737	2.000000	1.779220	0.220780	12.998362	1.532089	1.440000	0.092089	9.034999	-1.285575	-1.045000	-0.240575	9.734328	-1728.359413
749706902909.000000 0.007275 4.834010	2.000000	1.779220	0.220780	13.006126	1.532089	1.440000	0.092089	9.038238	-1.285575	-1.045000	-0.240575	9.742788	-1728.359413
749706919651.000000 0.008058 4.842066	2.000000	1.779220	0.220780	13.014741	1.532089	1.440000	0.092089	9.041831	-1.285575	-1.045000	-0.240575	9.752174	-1728.359413
749706935378.000000 0.007570 4.849634	2.000000	1.779220	0.220780	13.022845	1.532089	1.440000	0.092089	9.045211	-1.285575	-1.045000	-0.240575	9.761006	-1728.359413
749706951434.000000 0.007727 4.857359	2.000000	1.779220	0.220780	13.031132	1.532089	1.440000	0.092089	9.048668	-1.285575	-1.045000	-0.240575	9.770036	-1728.359413
749706969864.000000 0.008871 4.866229	2.000000	1.779220	0.220780	13.040663	1.532089	1.440000	0.092089	9.052643	-1.285575	-1.045000	-0.240575	9.780421	-1728.359413
749706988905.000000 0.009165 4.875391	2.000000	1.779220	0.220780	13.050528	1.532089	1.440000	0.092089	9.056758	-1.285575	-1.045000	-0.240575	9.791170	-1728.359413
749707006160.000000 0.008304 4.883693	2.000000	1.779220	0.220780	13.059482	1.532089	1.440000	0.092089	9.060493	-1.285575	-1.045000	-0.240575	9.800927	-1728.359413
749707020267.000000 0.006790 4.890481	2.000000	1.779220	0.220780	13.066813	1.532089	1.440000	0.092089	9.063550	-1.285575	-1.045000	-0.240575	9.808916	-1728.359413
749707036209.000000 0.007673 4.898152	2.000000	1.839302	0.160698	13.072853	1.532089	1.483000	0.049089	9.065395	-1.285575	-1.088000	-0.197575	9.816341	-1728.359413
749707052175.000000 0.007685 4.905836	2.000000	1.839302	0.160698	13.078911	1.532089	1.483000	0.049089	9.067246	-1.285575	-1.088000	-0.197575	9.823790	-3517.342030
749707068923.000000 0.008061 4.913895	2.000000	1.839302	0.160698	13.085277	1.532089	1.483000	0.049089	9.069191	-1.285575	-1.088000	-0.197575	9.831617	-3517.342030
749707085665.000000 0.008058 4.921950	2.000000	1.839302	0.160698	13.091650	1.532089	1.483000	0.049089	9.071138	-1.285575	-1.088000	-0.197575	9.839453	-3517.342030
749707101408.000000 0.007577 4.929526	2.000000	1.839302	0.160698	13.097653	1.532089	1.483000	0.049089	9.072971	-1.285575	-1.088000	-0.197575	9.846833	-3517.342030
749707116734.000000 0.007377 4.936900	2.000000	1.839302	0.160698	13.103505	1.532089	1.483000	0.049089	9.074759	-1.285575	-1.088000	-0.197575	9.854028	-3517.342030
749707133408.000000 0.008025 4.944924	2.000000	1.839302	0.160698	13.109882	1.532089	1.483000	0.049089	9.076707	-1.285575	-1.088000	-0.197575	9.861869	-3517.342030
749707146795.000000 0.006443 4.951365	2.000000	1.839302	0.160698	13.115009	1.532089	1.483000	0.049089	9.078273	-1.285575	-1.088000	-0.197575	9.868172	-3517.342030
749707159673.000000 0.006198 4.957562	2.000000	1.839302	0.160698	13.119947	1.532089	1.483000	0.049089	9.079782	-1.285575	-1.088000	-0.197575	9.874243	-3517.342030
749707172844.000000 0.006340 4.963900	2.000000	1.839302	0.160698	13.125004	1.532089	1.483000	0.049089	9.081326	-1.285575	-1.088000	-0.197575	9.880461	-3517.342030
749707188341.000000 0.007459 4.971357	2.000000	1.839302	0.160698	13.130963	1.532089	1.483000	0.049089	9.083147	-1.285575	-1.088000	-0.197575	9.887787	-3517.342030
749707203986.000000 0.007530 4.978885	2.000000	1.839302	0.160698	13.136987	1.532089	1.483000	0.049089	9.084987	-1.285575	-1.088000	-0.197575	9.895194	-3517.342030
749707218869.000000 0.007164 4.986047	2.000000	1.839302	0.160698	13.142728	1.532089	1.483000	0.049089	9.086740	-1.285575	-1.088000	-0.197575	9.902251	-3517.342030
749707235432.000000 0.007972 4.994018	2.000000	1.839302	0.160698	13.149126	1.532089	1.483000	0.049089	9.088695	-1.285575	-1.088000	-0.197575	9.910118	-3517.342030
749707252639.000000 0.008281 5.002296	2.000000	1.899431	0.100569	13.153292	1.532089	1.526000	0.006089	9.088947	-1.285575	-1.131000	-0.154575	9.916521	-5307.706605
749707270979.000000 0.008827 5.011124	2.000000	1.899431	0.100569	13.157740	1.532089	1.526000	0.006089	9.089216	-1.285575	-1.131000	-0.154575	9.923359	-5307.706605
749707287437.000000 0.007921 5.019041	2.000000	1.899431	0.100569	13.161739	1.532089	1.526000	0.006089	9.089458	-1.285575	-1.131000	-0.154575	9.929504	-5307.706605
749707301070.000000 0.006562 5.025601	2.000000	1.899431	0.100569	13.165055	1.532089	1.526000	0.006089	9.089659	-1.285575	-1.131000	-0.154575	9.934602	-5307.706605
749707315146.000000 0.006775 5.032375	2.000000	1.899431	0.100569	13.168484	1.532089	1.526000	0.006089	9.089867	-1.285575	-1.131000	-0.154575	9.939872	-5307.706605
749707331508.000000 0.007875 5.040249	2.000000	1.899431	0.100569	13.172476	1.532089	1.526000	0.006089	9.090109	-1.285575	-1.131000	-0.154575	9.946007	-5307.706605
749707347332.000000 0.007616 5.047862	2.000000	1.899431	0.100569	13.176342	1.532089	1.526000	0.006089	9.090343	-1.285575	-1.131000	-0.154575	9.951950	-5307.706605
749707361088.000000 0.006622 5.054482	2.000000	1.899431	0.100569	13.179708	1.532089	1.526000	0.006089	9.090546	-1.285575	-1.131000	-0.154575	9.957123	-5307.706605
749707377194.000000 0.007752 5.062232	2.000000	1.899431	0.100569	13.183655	1.532089	1.526000	0.006089	9.090785	-1.285575	-1.131000	-0.154575	9.963189	-5307.706605
749707391701.000000 0.006983 5.069213	2.000000	1.899431	0.100569	13.187215	1.532089	1.526000	0.006089	9.091001	-1.285575	-1.131000	-0.154575	9.968661	-5307.706605
749707406331.000000 0.007042 5.076253	2.000000	1.899431	0.100569	13.190810	1.532089	1.526000	0.006089	9.091219	-1.285575	-1.131000	-0.154575	9.974187	-5307.706605
749707421223.000000 0.007168 5.083419	2.000000	1.899431	0.100569	13.194475	1.532089	1.526000	0.006089	9.091440	-1.285575	-1.131000	-0.154575	9.979819	-5307.706605
749707436660.000000 0.007430 5.090846	2.000000	1.899431	0.100569	13.198279	1.532089	1.526000	0.006089	9.091671	-1.285575	-1.131000	-0.154575	9.985666	-5307.706605
749707452425.000000 0.007587 5.098432	2.000000	1.958801	0.041199	13.199872	1.532089	1.568000	-0.035911	9.093060	-1.285575	-1.174000	-0.111575	9.989982	-5307.706605
