925817171139.000000 0.000003 0.000005 0.009754 -0.000006 0.000000 -40.000000 -0.000006 -40.000000 0.000000 -1722589.203534
925817213305.000000 0.020292 0.020297 0.025107 -0.022840 0.000000 -40.000000 -0.022840 -40.000000 0.000009 -21127.470577
925817237455.000000 0.011623 0.031917 0.038200 -0.058747 0.000000 -40.000000 -0.058747 -40.000000 0.000031 -23380.642769
925817266660.000000 0.014055 0.045971 0.053062 -0.110465 0.000000 -40.000000 -0.110465 -40.000000 0.000103 -24785.231230
925817308304.000000 0.020041 0.066010 0.070881 -0.184727 0.000000 -40.000000 -0.184727 -40.000000 0.000347 -26845.968607
925817339781.000000 0.015149 0.081157 0.089702 -0.276028 0.000000 -40.000000 -0.276028 -40.000000 0.000686 -30678.755107
925817372950.000000 0.015963 0.097118 0.102129 -0.385285 0.000000 -40.000000 -0.385285 -40.000000 0.001284 -33888.644959
925817396044.000000 0.011115 0.108230 0.112950 -0.507044 0.000000 -40.000000 -0.507044 -40.000000 0.001894 -39638.839716
925817419314.000000 0.011199 0.119427 0.124361 -0.641399 0.000000 -40.000000 -0.641399 -40.000000 0.002751 -43238.733432
925817442906.000000 0.011354 0.130779 0.135730 -0.788525 0.000000 -40.000000 -0.788525 -40.000000 0.003922 -47818.584295
925817465530.000000 0.010888 0.141665 0.158033 -0.947898 0.000000 -40.000000 -0.947898 -40.000000 0.005384 -53195.344166
925817512525.000000 0.022616 0.164279 0.169186 -1.132711 0.000000 -40.000000 -1.132711 -40.000000 0.009593 -55183.375509
925817534284.000000 0.010472 0.174749 0.180363 -1.329304 0.000000 -40.000000 -1.329304 -40.000000 0.012025 -67751.014724
925817557457.000000 0.011153 0.185900 0.190298 -1.538442 0.000000 -40.000000 -1.538442 -40.000000 0.015215 -71378.409679
925817577899.000000 0.009839 0.195737 0.200328 -1.758645 0.000000 -40.000000 -1.758645 -40.000000 0.018602 -79928.365805
925817598495.000000 0.009913 0.205647 0.211055 -1.989998 0.000000 -40.000000 -1.989998 -40.000000 0.022659 -86315.145594
925817620855.000000 0.010761 0.216407 0.222013 -2.233456 0.000000 -40.000000 -2.233456 -40.000000 0.027860 -92714.717013
925817647488.000000 0.012818 0.229222 0.233187 -2.491331 0.000000 -40.000000 -2.491331 -40.000000 0.035180 -82375.326891
925817673099.000000 0.012326 0.241547 0.249389 -2.763071 0.000000 -40.000000 -2.763071 -40.000000 0.043406 -86286.357122
925817703738.000000 0.014745 0.256290 0.261118 -3.051397 0.000000 -40.000000 -3.051397 -40.000000 0.054938 -87250.135266
925817727780.000000 0.011571 0.267858 0.272574 -3.352737 0.000000 -40.000000 -3.352737 -40.000000 0.065329 -87993.176635
925817750560.000000 0.010964 0.278820 0.284061 -3.666409 0.000000 -40.000000 -3.666409 -40.000000 0.076537 -88766.626832
925817773536.000000 0.011058 0.289875 0.294122 -3.992519 0.000000 -40.000000 -3.992519 -40.000000 0.089334 -89570.744812
925817795565.000000 0.010603 0.300476 0.306053 -4.330554 0.000000 -40.000000 -4.330554 -40.000000 0.103131 -90404.269160
925817826982.000000 0.015120 0.315594 0.321434 -4.685598 0.000000 -40.000000 -4.685598 -40.000000 0.125489 -91279.731286
925817851440.000000 0.011771 0.327362 0.333225 -5.053880 0.000000 -40.000000 -5.053880 -40.000000 0.144964 -92187.838083
925817880053.000000 0.013771 0.341131 0.344200 -5.437653 0.000000 -40.000000 -5.437653 -40.000000 0.170508 -93134.141122
925817894684.000000 0.007042 0.348172 0.351278 -5.829346 0.000000 -40.000000 -5.829346 -40.000000 0.184801 -94099.974100
925817908102.000000 0.006459 0.354628 0.357778 -6.228302 0.000000 -40.000000 -6.228302 -40.000000 0.199066 -95083.716531
925817922711.000000 0.007031 0.361657 0.364644 -6.635166 0.000000 -40.000000 -6.635166 -40.000000 0.215938 -96086.956864
925817935939.000000 0.006367 0.368021 0.371111 -7.049190 0.000000 -40.000000 -7.049190 -40.000000 0.232455 -97107.853031
925817949824.000000 0.006683 0.374703 0.377673 -7.470731 0.000000 -40.000000 -7.470731 -40.000000 0.251164 -98147.284687
925817963170.000000 0.006423 0.381125 0.384138 -7.899497 0.000000 -40.000000 -7.899497 -40.000000 0.270503 -99204.531022
925817976341.000000 0.006340 0.387463 0.390380 -8.335393 0.000000 -40.000000 -8.335393 -40.000000 0.290978 -100279.359775
925817990016.000000 0.006582 0.394044 0.397683 -8.789672 -0.966809 -40.036857 -7.822863 -39.033191 0.311268 -97333.688272
925818005965.000000 0.007676 0.401718 0.404740 -9.252799 -0.966809 -40.036857 -8.285990 -39.033191 0.336818 -98475.661871
925818020485.000000 0.006989 0.408705 0.412197 -9.723981 -0.966809 -40.036857 -8.757172 -39.033191 0.361834 -99637.497307
925818036254.000000 0.007590 0.416294 0.420172 -10.203912 -0.966809 -40.036857 -9.237103 -39.033191 0.391019 -100820.905818
925818054608.000000 0.008834 0.425125 0.428928 -10.694023 -0.966809 -40.036857 -9.727214 -39.033191 0.427549 -102029.417941
925818072474.000000 0.008599 0.433723 0.437792 -11.194047 -0.966809 -40.036857 -10.227238 -39.033191 0.465694 -103262.371615
925818090385.000000 0.008621 0.442341 0.446978 -11.704007 -0.966809 -40.036857 -10.737198 -39.033191 0.506638 -104519.824291
925818110005.000000 0.009444 0.451783 0.455774 -12.224851 -0.966809 -40.036857 -11.258042 -39.033191 0.554671 -105804.117807
925818129210.000000 0.009244 0.461024 0.464900 -12.756349 -0.966809 -40.036857 -11.789540 -39.033191 0.604915 -107114.680380
925818149036.000000 0.009543 0.470566 0.475582 -13.298849 -0.966809 -40.036857 -12.332040 -39.033191 0.660297 -108452.369683
925818169642.000000 0.009918 0.480480 0.484466 -13.852777 -0.966809 -40.036857 -12.885968 -39.033191 0.721705 -109818.240362
925818187859.000000 0.008768 0.489245 0.493304 -14.416810 -0.966809 -40.036857 -13.450001 -39.033191 0.779404 -111209.027252
925818209296.000000 0.010318 0.499560 0.504947 -15.024192 -2.988319 -40.147769 -12.035873 -37.011681 0.841441 -105717.053991
925818231850.000000 0.010856 0.510413 0.514364 -15.644769 -2.988319 -40.147769 -12.656450 -37.011681 0.911568 -107247.266261
925818249760.000000 0.008621 0.519031 0.523002 -16.275823 -2.988319 -40.147769 -13.287505 -37.011681 0.971021 -108803.314181
925818271505.000000 0.010465 0.529494 0.533966 -16.919600 -2.988319 -40.147769 -13.931281 -37.011681 1.048220 -110390.731593
925818293162.000000 0.010423 0.539916 0.545338 -17.576047 -2.988319 -40.147769 -14.587729 -37.011681 1.130314 -112009.392988
925818316130.000000 0.011054 0.550968 0.556239 -18.245932 -2.988319 -40.147769 -15.257613 -37.011681 1.223242 -113661.188182
925818339726.000000 0.011357 0.562323 0.568015 -18.929622 -2.988319 -40.147769 -15.941304 -37.011681 1.325049 -115347.024575
925818362097.000000 0.010767 0.573087 0.578475 -19.626399 -2.988319 -40.147769 -16.638081 -37.011681 1.427710 -117065.130646
925818385143.000000 0.011091 0.584176 0.589573 -20.336660 -2.988319 -40.147769 -17.348341 -37.011681 1.540116 -118816.483040
925818408353.000000 0.011170 0.595345 0.601052 -21.100399 -4.921937 -40.296446 -16.178463 -35.078063 1.647707 -114068.057927
925818430481.000000 0.010650 0.605992 0.611506 -21.877798 -4.921937 -40.296446 -16.955862 -35.078063 1.757139 -115984.960864
925818453254.000000 0.010961 0.616952 0.621660 -22.669256 -4.921937 -40.296446 -17.747320 -35.078063 1.877154 -117936.530272
925818474980.000000 0.010457 0.627405 0.632303 -23.474125 -4.921937 -40.296446 -18.552189 -35.078063 1.998869 -119921.167918
925818496841.000000 0.010522 0.637925 0.642755 -24.292489 -4.921937 -40.296446 -19.370553 -35.078063 2.128885 -121939.080811
925818519370.000000 0.010843 0.648766 0.653663 -25.124760 -4.921937 -40.296446 -20.202823 -35.078063 2.271006 -123991.285732
925818542174.000000 0.010976 0.659739 0.666227 -25.971108 -4.921937 -40.296446 -21.049171 -35.078063 2.423422 -126078.201267
925818569700.000000 0.013247 0.672985 0.678210 -26.834448 -4.921937 -40.296446 -21.912512 -35.078063 2.618776 -128207.017950
925818593132.000000 0.011278 0.684260 0.689663 -27.712253 -4.921937 -40.296446 -22.790316 -35.078063 2.794653 -130371.499622
925818618326.000000 0.012125 0.696382 0.702003 -28.605609 -8.964956 -40.296446 -19.640653 -35.078063 2.960493 -132574.326750
925818641486.000000 0.011146 0.707527 0.712756 -29.631504 -8.964956 -40.480357 -20.666549 -31.035044 3.123476 -122778.638463
925818665119.000000 0.011743 0.719269 0.723779 -30.674425 -8.964956 -40.480357 -21.709469 -31.035044 3.306842 -125350.262193
925818687758.000000 0.010896 0.729792 0.734965 -31.732605 -8.964956 -40.480357 -22.767649 -31.035044 3.487889 -127959.511510
925818709105.000000 0.010274 0.740064 0.744013 -32.805679 -8.964956 -40.480357 -23.840723 -31.035044 3.669167 -130605.486634
925818727155.000000 0.008688 0.748750 0.752561 -33.891347 -8.964956 -40.480357 -24.926391 -31.035044 3.831315 -133282.515341
925818744632.000000 0.008413 0.757161 0.761126 -34.989210 -8.964956 -40.480357 -26.024255 -31.035044 3.997083 -135989.615271
925818762510.000000 0.008605 0.765763 0.769834 -36.099546 -8.964956 -40.480357 -27.134590 -31.035044 4.175876 -138727.469430
925818781271.000000 0.009030 0.774790 0.778967 -37.222971 -8.964956 -40.480357 -28.258015 -31.035044 4.373570 -141497.598671
925818799743.000000 0.008891 0.783679 0.787656 -38.359284 -8.964956 -40.480357 -29.394328 -31.035044 4.578380 -144299.509231
925818817587.000000 0.008589 0.792266 0.797675 -39.508049 -12.920083 -40.480357 -26.587965 -31.035044 4.759311 -147132.120688
925818840262.000000 0.010913 0.803177 0.806835 -40.000000 -12.920083 -40.678712 -27.079917 -27.079917 4.996677 -136545.407794
925818856298.000000 0.007719 0.810892 0.814432 -40.000000 -12.920083 -40.678712 -27.079917 -27.079917 5.166174 -136545.407794
925818871913.000000 0.007516 0.818406 0.821993 -40.000000 -12.920083 -40.678712 -27.079917 -27.079917 5.332740 -136545.407794
925818888086.000000 0.007785 0.826189 0.829993 -40.000000 -12.920083 -40.678712 -27.079917 -27.079917 5.506920 -136545.407794
925818905921.000000 0.008584 0.834770 0.839172 -40.000000 -12.920083 -40.678712 -27.079917 -27.079917 5.700965 -136545.407794
925818923937.000000 0.008671 0.843439 0.848018 -40.000000 -12.920083 -40.678712 -27.079917 -27.079917 5.899015 -136545.407794
925818942897.000000 0.009125 0.852562 0.856163 -40.000000 -12.920083 -40.678712 -27.079917 -27.079917 6.109694 -136545.407794
925818959780.000000 0.008126 0.860688 0.864439 -40.000000 -12.920083 -40.678712 -27.079917 -27.079917 6.299098 -136545.407794
925818976820.000000 0.008202 0.868887 0.872787 -40.000000 -12.920083 -40.678712 -27.079917 -27.079917 6.492084 -136545.407794
925818995134.000000 0.008815 0.877698 0.881188 -40.000000 -12.920083 -40.678712 -27.079917 -27.079917 6.701598 -136545.407794
925819011473.000000 0.007865 0.885562 0.889568 -40.000000 -12.920083 -40.678712 -27.079917 -27.079917 6.890210 -136545.407794
925819028668.000000 0.008277 0.893837 0.899275 -40.000000 -16.963103 -40.937271 -23.036897 -23.036897 7.060643 -126050.787142
925819051363.000000 0.010923 0.904755 0.910201 -40.000000 -16.963103 -40.937271 -23.036897 -23.036897 7.288299 -126050.787142
925819072755.000000 0.010296 0.915049 0.918821 -40.000000 -16.963103 -40.937271 -23.036897 -23.036897 7.505329 -126050.787142
925819090663.000000 0.008619 0.923667 0.927823 -40.000000 -16.963103 -40.937271 -23.036897 -23.036897 7.688730 -126050.787142
925819109762.000000 0.009192 0.932857 0.937117 -40.000000 -16.963103 -40.937271 -23.036897 -23.036897 7.886272 -126050.787142
925819129265.000000 0.009388 0.942243 0.946225 -40.000000 -16.963103 -40.937271 -23.036897 -23.036897 8.090052 -126050.787142
925819148508.000000 0.009262 0.951501 0.955601 -40.000000 -16.963103 -40.937271 -23.036897 -23.036897 8.293071 -126050.787142
925819167410.000000 0.009097 0.960597 0.964629 -40.000000 -16.963103 -40.937271 -23.036897 -23.036897 8.494390 -126050.787142
925819184706.000000 0.008325 0.968919 0.972893 -40.000000 -16.963103 -40.937271 -23.036897 -23.036897 8.680203 -126050.787142
925819202331.000000 0.008483 0.977401 0.981043 -40.000000 -16.963103 -40.937271 -23.036897 -23.036897 8.871218 -126050.787142
925819218947.000000 0.007997 0.985395 0.989091 -40.000000 -16.963103 -40.937271 -23.036897 -23.036897 9.052762 -126050.787142
925819237248.000000 0.008810 0.994204 0.999783 -40.000000 -20.918230 -41.169126 -19.081770 -19.081770 9.219892 -115666.118232
925819260190.000000 0.011042 1.005241 1.009185 -40.000000 -20.918230 -41.169126 -19.081770 -19.081770 9.431695 -115666.118232
925819278357.000000 0.008745 1.013984 1.018989 -40.000000 -20.918230 -41.169126 -19.081770 -19.081770 9.600893 -115666.118232
925819299494.000000 0.010174 1.024155 1.028451 -40.000000 -20.918230 -41.169126 -19.081770 -19.081770 9.799718 -115666.118232
925819318706.000000 0.009247 1.033400 1.037429 -40.000000 -20.918230 -41.169126 -19.081770 -19.081770 9.982061 -115666.118232
925819336685.000000 0.008654 1.042050 1.046986 -40.000000 -20.918230 -41.169126 -19.081770 -19.081770 10.154134 -115666.118232
925819355745.000000 0.009174 1.051222 1.055533 -40.000000 -20.918230 -41.169126 -19.081770 -19.081770 10.338155 -115666.118232
925819378404.000000 0.010906 1.062126 1.066601 -40.000000 -20.918230 -41.169126 -19.081770 -19.081770 10.559184 -115666.118232
925819395962.000000 0.008451 1.070574 1.074466 -40.000000 -20.918230 -41.169126 -19.081770 -19.081770 10.731819 -115666.118232
925819413116.000000 0.008257 1.078830 1.082651 -40.000000 -20.918230 -41.169126 -19.081770 -19.081770 10.901803 -115666.118232
925819430571.000000 0.008401 1.087228 1.091404 -40.000000 -20.918230 -41.169126 -19.081770 -19.081770 11.076094 -115666.118232
925819448974.000000 0.008857 1.096083 1.102020 -40.000000 -25.928059 -41.422932 -14.071941 -14.071941 11.212710 -102612.320619
925819472504.000000 0.011324 1.107405 1.111253 -40.000000 -25.928059 -41.422932 -14.071941 -14.071941 11.389181 -102612.320619
925819489259.000000 0.008065 1.115468 1.119033 -40.000000 -25.928059 -41.422932 -14.071941 -14.071941 11.515772 -102612.320619
925819507599.000000 0.008827 1.124292 1.128398 -40.000000 -25.928059 -41.422932 -14.071941 -14.071941 11.655424 -102612.320619
925819525533.000000 0.008632 1.132922 1.136885 -40.000000 -25.928059 -41.422932 -14.071941 -14.071941 11.793040 -102612.320619
925819542670.000000 0.008248 1.141168 1.145026 -40.000000 -25.928059 -41.422932 -14.071941 -14.071941 11.925492 -102612.320619
925819559561.000000 0.008130 1.149297 1.152817 -40.000000 -25.928059 -41.422932 -14.071941 -14.071941 12.056973 -102612.320619
925819576824.000000 0.008309 1.157603 1.161773 -40.000000 -25.928059 -41.422932 -14.071941 -14.071941 12.192328 -102612.320619
925819594916.000000 0.008708 1.166309 1.170024 -40.000000 -25.928059 -41.422932 -14.071941 -14.071941 12.335248 -102612.320619
925819615682.000000 0.009995 1.176302 1.181182 -40.000000 -25.928059 -41.422932 -14.071941 -14.071941 12.500691 -102612.320619
925819635344.000000 0.009464 1.185764 1.189568 -40.000000 -25.928059 -41.422932 -14.071941 -14.071941 12.658608 -102612.320619
925819652836.000000 0.008419 1.194180 1.199484 -40.000000 -29.971078 -41.632190 -10.028922 -10.028922 12.759442 -91850.933789
925819675046.000000 0.010690 1.204867 1.208787 -40.000000 -29.971078 -41.632190 -10.028922 -10.028922 12.888611 -91850.933789
925819693752.000000 0.009004 1.213869 1.217786 -40.000000 -29.971078 -41.632190 -10.028922 -10.028922 12.998225 -91850.933789
925819711318.000000 0.008456 1.222321 1.226475 -40.000000 -29.971078 -41.632190 -10.028922 -10.028922 13.101877 -91850.933789
925819730533.000000 0.009249 1.231567 1.236946 -40.000000 -29.971078 -41.632190 -10.028922 -10.028922 13.216108 -91850.933789
925819751478.000000 0.010081 1.241645 1.245238 -40.000000 -29.971078 -41.632190 -10.028922 -10.028922 13.341640 -91850.933789
925819768632.000000 0.008257 1.249901 1.254728 -40.000000 -29.971078 -41.632190 -10.028922 -10.028922 13.445140 -91850.933789
925819787775.000000 0.009213 1.259111 1.263051 -40.000000 -29.971078 -41.632190 -10.028922 -10.028922 13.561482 -91850.933789
925819804713.000000 0.008152 1.267261 1.270989 -40.000000 -29.971078 -41.632190 -10.028922 -10.028922 13.665093 -91850.933789
925819821419.000000 0.008041 1.275300 1.278929 -40.000000 -29.971078 -41.632190 -10.028922 -10.028922 13.767932 -91850.933789
925819837698.000000 0.007836 1.283134 1.286780 -40.000000 -29.971078 -41.632190 -10.028922 -10.028922 13.868766 -91850.933789
925819855512.000000 0.008575 1.291707 1.296112 -40.000000 -33.926206 -41.632190 -6.073794 -10.028922 13.936041 -91850.933789
925819877478.000000 0.010572 1.302276 1.306703 -40.000000 -33.926206 -41.821887 -6.073794 -6.073794 14.019661 -81455.753290
925819896958.000000 0.009376 1.311649 1.315364 -40.000000 -33.926206 -41.821887 -6.073794 -6.073794 14.094357 -81455.753290
925819914224.000000 0.008310 1.319957 1.323334 -40.000000 -33.926206 -41.821887 -6.073794 -6.073794 14.160981 -81455.753290
925819930236.000000 0.007707 1.327662 1.331030 -40.000000 -33.926206 -41.821887 -6.073794 -6.073794 14.223128 -81455.753290
925819946025.000000 0.007600 1.335259 1.338700 -40.000000 -33.926206 -41.821887 -6.073794 -6.073794 14.284764 -81455.753290
925819961044.000000 0.007229 1.342486 1.345835 -40.000000 -33.926206 -41.821887 -6.073794 -6.073794 14.343709 -81455.753290
925819975425.000000 0.006922 1.349406 1.352455 -40.000000 -33.926206 -41.821887 -6.073794 -6.073794 14.400441 -81455.753290
925819988265.000000 0.006180 1.355584 1.358603 -40.000000 -33.926206 -41.821887 -6.073794 -6.073794 14.451328 -81455.753290
925820001914.000000 0.006570 1.362153 1.365118 -40.000000 -33.926206 -41.821887 -6.073794 -6.073794 14.505682 -81455.753290
925820015298.000000 0.006442 1.368592 1.371345 -40.000000 -33.926206 -41.821887 -6.073794 -6.073794 14.559229 -81455.753290
925820028062.000000 0.006144 1.374734 1.377813 -40.000000 -33.926206 -41.821887 -6.073794 -6.073794 14.610529 -81455.753290
925820041675.000000 0.006552 1.381284 1.384237 -40.000000 -33.926206 -41.821887 -6.073794 -6.073794 14.665497 -81455.753290
925820054642.000000 0.006241 1.387524 1.390526 -40.000000 -33.926206 -41.821887 -6.073794 -6.073794 14.718094 -81455.753290
925820068500.000000 0.006670 1.394193 1.399094 -40.000000 -38.936034 -41.942718 -1.063966 -1.063966 14.727989 -67942.176842
925820087828.000000 0.009303 1.403494 1.406711 -40.000000 -38.936034 -41.942718 -1.063966 -1.063966 14.741880 -67942.176842
925820101981.000000 0.006813 1.410305 1.413374 -40.000000 -38.936034 -41.942718 -1.063966 -1.063966 14.752103 -67942.176842
925820115861.000000 0.006680 1.416983 1.419976 -40.000000 -38.936034 -41.942718 -1.063966 -1.063966 14.762174 -67942.176842
925820129487.000000 0.006559 1.423540 1.426776 -40.000000 -38.936034 -41.942718 -1.063966 -1.063966 14.772108 -67942.176842
925820146309.000000 0.008097 1.431634 1.436578 -40.000000 -38.936034 -41.942718 -1.063966 -1.063966 14.784441 -67942.176842
925820166748.000000 0.009837 1.441470 1.445243 -40.000000 -38.936034 -41.942718 -1.063966 -1.063966 14.799528 -67942.176842
925820192707.000000 0.012493 1.453961 1.459298 -40.000000 -38.936034 -41.942718 -1.063966 -1.063966 14.818854 -67942.176842
925820214172.000000 0.010331 1.464290 1.468863 -40.000000 -38.936034 -41.942718 -1.063966 -1.063966 14.834949 -67942.176842
925820234259.000000 0.009668 1.473956 1.478832 -40.000000 -38.936034 -41.942718 -1.063966 -1.063966 14.850111 -67942.176842
925820257392.000000 0.011134 1.485088 1.489623 -40.000000 -38.936034 -41.942718 -1.063966 -1.063966 14.867704 -67942.176842
925820290991.000000 0.016170 1.501256 1.507830 -40.000000 -41.924353 -42.018069 1.924353 1.924353 14.914420 -61558.562900
925820320256.000000 0.014084 1.515337 1.520838 -40.000000 -41.924353 -42.018069 1.924353 1.924353 14.955491 -61558.562900
925820345911.000000 0.012347 1.527682 1.533359 -40.000000 -41.924353 -42.018069 1.924353 1.924353 14.991788 -61558.562900
925820370325.000000 0.011750 1.539430 1.544538 -40.000000 -41.924353 -42.018069 1.924353 1.924353 15.026595 -61558.562900
925820393451.000000 0.011130 1.550558 1.554999 -40.000000 -41.924353 -42.018069 1.924353 1.924353 15.059805 -61558.562900
925820414351.000000 0.010059 1.560615 1.566085 -40.000000 -41.924353 -42.018069 1.924353 1.924353 15.090015 -61558.562900
925820436966.000000 0.010885 1.571498 1.575813 -40.000000 -41.924353 -42.018069 1.924353 1.924353 15.122933 -61558.562900
925820457729.000000 0.009993 1.581487 1.586806 -40.000000 -41.924353 -42.018069 1.924353 1.924353 15.153345 -61558.562900
925820479231.000000 0.010349 1.591834 1.596388 -40.000000 -41.924353 -42.018069 1.924353 1.924353 15.185045 -61558.562900
925820503711.000000 0.011782 1.603614 1.609721 -40.000000 -43.945862 -42.021192 3.945862 3.945862 15.259597 -57468.634148
925820527923.000000 0.011653 1.615265 1.621487 -40.000000 -43.945862 -42.021192 3.945862 3.945862 15.333869 -57468.634148
925820552210.000000 0.011689 1.626951 1.631450 -40.000000 -43.945862 -42.021192 3.945862 3.945862 15.408906 -57468.634148
925820572746.000000 0.009884 1.636833 1.641895 -40.000000 -43.945862 -42.021192 3.945862 3.945862 15.472746 -57468.634148
925820593543.000000 0.010009 1.646840 1.651337 -40.000000 -43.945862 -42.021192 3.945862 3.945862 15.537788 -57468.634148
925820613353.000000 0.009534 1.656372 1.662575 -40.000000 -43.945862 -42.021192 3.945862 3.945862 15.600102 -57468.634148
925820638463.000000 0.012085 1.668455 1.673110 -40.000000 -43.945862 -42.021192 3.945862 3.945862 15.679662 -57468.634148
925820656206.000000 0.008540 1.676993 1.680551 -40.000000 -43.945862 -42.021192 3.945862 3.945862 15.736174 -57468.634148
925820671442.000000 0.007333 1.684324 1.687879 -40.000000 -43.945862 -42.021192 3.945862 3.945862 15.784912 -57468.634148
925820687205.000000 0.007587 1.691909 1.695438 -40.000000 -43.945862 -42.021192 3.945862 3.945862 15.835563 -57468.634148
925820707626.000000 0.009828 1.701736 1.706639 -40.000000 -41.924353 -41.949686 1.924353 1.924353 15.867748 -70953.354948
925820726195.000000 0.008937 1.710670 1.714100 -40.000000 -41.924353 -41.949686 1.924353 1.924353 15.897167 -70953.354948
925820741891.000000 0.007556 1.718224 1.722015 -40.000000 -41.924353 -41.949686 1.924353 1.924353 15.922150 -70953.354948
925820758368.000000 0.007931 1.726153 1.729792 -40.000000 -41.924353 -41.949686 1.924353 1.924353 15.948494 -70953.354948
925820774777.000000 0.007898 1.734049 1.737663 -40.000000 -41.924353 -41.949686 1.924353 1.924353 15.974850 -70953.354948
925820791334.000000 0.007969 1.742016 1.745377 -40.000000 -41.924353 -41.949686 1.924353 1.924353 16.001565 -70953.354948
925820806840.000000 0.007464 1.749477 1.752992 -40.000000 -41.924353 -41.949686 1.924353 1.924353 16.026694 -70953.354948
925820822392.000000 0.007485 1.756961 1.760506 -40.000000 -41.924353 -41.949686 1.924353 1.924353 16.052002 -70953.354948
925820838793.000000 0.007894 1.764852 1.768275 -40.000000 -41.924353 -41.949686 1.924353 1.924353 16.078811 -70953.354948
925820854173.000000 0.007402 1.772252 1.775610 -40.000000 -41.924353 -41.949686 1.924353 1.924353 16.104056 -70953.354948
925820871085.000000 0.008140 1.780393 1.783782 -40.000000 -41.924353 -41.949686 1.924353 1.924353 16.131946 -70953.354948
925820886364.000000 0.007354 1.787743 1.791546 -40.000000 -41.924353 -41.949686 1.924353 1.924353 16.157245 -70953.354948
925820903726.000000 0.008357 1.796098 1.801402 -40.000000 -38.936034 -41.989651 -1.063966 -1.063966 16.173215 -77205.639012
925820925448.000000 0.010455 1.806551 1.810185 -40.000000 -38.936034 -41.989651 -1.063966 -1.063966 16.193312 -77205.639012
925820942198.000000 0.008063 1.814611 1.818260 -40.000000 -38.936034 -41.989651 -1.063966 -1.063966 16.208878 -77205.639012
925820958571.000000 0.007880 1.822488 1.826136 -40.000000 -38.936034 -41.989651 -1.063966 -1.063966 16.224158 -77205.639012
925820974423.000000 0.007630 1.830117 1.833999 -40.000000 -38.936034 -41.989651 -1.063966 -1.063966 16.239015 -77205.639012
925820991526.000000 0.008232 1.838347 1.841949 -40.000000 -38.936034 -41.989651 -1.063966 -1.063966 16.255116 -77205.639012
925821008840.000000 0.008333 1.846678 1.850641 -40.000000 -38.936034 -41.989651 -1.063966 -1.063966 16.271489 -77205.639012
925821024861.000000 0.007711 1.854386 1.857980 -40.000000 -38.936034 -41.989651 -1.063966 -1.063966 16.286702 -77205.639012
925821040489.000000 0.007522 1.861907 1.865211 -40.000000 -38.936034 -41.989651 -1.063966 -1.063966 16.301603 -77205.639012
925821056709.000000 0.007807 1.869712 1.873184 -40.000000 -38.936034 -41.989651 -1.063966 -1.063966 16.317134 -77205.639012
925821073222.000000 0.007948 1.877658 1.881582 -40.000000 -38.936034 -41.989651 -1.063966 -1.063966 16.333013 -77205.639012
925821090179.000000 0.008161 1.885817 1.889997 -40.000000 -38.936034 -41.989651 -1.063966 -1.063966 16.349389 -77205.639012
925821109431.000000 0.009265 1.895080 1.900191 -40.000000 -35.947715 -41.989651 -4.052285 -1.063966 16.420541 -77205.639012
925821132149.000000 0.010934 1.906014 1.910235 -40.000000 -35.947715 -42.076718 -4.052285 -4.052285 16.504993 -84569.696489
925821149553.000000 0.008377 1.914388 1.918063 -40.000000 -35.947715 -42.076718 -4.052285 -4.052285 16.569980 -84569.696489
925821164936.000000 0.007404 1.921789 1.924952 -40.000000 -35.947715 -42.076718 -4.052285 -4.052285 16.627636 -84569.696489
925821178855.000000 0.006700 1.928487 1.931576 -40.000000 -35.947715 -42.076718 -4.052285 -4.052285 16.679992 -84569.696489
925821192848.000000 0.006735 1.935221 1.938527 -40.000000 -35.947715 -42.076718 -4.052285 -4.052285 16.732811 -84569.696489
925821207009.000000 0.006816 1.942034 1.945030 -40.000000 -35.947715 -42.076718 -4.052285 -4.052285 16.786451 -84569.696489
925821221463.000000 0.006958 1.948991 1.952458 -40.000000 -35.947715 -42.076718 -4.052285 -4.052285 16.841405 -84569.696489
925821237559.000000 0.007747 1.956735 1.960358 -40.000000 -35.947715 -42.076718 -4.052285 -4.052285 16.902834 -84569.696489
925821254196.000000 0.008008 1.964741 1.968035 -40.000000 -35.947715 -42.076718 -4.052285 -4.052285 16.966587 -84569.696489
925821269112.000000 0.007180 1.971919 1.975063 -40.000000 -35.947715 -42.076718 -4.052285 -4.052285 17.023960 -84569.696489
925821283694.000000 0.007019 1.978935 1.982219 -40.000000 -35.947715 -42.076718 -4.052285 -4.052285 17.080244 -84569.696489
925821299098.000000 0.007415 1.986348 1.989930 -40.000000 -35.947715 -42.076718 -4.052285 -4.052285 17.139927 -84569.696489
925821314817.000000 0.007566 1.993911 1.999474 -40.000000 -35.947715 -42.076718 -4.052285 -4.052285 17.201061 -84569.696489
925821339314.000000 0.011790 2.005699 2.010487 -40.000000 -33.926206 -42.267381 -6.073794 -6.073794 17.344686 -86017.533673
925821360364.000000 0.010131 2.015828 2.020456 -40.000000 -33.926206 -42.267381 -6.073794 -6.073794 17.468727 -86017.533673
925821380063.000000 0.009480 2.025306 2.029849 -40.000000 -33.926206 -42.267381 -6.073794 -6.073794 17.585349 -86017.533673
925821397370.000000 0.008329 2.033634 2.036975 -40.000000 -33.926206 -42.267381 -6.073794 -6.073794 17.688233 -86017.533673
925821412492.000000 0.007279 2.040913 2.044087 -40.000000 -33.926206 -42.267381 -6.073794 -6.073794 17.778470 -86017.533673
925821431440.000000 0.009120 2.050030 2.054602 -40.000000 -33.926206 -42.267381 -6.073794 -6.073794 17.892021 -86017.533673
925821454495.000000 0.011096 2.061123 2.065563 -40.000000 -33.926206 -42.267381 -6.073794 -6.073794 18.030928 -86017.533673
925821474122.000000 0.009446 2.070567 2.077450 -40.000000 -33.926206 -42.267381 -6.073794 -6.073794 18.149726 -86017.533673
925821499041.000000 0.011993 2.082558 2.087561 -40.000000 -33.926206 -42.267381 -6.073794 -6.073794 18.301423 -86017.533673
925821520154.000000 0.010161 2.092718 2.097301 -40.000000 -33.926206 -42.267381 -6.073794 -6.073794 18.430575 -86017.533673
925821539578.000000 0.009349 2.102065 2.106878 -40.000000 -33.926206 -42.267381 -6.073794 -6.073794 18.549939 -86017.533673
925821560085.000000 0.009870 2.111932 2.125706 -40.000000 -31.992588 -42.573144 -8.007412 -8.007412 18.716847 -86944.488852
925821600406.000000 0.019405 2.131335 2.135831 -40.000000 -31.992588 -42.573144 -8.007412 -8.007412 19.048014 -86944.488852
925821621291.000000 0.010051 2.141384 2.145753 -40.000000 -31.992588 -42.573144 -8.007412 -8.007412 19.220361 -86944.488852
925821640447.000000 0.009220 2.150602 2.156747 -40.000000 -31.992588 -42.573144 -8.007412 -8.007412 19.379130 -86944.488852
925821663686.000000 0.011184 2.161784 2.165930 -40.000000 -31.992588 -42.573144 -8.007412 -8.007412 19.572734 -86944.488852
925821682059.000000 0.008843 2.170625 2.175481 -40.000000 -31.992588 -42.573144 -8.007412 -8.007412 19.726433 -86944.488852
925821702841.000000 0.010003 2.180626 2.185717 -40.000000 -31.992588 -42.573144 -8.007412 -8.007412 19.901089 -86944.488852
925821724610.000000 0.010477 2.191101 2.228778 -40.000000 -32.959397 -42.573144 -7.040603 -8.007412 20.062721 -86944.488852
925821813107.000000 0.042586 2.233685 2.238412 -40.000000 -32.959397 -42.979726 -7.040603 -7.040603 20.732449 -79392.603738
925821832836.000000 0.009495 2.243178 2.247540 -40.000000 -32.959397 -42.979726 -7.040603 -7.040603 20.882412 -79392.603738
925821853063.000000 0.009735 2.252912 2.257865 -40.000000 -32.959397 -42.979726 -7.040603 -7.040603 21.036835 -79392.603738
925821873644.000000 0.009906 2.262815 2.267524 -40.000000 -32.959397 -42.979726 -7.040603 -7.040603 21.194650 -79392.603738
925821892504.000000 0.009077 2.271890 2.275074 -40.000000 -32.959397 -42.979726 -7.040603 -7.040603 21.339845 -79392.603738
925821905741.000000 0.006371 2.278258 2.281034 -40.000000 -32.959397 -42.979726 -7.040603 -7.040603 21.442037 -79392.603738
925821919715.000000 0.006726 2.284983 2.287994 -40.000000 -32.959397 -42.979726 -7.040603 -7.040603 21.550237 -79392.603738
925821932828.000000 0.006311 2.291292 2.294143 -40.000000 -32.959397 -42.979726 -7.040603 -7.040603 21.652051 -79392.603738
925821946522.000000 0.006591 2.297882 2.300150 -40.000000 -32.959397 -42.979726 -7.040603 -7.040603 21.758689 -79392.603738
925821956946.000000 0.005018 2.302898 2.305110 -40.000000 -32.959397 -42.979726 -7.040603 -7.040603 21.840048 -79392.603738
925821967054.000000 0.004865 2.307761 2.310053 -40.000000 -32.959397 -42.979726 -7.040603 -7.040603 21.919100 -79392.603738
925821977164.000000 0.004866 2.312626 2.315004 -40.000000 -32.959397 -42.979726 -7.040603 -7.040603 21.998334 -79392.603738
925821987582.000000 0.005015 2.317639 2.319951 -40.000000 -32.959397 -42.979726 -7.040603 -7.040603 22.080167 -79392.603738
925821998167.000000 0.005095 2.322733 2.325780 -40.000000 -33.926206 -43.388038 -6.073794 -6.073794 22.152044 -73197.239955
925822011156.000000 0.006252 2.328983 2.331125 -40.000000 -33.926206 -43.388038 -6.073794 -6.073794 22.240478 -73197.239955
925822020983.000000 0.004730 2.333711 2.335863 -40.000000 -33.926206 -43.388038 -6.073794 -6.073794 22.307525 -73197.239955
925822031802.000000 0.005208 2.338918 2.341153 -40.000000 -33.926206 -43.388038 -6.073794 -6.073794 22.381510 -73197.239955
925822041776.000000 0.004801 2.343716 2.345890 -40.000000 -33.926206 -43.388038 -6.073794 -6.073794 22.449851 -73197.239955
925822051770.000000 0.004810 2.348526 2.350939 -40.000000 -33.926206 -43.388038 -6.073794 -6.073794 22.518470 -73197.239955
925822062282.000000 0.005059 2.353584 2.355860 -40.000000 -33.926206 -43.388038 -6.073794 -6.073794 22.590793 -73197.239955
925822072423.000000 0.004881 2.358463 2.360790 -40.000000 -33.926206 -43.388038 -6.073794 -6.073794 22.660715 -73197.239955
925822082442.000000 0.004823 2.363285 2.365476 -40.000000 -33.926206 -43.388038 -6.073794 -6.073794 22.729938 -73197.239955
925822092658.000000 0.004917 2.368201 2.370377 -40.000000 -33.926206 -43.388038 -6.073794 -6.073794 22.800668 -73197.239955
925822102434.000000 0.004705 2.372904 2.375113 -40.000000 -33.926206 -43.388038 -6.073794 -6.073794 22.868481 -73197.239955
925822112620.000000 0.004903 2.377806 2.380093 -40.000000 -33.926206 -43.388038 -6.073794 -6.073794 22.939289 -73197.239955
925822122834.000000 0.004916 2.382721 2.384941 -40.000000 -33.926206 -43.388038 -6.073794 -6.073794 23.010439 -73197.239955
925822133064.000000 0.004924 2.387644 2.389922 -40.000000 -33.926206 -43.388038 -6.073794 -6.073794 23.081848 -73197.239955
925822143292.000000 0.004923 2.392565 2.394764 -40.000000 -33.926206 -43.388038 -6.073794 -6.073794 23.153390 -73197.239955
925822153457.000000 0.004893 2.397457 2.399664 -40.000000 -33.926206 -43.388038 -6.073794 -6.073794 23.224644 -73197.239955
925822163290.000000 0.004733 2.402188 2.404401 -40.000000 -33.926206 -43.388038 -6.073794 -6.073794 23.293700 -73197.239955
925822173549.000000 0.004938 2.407124 2.409222 -40.000000 -33.926206 -43.388038 -6.073794 -6.073794 23.365895 -73197.239955
925822183620.000000 0.004848 2.411971 2.414137 -40.000000 -33.926206 -43.388038 -6.073794 -6.073794 23.436911 -73197.239955
925822193602.000000 0.004805 2.416774 2.419118 -40.000000 -33.926206 -43.388038 -6.073794 -6.073794 23.507439 -73197.239955
925822204044.000000 0.005026 2.421799 2.424130 -40.000000 -36.914524 -43.388038 -3.085476 -6.073794 23.544996 -73197.239955
925822217033.000000 0.006252 2.428050 2.430388 -40.000000 -36.914524 -43.801462 -3.085476 -3.085476 23.591835 -62012.887970
925822227867.000000 0.005215 2.433263 2.435516 -40.000000 -36.914524 -43.801462 -3.085476 -3.085476 23.630989 -62012.887970
925822237986.000000 0.004871 2.438131 2.440375 -40.000000 -36.914524 -43.801462 -3.085476 -3.085476 23.667629 -62012.887970
925822247905.000000 0.004774 2.442904 2.445135 -40.000000 -36.914524 -43.801462 -3.085476 -3.085476 23.703616 -62012.887970
925822258196.000000 0.004953 2.447856 2.450040 -40.000000 -36.914524 -43.801462 -3.085476 -3.085476 23.741028 -62012.887970
925822268347.000000 0.004886 2.452740 2.455073 -40.000000 -36.914524 -43.801462 -3.085476 -3.085476 23.778005 -62012.887970
925822278923.000000 0.005091 2.457830 2.460017 -40.000000 -36.914524 -43.801462 -3.085476 -3.085476 23.816610 -62012.887970
925822289015.000000 0.004857 2.462686 2.464895 -40.000000 -36.914524 -43.801462 -3.085476 -3.085476 23.853517 -62012.887970
925822299107.000000 0.004858 2.467542 2.469754 -40.000000 -36.914524 -43.801462 -3.085476 -3.085476 23.890501 -62012.887970
925822309479.000000 0.004992 2.472533 2.474779 -40.000000 -36.914524 -43.801462 -3.085476 -3.085476 23.928587 -62012.887970
925822319742.000000 0.004940 2.477472 2.479713 -40.000000 -36.914524 -43.801462 -3.085476 -3.085476 23.966353 -62012.887970
925822329828.000000 0.004855 2.482325 2.484573 -40.000000 -36.914524 -43.801462 -3.085476 -3.085476 24.003536 -62012.887970
925822340117.000000 0.004952 2.487276 2.489502 -40.000000 -36.914524 -43.801462 -3.085476 -3.085476 24.041543 -62012.887970
925822350179.000000 0.004843 2.492117 2.494474 -40.000000 -36.914524 -43.801462 -3.085476 -3.085476 24.078784 -62012.887970
925822360557.000000 0.004995 2.497112 2.499445 -40.000000 -36.914524 -43.801462 -3.085476 -3.085476 24.117271 -62012.887970
925822370747.000000 0.004905 2.502015 2.504198 -40.000000 -36.914524 -43.801462 -3.085476 -3.085476 24.155139 -62012.887970
925822380930.000000 0.004902 2.506915 2.509109 -40.000000 -36.914524 -43.801462 -3.085476 -3.085476 24.193056 -62012.887970
925822391000.000000 0.004847 2.511761 2.513955 -40.000000 -36.914524 -43.801462 -3.085476 -3.085476 24.230620 -62012.887970
925822401121.000000 0.004872 2.516631 2.518941 -40.000000 -36.914524 -43.801462 -3.085476 -3.085476 24.268448 -62012.887970
925822411680.000000 0.005082 2.521712 2.524152 -40.000000 -37.969225 -43.801462 -2.030775 -3.085476 24.294475 -62012.887970
925822424255.000000 0.006053 2.527763 2.530191 -40.000000 -37.969225 -44.157819 -2.030775 -2.030775 24.325547 -59621.900400
925822434842.000000 0.005096 2.532857 2.535201 -40.000000 -37.969225 -44.157819 -2.030775 -2.030775 24.351758 -59621.900400
925822448219.000000 0.006439 2.539296 2.542751 -40.000000 -37.969225 -44.157819 -2.030775 -2.030775 24.384964 -59621.900400
925822465269.000000 0.008206 2.547500 2.551015 -40.000000 -37.969225 -44.157819 -2.030775 -2.030775 24.427418 -59621.900400
925822480909.000000 0.007528 2.555025 2.558402 -40.000000 -37.969225 -44.157819 -2.030775 -2.030775 24.466479 -59621.900400
925822496550.000000 0.007528 2.562551 2.566070 -40.000000 -37.969225 -44.157819 -2.030775 -2.030775 24.505656 -59621.900400
925822512346.000000 0.007603 2.570153 2.574095 -40.000000 -37.969225 -44.157819 -2.030775 -2.030775 24.545338 -59621.900400
925822529136.000000 0.008081 2.578232 2.581615 -40.000000 -37.969225 -44.157819 -2.030775 -2.030775 24.587650 -59621.900400
925822545326.000000 0.007793 2.586024 2.589785 -40.000000 -37.969225 -44.157819 -2.030775 -2.030775 24.628578 -59621.900400
925822561841.000000 0.007949 2.593969 2.597227 -40.000000 -37.969225 -44.157819 -2.030775 -2.030775 24.670450 -59621.900400
925822576630.000000 0.007118 2.601085 2.604348 -40.000000 -37.969225 -44.157819 -2.030775 -2.030775 24.708050 -59621.900400
925822591447.000000 0.007132 2.608215 2.611568 -40.000000 -37.969225 -44.157819 -2.030775 -2.030775 24.745828 -59621.900400
925822606907.000000 0.007441 2.615655 2.619089 -40.000000 -37.969225 -44.157819 -2.030775 -2.030775 24.785354 -59621.900400
925822622451.000000 0.007481 2.623133 2.628190 -40.000000 -38.936034 -44.449814 -1.063966 -1.063966 24.806233 -57480.684718
925822641641.000000 0.009236 2.632368 2.635915 -40.000000 -38.936034 -44.449814 -1.063966 -1.063966 24.832101 -57480.684718
925822657339.000000 0.007556 2.639922 2.643330 -40.000000 -38.936034 -44.449814 -1.063966 -1.063966 24.853324 -57480.684718
925822672577.000000 0.007334 2.647254 2.650761 -40.000000 -38.936034 -44.449814 -1.063966 -1.063966 24.873982 -57480.684718
925822689405.000000 0.008100 2.655352 2.658880 -40.000000 -38.936034 -44.449814 -1.063966 -1.063966 24.896866 -57480.684718
925822704914.000000 0.007465 2.662814 2.666344 -40.000000 -38.936034 -44.449814 -1.063966 -1.063966 24.918015 -57480.684718
925822720647.000000 0.007573 2.670385 2.673863 -40.000000 -38.936034 -44.449814 -1.063966 -1.063966 24.939530 -57480.684718
925822738300.000000 0.008497 2.678880 2.682489 -40.000000 -38.936034 -44.449814 -1.063966 -1.063966 24.963748 -57480.684718
925822755853.000000 0.008448 2.687326 2.690872 -40.000000 -38.936034 -44.449814 -1.063966 -1.063966 24.987903 -57480.684718
925822771565.000000 0.007562 2.694887 2.698428 -40.000000 -38.936034 -44.449814 -1.063966 -1.063966 25.009587 -57480.684718
925822787339.000000 0.007592 2.702477 2.705999 -40.000000 -38.936034 -44.449814 -1.063966 -1.063966 25.031417 -57480.684718
925822803580.000000 0.007817 2.710292 2.713798 -40.000000 -38.936034 -44.449814 -1.063966 -1.063966 25.053958 -57480.684718
925822819356.000000 0.007593 2.717883 2.721590 -40.000000 -38.936034 -44.449814 -1.063966 -1.063966 25.075916 -57480.684718
925822836908.000000 0.008448 2.726329 2.730895 -40.000000 -37.969225 -44.736644 -2.030775 -2.030775 25.122690 -60089.865184
925822856110.000000 0.009242 2.735570 2.739093 -40.000000 -37.969225 -44.736644 -2.030775 -2.030775 25.174034 -60089.865184
925822871737.000000 0.007522 2.743088 2.746758 -40.000000 -37.969225 -44.736644 -2.030775 -2.030775 25.215933 -60089.865184
925822887831.000000 0.007746 2.750833 2.754353 -40.000000 -37.969225 -44.736644 -2.030775 -2.030775 25.259206 -60089.865184
925822903517.000000 0.007550 2.758381 2.762643 -40.000000 -37.969225 -44.736644 -2.030775 -2.030775 25.301498 -60089.865184
925822921008.000000 0.008418 2.766797 2.770313 -40.000000 -37.969225 -44.736644 -2.030775 -2.030775 25.348799 -60089.865184
925822936796.000000 0.007599 2.774395 2.778074 -40.000000 -37.969225 -44.736644 -2.030775 -2.030775 25.391616 -60089.865184
925822952746.000000 0.007677 2.782070 2.785685 -40.000000 -37.969225 -44.736644 -2.030775 -2.030775 25.434992 -60089.865184
925822968811.000000 0.007733 2.789800 2.793295 -40.000000 -37.969225 -44.736644 -2.030775 -2.030775 25.478804 -60089.865184
925822984601.000000 0.007600 2.797398 2.800892 -40.000000 -37.969225 -44.736644 -2.030775 -2.030775 25.521981 -60089.865184
925823000626.000000 0.007713 2.805109 2.808861 -40.000000 -37.969225 -44.736644 -2.030775 -2.030775 25.565919 -60089.865184
925823016810.000000 0.007790 2.812897 2.816548 -40.000000 -37.969225 -44.736644 -2.030775 -2.030775 25.610415 -60089.865184
925823032840.000000 0.007715 2.820609 2.824572 -40.000000 -36.914524 -44.736644 -3.085476 -2.030775 25.677562 -60089.865184
925823052444.000000 0.009436 2.830044 2.833907 -40.000000 -36.914524 -45.128900 -3.085476 -3.085476 25.759955 -63108.164473
925823069475.000000 0.008197 2.838238 2.841799 -40.000000 -36.914524 -45.128900 -3.085476 -3.085476 25.831740 -63108.164473
925823084965.000000 0.007456 2.845693 2.850033 -40.000000 -36.914524 -45.128900 -3.085476 -3.085476 25.897206 -63108.164473
925823103914.000000 0.009120 2.854810 2.858851 -40.000000 -36.914524 -45.128900 -3.085476 -3.085476 25.977539 -63108.164473
925823120942.000000 0.008196 2.863004 2.866440 -40.000000 -36.914524 -45.128900 -3.085476 -3.085476 26.049938 -63108.164473
925823136518.000000 0.007496 2.870498 2.873945 -40.000000 -36.914524 -45.128900 -3.085476 -3.085476 26.116333 -63108.164473
925823153124.000000 0.007993 2.878489 2.881912 -40.000000 -36.914524 -45.128900 -3.085476 -3.085476 26.187319 -63108.164473
925823168666.000000 0.007481 2.885968 2.889446 -40.000000 -36.914524 -45.128900 -3.085476 -3.085476 26.253931 -63108.164473
925823184019.000000 0.007390 2.893356 2.896845 -40.000000 -36.914524 -45.128900 -3.085476 -3.085476 26.319901 -63108.164473
925823199547.000000 0.007474 2.900828 2.904323 -40.000000 -36.914524 -45.128900 -3.085476 -3.085476 26.386796 -63108.164473
925823215583.000000 0.007718 2.908544 2.911930 -40.000000 -36.914524 -45.128900 -3.085476 -3.085476 26.456062 -63108.164473
925823230647.000000 0.007251 2.915794 2.919498 -40.000000 -36.914524 -45.128900 -3.085476 -3.085476 26.521297 -63108.164473
925823247165.000000 0.007950 2.923742 2.929314 -40.000000 -34.980906 -45.644897 -5.019094 -5.019094 26.637963 -65663.900455
925823267911.000000 0.009985 2.933724 2.937416 -40.000000 -34.980906 -45.644897 -5.019094 -5.019094 26.784985 -65663.900455
925823284508.000000 0.007989 2.941729 2.945953 -40.000000 -34.980906 -45.644897 -5.019094 -5.019094 26.902937 -65663.900455
925823301929.000000 0.008385 2.950093 2.953731 -40.000000 -34.980906 -45.644897 -5.019094 -5.019094 27.027096 -65663.900455
925823317842.000000 0.007659 2.957750 2.961300 -40.000000 -34.980906 -45.644897 -5.019094 -5.019094 27.140797 -65663.900455
925823333751.000000 0.007658 2.965407 2.968851 -40.000000 -34.980906 -45.644897 -5.019094 -5.019094 27.254779 -65663.900455
925823349318.000000 0.007493 2.972896 2.976445 -40.000000 -34.980906 -45.644897 -5.019094 -5.019094 27.366578 -65663.900455
925823365463.000000 0.007771 2.980666 2.984644 -40.000000 -34.980906 -45.644897 -5.019094 -5.019094 27.482838 -65663.900455
925823382395.000000 0.008150 2.988813 2.992352 -40.000000 -34.980906 -45.644897 -5.019094 -5.019094 27.605097 -65663.900455
925823398270.000000 0.007641 2.996452 3.000070 -40.000000 -34.980906 -45.644897 -5.019094 -5.019094 27.720018 -65663.900455
925823414317.000000 0.007724 3.004174 3.007749 -40.000000 -34.980906 -45.644897 -5.019094 -5.019094 27.836477 -65663.900455
925823430363.000000 0.007723 3.011895 3.015393 -40.000000 -34.980906 -45.644897 -5.019094 -5.019094 27.953227 -65663.900455
925823446179.000000 0.007612 3.019505 3.023053 -40.000000 -34.980906 -45.644897 -5.019094 -5.019094 28.068588 -65663.900455
925823465014.000000 0.009066 3.028569 3.032990 -40.000000 -33.926206 -46.264938 -6.073794 -6.073794 28.235350 -65060.749376
925823482817.000000 0.008569 3.037135 3.040769 -40.000000 -33.926206 -46.264938 -6.073794 -6.073794 28.393414 -65060.749376
925823498511.000000 0.007554 3.044686 3.048049 -40.000000 -33.926206 -46.264938 -6.073794 -6.073794 28.533104 -65060.749376
925823513784.000000 0.007351 3.052036 3.055526 -40.000000 -33.926206 -46.264938 -6.073794 -6.073794 28.669376 -65060.749376
925823529330.000000 0.007483 3.059517 3.062990 -40.000000 -33.926206 -46.264938 -6.073794 -6.073794 28.808423 -65060.749376
925823545219.000000 0.007648 3.067163 3.070827 -40.000000 -33.926206 -46.264938 -6.073794 -6.073794 28.950901 -65060.749376
925823562208.000000 0.008177 3.075337 3.078936 -40.000000 -33.926206 -46.264938 -6.073794 -6.073794 29.103637 -65060.749376
925823578110.000000 0.007654 3.082989 3.086901 -40.000000 -33.926206 -46.264938 -6.073794 -6.073794 29.246958 -65060.749376
925823596960.000000 0.009072 3.092061 3.095845 -40.000000 -33.926206 -46.264938 -6.073794 -6.073794 29.417343 -65060.749376
925823613148.000000 0.007791 3.099849 3.103368 -40.000000 -33.926206 -46.264938 -6.073794 -6.073794 29.564039 -65060.749376
925823628662.000000 0.007467 3.107314 3.110765 -40.000000 -33.926206 -46.264938 -6.073794 -6.073794 29.704968 -65060.749376
925823645007.000000 0.007867 3.115180 3.118791 -40.000000 -33.926206 -46.264938 -6.073794 -6.073794 29.853828 -65060.749376
925823660820.000000 0.007611 3.122789 3.127070 -40.000000 -33.926206 -47.053215 -6.073794 -6.073794 29.998188 -62453.828400
925823680025.000000 0.009244 3.132031 3.136262 -40.000000 -33.926206 -47.053215 -6.073794 -6.073794 30.174033 -62453.828400
925823697001.000000 0.008171 3.140198 3.143738 -40.000000 -33.926206 -47.053215 -6.073794 -6.073794 30.329871 -62453.828400
925823712984.000000 0.007693 3.147890 3.151556 -40.000000 -33.926206 -47.053215 -6.073794 -6.073794 30.476964 -62453.828400
925823728817.000000 0.007621 3.155508 3.158897 -40.000000 -33.926206 -47.053215 -6.073794 -6.073794 30.623021 -62453.828400
925823744091.000000 0.007352 3.162858 3.166214 -40.000000 -33.926206 -47.053215 -6.073794 -6.073794 30.764250 -62453.828400
925823759182.000000 0.007263 3.170119 3.173585 -40.000000 -33.926206 -47.053215 -6.073794 -6.073794 30.904099 -62453.828400
925823774907.000000 0.007569 3.177686 3.181136 -40.000000 -33.926206 -47.053215 -6.073794 -6.073794 31.050178 -62453.828400
925823790354.000000 0.007435 3.185120 3.188493 -40.000000 -33.926206 -47.053215 -6.073794 -6.073794 31.194021 -62453.828400
925823805488.000000 0.007284 3.192402 3.195797 -40.000000 -33.926206 -47.053215 -6.073794 -6.073794 31.335264 -62453.828400
925823821919.000000 0.007908 3.200309 3.203691 -40.000000 -33.926206 -47.053215 -6.073794 -6.073794 31.488987 -62453.828400
925823837204.000000 0.007357 3.207664 3.211150 -40.000000 -33.926206 -47.053215 -6.073794 -6.073794 31.632329 -62453.828400
925823853043.000000 0.007624 3.215284 3.218881 -40.000000 -33.926206 -47.053215 -6.073794 -6.073794 31.781209 -62453.828400
925823869503.000000 0.007922 3.223205 3.228605 -40.000000 -33.926206 -47.949736 -6.073794 -6.073794 31.936305 -59443.636112
925823890526.000000 0.010119 3.233322 3.236824 -40.000000 -33.926206 -47.949736 -6.073794 -6.073794 32.135018 -59443.636112
925823906111.000000 0.007501 3.240820 3.244258 -40.000000 -33.926206 -47.949736 -6.073794 -6.073794 32.282674 -59443.636112
925823921573.000000 0.007442 3.248261 3.251785 -40.000000 -33.926206 -47.949736 -6.073794 -6.073794 32.429502 -59443.636112
925823937331.000000 0.007585 3.255843 3.259246 -40.000000 -33.926206 -47.949736 -6.073794 -6.073794 32.579488 -59443.636112
925823952746.000000 0.007419 3.263261 3.266818 -40.000000 -33.926206 -47.949736 -6.073794 -6.073794 32.726546 -59443.636112
925823968787.000000 0.007721 3.270980 3.274557 -40.000000 -33.926206 -47.949736 -6.073794 -6.073794 32.879935 -59443.636112
925823984906.000000 0.007759 3.278737 3.282425 -40.000000 -33.926206 -47.949736 -6.073794 -6.073794 33.034446 -59443.636112
925824000829.000000 0.007664 3.286399 3.289929 -40.000000 -33.926206 -47.949736 -6.073794 -6.073794 33.187425 -59443.636112
925824016744.000000 0.007661 3.294057 3.297514 -40.000000 -33.926206 -47.949736 -6.073794 -6.073794 33.340693 -59443.636112
925824032962.000000 0.007805 3.301860 3.305449 -40.000000 -33.926206 -47.949736 -6.073794 -6.073794 33.497230 -59443.636112
925824048703.000000 0.007576 3.309435 3.313577 -40.000000 -33.926206 -47.949736 -6.073794 -6.073794 33.649521 -59443.636112
925824065822.000000 0.008240 3.317673 3.321369 -40.000000 -33.926206 -47.949736 -6.073794 -6.073794 33.815563 -59443.636112
925824084009.000000 0.008754 3.326425 3.330668 -40.000000 -34.980906 -48.977896 -5.019094 -5.019094 33.961714 -54840.950421
925824101607.000000 0.008470 3.334893 3.338340 -40.000000 -34.980906 -48.977896 -5.019094 -5.019094 34.103493 -54840.950421
925824117456.000000 0.007628 3.342518 3.345996 -40.000000 -34.980906 -48.977896 -5.019094 -5.019094 34.231469 -54840.950421
925824132760.000000 0.007366 3.349882 3.353336 -40.000000 -34.980906 -48.977896 -5.019094 -5.019094 34.355309 -54840.950421
925824148989.000000 0.007812 3.357693 3.362018 -40.000000 -34.980906 -48.977896 -5.019094 -5.019094 34.486964 -54840.950421
925824166298.000000 0.008331 3.366020 3.369520 -40.000000 -34.980906 -48.977896 -5.019094 -5.019094 34.627709 -54840.950421
925824181570.000000 0.007351 3.373369 3.376798 -40.000000 -34.980906 -48.977896 -5.019094 -5.019094 34.752165 -54840.950421
925824196870.000000 0.007364 3.380732 3.384131 -40.000000 -34.980906 -48.977896 -5.019094 -5.019094 34.877122 -54840.950421
925824212334.000000 0.007443 3.388173 3.391566 -40.000000 -34.980906 -48.977896 -5.019094 -5.019094 35.003696 -54840.950421
925824227641.000000 0.007368 3.395538 3.398947 -40.000000 -34.980906 -48.977896 -5.019094 -5.019094 35.129257 -54840.950421
925824244876.000000 0.008295 3.403832 3.407767 -40.000000 -34.980906 -48.977896 -5.019094 -5.019094 35.270975 -54840.950421
925824263070.000000 0.008757 3.412587 3.417456 -40.000000 -34.980906 -48.977896 -5.019094 -5.019094 35.420969 -54840.950421
925824282243.000000 0.009229 3.421814 3.425377 -40.000000 -34.980906 -48.977896 -5.019094 -5.019094 35.579468 -54840.950421
925824301945.000000 0.009482 3.431293 3.436112 -40.000000 -34.980906 -50.059326 -5.019094 -5.019094 35.742773 -53653.406988
925824322323.000000 0.009808 3.441099 3.445160 -40.000000 -34.980906 -50.059326 -5.019094 -5.019094 35.912163 -53653.406988
925824340482.000000 0.008740 3.449837 3.453921 -40.000000 -34.980906 -50.059326 -5.019094 -5.019094 36.063503 -53653.406988
925824359537.000000 0.009172 3.459006 3.463481 -40.000000 -34.980906 -50.059326 -5.019094 -5.019094 36.222730 -53653.406988
925824379911.000000 0.009806 3.468810 3.473088 -40.000000 -34.980906 -50.059326 -5.019094 -5.019094 36.393451 -53653.406988
925824400231.000000 0.009780 3.478588 3.483029 -40.000000 -34.980906 -50.059326 -5.019094 -5.019094 36.564207 -53653.406988
925824421028.000000 0.010009 3.488595 3.492949 -40.000000 -34.980906 -50.059326 -5.019094 -5.019094 36.739465 -53653.406988
925824441338.000000 0.009775 3.498368 3.502705 -40.000000 -34.980906 -50.059326 -5.019094 -5.019094 36.911100 -53653.406988
925824461024.000000 0.009476 3.507842 3.512111 -40.000000 -34.980906 -50.059326 -5.019094 -5.019094 37.077930 -53653.406988
925824481027.000000 0.009628 3.517466 3.522181 -40.000000 -34.980906 -50.059326 -5.019094 -5.019094 37.247902 -53653.406988
925824505998.000000 0.012019 3.529483 3.534971 -40.000000 -34.980906 -51.443029 -5.019094 -5.019094 37.460811 -51449.753176
925824531167.000000 0.012114 3.541594 3.546704 -40.000000 -34.980906 -51.443029 -5.019094 -5.019094 37.676136 -51449.753176
925824552776.000000 0.010400 3.551991 3.557218 -40.000000 -34.980906 -51.443029 -5.019094 -5.019094 37.861536 -51449.753176
925824576774.000000 0.011550 3.563540 3.568754 -40.000000 -34.980906 -51.443029 -5.019094 -5.019094 38.068118 -51449.753176
925824600365.000000 0.011354 3.574891 3.580564 -40.000000 -34.980906 -51.443029 -5.019094 -5.019094 38.271834 -51449.753176
925824625325.000000 0.012013 3.586903 3.592473 -40.000000 -34.980906 -51.443029 -5.019094 -5.019094 38.488103 -51449.753176
925824656241.000000 0.014879 3.601779 3.607358 -40.000000 -34.980906 -51.443029 -5.019094 -5.019094 38.757088 -51449.753176
925824680542.000000 0.011696 3.613472 3.617729 -40.000000 -34.980906 -51.443029 -5.019094 -5.019094 38.969217 -51449.753176
925824700188.000000 0.009456 3.622926 3.629266 -40.000000 -35.947715 -52.953800 -4.052285 -4.052285 39.108041 -46668.401186
925824725986.000000 0.012416 3.635340 3.640595 -40.000000 -35.947715 -52.953800 -4.052285 -4.052285 39.290949 -46668.401186
925824745094.000000 0.009197 3.644532 3.647954 -40.000000 -35.947715 -52.953800 -4.052285 -4.052285 39.426770 -46668.401186
925824760530.000000 0.007430 3.651961 3.655314 -40.000000 -35.947715 -52.953800 -4.052285 -4.052285 39.536719 -46668.401186
925824775590.000000 0.007249 3.659207 3.662679 -40.000000 -35.947715 -52.953800 -4.052285 -4.052285 39.644203 -46668.401186
925824791237.000000 0.007531 3.666736 3.670393 -40.000000 -35.947715 -52.953800 -4.052285 -4.052285 39.756106 -46668.401186
925824807072.000000 0.007622 3.674356 3.677720 -40.000000 -35.947715 -52.953800 -4.052285 -4.052285 39.869595 -46668.401186
925824822404.000000 0.007380 3.681733 3.685168 -40.000000 -35.947715 -52.953800 -4.052285 -4.052285 39.979701 -46668.401186
925824837697.000000 0.007362 3.689093 3.692705 -40.000000 -35.947715 -52.953800 -4.052285 -4.052285 40.089754 -46668.401186
925824853322.000000 0.007521 3.696611 3.699952 -40.000000 -35.947715 -52.953800 -4.052285 -4.052285 40.202417 -46668.401186
925824868982.000000 0.007537 3.704146 3.707495 -40.000000 -35.947715 -52.953800 -4.052285 -4.052285 40.315555 -46668.401186
925824884397.000000 0.007419 3.711563 3.715202 -40.000000 -35.947715 -52.953800 -4.052285 -4.052285 40.427139 -46668.401186
925824900611.000000 0.007804 3.719366 3.722972 -40.000000 -35.947715 -52.953800 -4.052285 -4.052285 40.544760 -46668.401186
925824919806.000000 0.009239 3.728603 3.732995 -40.000000 -36.914524 -54.711582 -3.085476 -3.085476 40.651054 -40458.779182
925824937882.000000 0.008700 3.737301 3.740876 -40.000000 -36.914524 -54.711582 -3.085476 -3.085476 40.751382 -40458.779182
925824955372.000000 0.008418 3.745717 3.749621 -40.000000 -36.914524 -54.711582 -3.085476 -3.085476 40.848671 -40458.779182
925824971963.000000 0.007985 3.753700 3.757272 -40.000000 -36.914524 -54.711582 -3.085476 -3.085476 40.941158 -40458.779182
925824987865.000000 0.007654 3.761353 3.765045 -40.000000 -36.914524 -54.711582 -3.085476 -3.085476 41.029990 -40458.779182
925825003817.000000 0.007679 3.769028 3.772659 -40.000000 -36.914524 -54.711582 -3.085476 -3.085476 41.119290 -40458.779182
925825020020.000000 0.007799 3.776826 3.780605 -40.000000 -36.914524 -54.711582 -3.085476 -3.085476 41.210170 -40458.779182
925825036255.000000 0.007814 3.784637 3.788181 -40.000000 -36.914524 -54.711582 -3.085476 -3.085476 41.301418 -40458.779182
925825051861.000000 0.007511 3.792146 3.795794 -40.000000 -36.914524 -54.711582 -3.085476 -3.085476 41.389306 -40458.779182
925825067895.000000 0.007717 3.799862 3.803389 -40.000000 -36.914524 -54.711582 -3.085476 -3.085476 41.479787 -40458.779182
925825083942.000000 0.007724 3.807584 3.811078 -40.000000 -36.914524 -54.711582 -3.085476 -3.085476 41.570526 -40458.779182
925825099532.000000 0.007503 3.815085 3.818609 -40.000000 -36.914524 -54.711582 -3.085476 -3.085476 41.658849 -40458.779182
