925533908970.000000 0.000002 0.000005 0.006073 -0.000005 0.000000 -40.000000 -0.000005 -40.000000 0.000000 -2248628.054379
925533941872.000000 0.015834 0.015838 0.022972 -0.017824 0.000000 -40.000000 -0.017824 -40.000000 0.000004 -20923.174738
925533975144.000000 0.016013 0.031849 0.039164 -0.053653 0.000000 -40.000000 -0.053653 -40.000000 0.000032 -22691.834402
925534009397.000000 0.016484 0.048331 0.056962 -0.108026 0.000000 -40.000000 -0.108026 -40.000000 0.000118 -24631.735599
925534047306.000000 0.018244 0.066573 0.073698 -0.182921 0.000000 -40.000000 -0.182921 -40.000000 0.000340 -27038.779493
925534081511.000000 0.016461 0.083032 0.090636 -0.276332 0.000000 -40.000000 -0.276332 -40.000000 0.000718 -30423.755215
925534115446.000000 0.016332 0.099361 0.106026 -0.388113 0.000000 -40.000000 -0.388113 -40.000000 0.001348 -34019.134605
925534147632.000000 0.015490 0.114848 0.121247 -0.517318 0.000000 -40.000000 -0.517318 -40.000000 0.002268 -38351.520621
925534179961.000000 0.015558 0.130405 0.137487 -0.664024 0.000000 -40.000000 -0.664024 -40.000000 0.003615 -42920.917755
925534212924.000000 0.015863 0.146267 0.153354 -0.828575 0.000000 -40.000000 -0.828575 -40.000000 0.005538 -47993.691370
925534248404.000000 0.017075 0.163340 0.170042 -1.012332 0.000000 -40.000000 -1.012332 -40.000000 0.008361 -53361.497005
925534280721.000000 0.015554 0.178891 0.185908 -1.213584 0.000000 -40.000000 -1.213584 -40.000000 0.011738 -60240.928366
925534313429.000000 0.015741 0.194629 0.201783 -1.432542 0.000000 -40.000000 -1.432542 -40.000000 0.016126 -66735.886797
925534346927.000000 0.016121 0.210748 0.217488 -1.669633 0.000000 -40.000000 -1.669633 -40.000000 0.021799 -73850.321260
925534382852.000000 0.017289 0.228035 0.235070 -1.926173 0.000000 -40.000000 -1.926173 -40.000000 0.029393 -81219.530253
925534416077.000000 0.015990 0.244023 0.251522 -2.200698 -0.966809 -40.000000 -1.233889 -40.000000 0.034208 -90323.413585
925534455159.000000 0.018808 0.262828 0.270555 -2.503704 -0.966809 -40.055307 -1.536895 -39.033191 0.041805 -80497.536625
925534490547.000000 0.017030 0.279856 0.286675 -2.826340 -0.966809 -40.055307 -1.859531 -39.033191 0.050667 -81824.776798
925534523444.000000 0.015832 0.295686 0.302414 -3.167227 -0.966809 -40.055307 -2.200418 -39.033191 0.060968 -83033.656155
925534563278.000000 0.019170 0.314854 0.322659 -3.530211 -0.966809 -40.055307 -2.563402 -39.033191 0.076440 -83928.700055
925534598855.000000 0.017121 0.331973 0.338947 -3.912932 -0.966809 -40.055307 -2.946123 -39.033191 0.093186 -84872.408192
925534630996.000000 0.015468 0.347440 0.356662 -4.335360 -2.988319 -40.166303 -1.347042 -37.011681 0.100425 -78722.743790
925534669175.000000 0.018373 0.365811 0.372420 -4.780125 -2.988319 -40.166303 -1.791807 -37.011681 0.112468 -79819.441095
925534702347.000000 0.015965 0.381773 0.388707 -5.244298 -2.988319 -40.166303 -2.255979 -37.011681 0.126218 -80963.992561
925534735158.000000 0.015791 0.397562 0.404222 -5.727667 -2.988319 -40.166303 -2.739348 -37.011681 0.143415 -82155.878851
925534771024.000000 0.017261 0.414821 0.421236 -6.232019 -2.988319 -40.166303 -3.243700 -37.011681 0.166640 -83399.505686
925534805487.000000 0.016586 0.431404 0.436232 -6.756534 -2.988319 -40.166303 -3.768215 -37.011681 0.193602 -84692.849088
925534824024.000000 0.008922 0.440323 0.443912 -7.291893 -2.988319 -40.166303 -4.303574 -37.011681 0.210509 -86012.931213
925534839584.000000 0.007489 0.447810 0.451754 -7.836355 -5.976637 -40.166303 -1.859717 -37.011681 0.216746 -87355.460303
925534859072.000000 0.009380 0.457188 0.461297 -8.441041 -5.976637 -40.311762 -2.464404 -34.023363 0.227314 -79180.702240
925534875972.000000 0.008134 0.465320 0.468780 -9.056483 -5.976637 -40.311762 -3.079846 -34.023363 0.238971 -80698.253242
925534891113.000000 0.007288 0.472606 0.475974 -9.681561 -5.976637 -40.311762 -3.704924 -34.023363 0.251732 -82239.563645
925534906297.000000 0.007308 0.479912 0.483206 -10.316303 -5.976637 -40.311762 -4.339666 -34.023363 0.266953 -83804.704071
925534921268.000000 0.007206 0.487116 0.490710 -10.960572 -5.976637 -40.311762 -4.983935 -34.023363 0.284447 -85393.337115
925534937406.000000 0.007767 0.494881 0.498299 -11.615112 -5.976637 -40.311762 -5.638475 -34.023363 0.306121 -87007.294167
925534952673.000000 0.007348 0.502228 0.505584 -12.279369 -5.976637 -40.311762 -6.302731 -34.023363 0.329381 -88645.211493
925534967608.000000 0.007189 0.509414 0.512738 -12.953130 -5.976637 -40.311762 -6.976493 -34.023363 0.354928 -90306.564944
925534982611.000000 0.007221 0.516633 0.519952 -13.636439 -5.976637 -40.311762 -7.659802 -34.023363 0.383505 -91991.462800
925534998934.000000 0.007856 0.524489 0.528358 -14.330139 -5.976637 -40.311762 -8.353502 -34.023363 0.417926 -93701.979695
925535015034.000000 0.007749 0.532235 0.535614 -15.034084 -5.976637 -40.311762 -9.057447 -34.023363 0.455283 -95437.760964
925535030262.000000 0.007330 0.539563 0.542884 -15.747722 -5.976637 -40.311762 -9.771085 -34.023363 0.493927 -97197.441303
925535045509.000000 0.007339 0.546899 0.550637 -16.471062 -9.931765 -40.311762 -6.539297 -34.023363 0.520173 -98981.045823
925535065238.000000 0.009496 0.556394 0.560337 -17.303758 -9.931765 -40.514776 -7.371993 -30.068235 0.559122 -88894.505541
925535081585.000000 0.007868 0.564259 0.567752 -18.148225 -9.931765 -40.514776 -8.216460 -30.068235 0.595600 -90976.784080
925535097325.000000 0.007576 0.571833 0.575274 -19.004028 -9.931765 -40.514776 -9.072264 -30.068235 0.634902 -93087.014514
925535112755.000000 0.007426 0.579257 0.582747 -19.870943 -9.931765 -40.514776 -9.939178 -30.068235 0.677657 -95224.642812
925535128463.000000 0.007561 0.586816 0.590380 -20.749170 -9.931765 -40.514776 -10.817405 -30.068235 0.725653 -97390.166182
925535144019.000000 0.007487 0.594301 0.597643 -21.638599 -9.931765 -40.514776 -11.706834 -30.068235 0.777745 -99583.311158
925535159102.000000 0.007260 0.601560 0.605146 -22.538891 -9.931765 -40.514776 -12.607126 -30.068235 0.832806 -101803.243146
925535175386.000000 0.007838 0.609395 0.612856 -23.450910 -9.931765 -40.514776 -13.519145 -30.068235 0.897377 -104052.089478
925535191029.000000 0.007529 0.616923 0.620376 -24.374194 -9.931765 -40.514776 -14.442430 -30.068235 0.964461 -106328.715458
925535207314.000000 0.007838 0.624759 0.628228 -25.309206 -9.931765 -40.514776 -15.377441 -30.068235 1.039764 -108634.257559
925535224590.000000 0.008316 0.633073 0.636496 -26.256661 -9.931765 -40.514776 -16.324896 -30.068235 1.125708 -110970.482640
925535239901.000000 0.007369 0.640439 0.644159 -27.215140 -9.931765 -40.514776 -17.283375 -30.068235 1.207280 -113333.890721
925535257480.000000 0.008461 0.648899 0.653055 -28.337147 -13.974784 -40.732692 -14.362363 -26.025216 1.286137 -105061.423265
925535277790.000000 0.009775 0.658672 0.662805 -29.476051 -13.974784 -40.732692 -15.501267 -26.025216 1.385941 -107869.722073
925535294724.000000 0.008150 0.666820 0.670221 -30.629045 -13.974784 -40.732692 -16.654261 -26.025216 1.476455 -110712.762663
925535310292.000000 0.007493 0.674311 0.677828 -31.794991 -13.974784 -40.732692 -17.820207 -26.025216 1.566495 -113587.740498
925535325750.000000 0.007440 0.681749 0.685083 -32.973799 -13.974784 -40.732692 -18.999015 -26.025216 1.662865 -116494.431955
925535340831.000000 0.007259 0.689006 0.692327 -34.165153 -13.974784 -40.732692 -20.190369 -26.025216 1.763844 -119432.061528
925535356132.000000 0.007365 0.696369 0.699687 -35.369240 -13.974784 -40.732692 -21.394456 -26.025216 1.873573 -122401.086725
925535371299.000000 0.007301 0.703668 0.707004 -36.585946 -13.974784 -40.732692 -22.611162 -26.025216 1.989731 -125401.228528
925535386591.000000 0.007360 0.711026 0.714463 -37.815375 -13.974784 -40.732692 -23.840591 -26.025216 2.114498 -128432.741334
925535401863.000000 0.007351 0.718375 0.721645 -39.057511 -13.974784 -40.732692 -25.082727 -26.025216 2.246957 -131495.588216
925535416830.000000 0.007204 0.725576 0.728855 -40.000000 -13.974784 -40.732692 -26.025216 -26.025216 2.382991 -133819.567292
925535431686.000000 0.007151 0.732725 0.736138 -40.000000 -13.974784 -40.732692 -26.025216 -26.025216 2.519346 -133819.567292
925535446775.000000 0.007263 0.739985 0.743877 -40.000000 -13.974784 -40.732692 -26.025216 -26.025216 2.659212 -133819.567292
925535464814.000000 0.008682 0.748666 0.752805 -40.000000 -17.929912 -40.989241 -22.070088 -22.070088 2.802668 -125524.787733
925535486191.000000 0.010288 0.758952 0.762380 -40.000000 -17.929912 -40.989241 -22.070088 -22.070088 2.974999 -125524.787733
925535501620.000000 0.007426 0.766376 0.769679 -40.000000 -17.929912 -40.989241 -22.070088 -22.070088 3.100607 -125524.787733
925535517141.000000 0.007471 0.773845 0.777026 -40.000000 -17.929912 -40.989241 -22.070088 -22.070088 3.228194 -125524.787733
925535531691.000000 0.007003 0.780846 0.784279 -40.000000 -17.929912 -40.989241 -22.070088 -22.070088 3.348884 -125524.787733
925535547323.000000 0.007524 0.788368 0.791700 -40.000000 -17.929912 -40.989241 -22.070088 -22.070088 3.479795 -125524.787733
925535562422.000000 0.007267 0.795634 0.798956 -40.000000 -17.929912 -40.989241 -22.070088 -22.070088 3.607409 -125524.787733
925535577330.000000 0.007176 0.802807 0.806311 -40.000000 -17.929912 -40.989241 -22.070088 -22.070088 3.734545 -125524.787733
925535592815.000000 0.007454 0.810259 0.813621 -40.000000 -17.929912 -40.989241 -22.070088 -22.070088 3.867836 -125524.787733
925535608272.000000 0.007440 0.817697 0.821257 -40.000000 -17.929912 -40.989241 -22.070088 -22.070088 4.002097 -125524.787733
925535623687.000000 0.007419 0.825114 0.828404 -40.000000 -17.929912 -40.989241 -22.070088 -22.070088 4.137209 -125524.787733
925535638517.000000 0.007138 0.832250 0.835755 -40.000000 -17.929912 -40.989241 -22.070088 -22.070088 4.268318 -125524.787733
925535654089.000000 0.007495 0.839743 0.843161 -40.000000 -17.929912 -40.989241 -22.070088 -22.070088 4.407226 -125524.787733
925535670612.000000 0.007953 0.847694 0.851324 -40.000000 -20.918230 -40.989241 -19.081770 -22.070088 4.535864 -125524.787733
925535693598.000000 0.011063 0.858756 0.862175 -40.000000 -20.918230 -41.244599 -19.081770 -19.081770 4.717150 -116721.117012
925535709754.000000 0.007777 0.866530 0.869889 -40.000000 -20.918230 -41.244599 -19.081770 -19.081770 4.845735 -116721.117012
925535725134.000000 0.007403 0.873930 0.877229 -40.000000 -20.918230 -41.244599 -19.081770 -19.081770 4.969182 -116721.117012
925535740123.000000 0.007215 0.881142 0.884615 -40.000000 -20.918230 -41.244599 -19.081770 -19.081770 5.090493 -116721.117012
925535755229.000000 0.007271 0.888411 0.891775 -40.000000 -20.918230 -41.244599 -19.081770 -19.081770 5.213751 -116721.117012
925535770332.000000 0.007270 0.895679 0.898869 -40.000000 -20.918230 -41.244599 -19.081770 -19.081770 5.338001 -116721.117012
925535785043.000000 0.007081 0.902757 0.906037 -40.000000 -20.918230 -41.244599 -19.081770 -19.081770 5.459975 -116721.117012
925535800147.000000 0.007270 0.910025 0.913469 -40.000000 -20.918230 -41.244599 -19.081770 -19.081770 5.586216 -116721.117012
925535815494.000000 0.007387 0.917410 0.920686 -40.000000 -20.918230 -41.244599 -19.081770 -19.081770 5.715527 -116721.117012
925535830498.000000 0.007222 0.924629 0.927960 -40.000000 -20.918230 -41.244599 -19.081770 -19.081770 5.842944 -116721.117012
925535845963.000000 0.007444 0.932072 0.935346 -40.000000 -20.918230 -41.244599 -19.081770 -19.081770 5.975332 -116721.117012
925535861015.000000 0.007245 0.939314 0.943070 -40.000000 -20.918230 -41.244599 -19.081770 -19.081770 6.105187 -116721.117012
925535878215.000000 0.008278 0.947591 0.951291 -40.000000 -25.928059 -41.244599 -14.071941 -19.081770 6.215575 -116721.117012
925535898072.000000 0.009558 0.957148 0.961823 -40.000000 -25.928059 -41.497258 -14.071941 -14.071941 6.344316 -102421.767311
925535916327.000000 0.008787 0.965931 0.969123 -40.000000 -25.928059 -41.497258 -14.071941 -14.071941 6.463748 -102421.767311
925535931551.000000 0.007328 0.973256 0.976679 -40.000000 -25.928059 -41.497258 -14.071941 -14.071941 6.564110 -102421.767311
925535947932.000000 0.007884 0.981139 0.985619 -40.000000 -25.928059 -41.497258 -14.071941 -14.071941 6.672965 -102421.767311
925535966758.000000 0.009060 0.990197 0.994812 -40.000000 -25.928059 -41.497258 -14.071941 -14.071941 6.799212 -102421.767311
925535991575.000000 0.011944 1.002139 1.007402 -40.000000 -25.928059 -41.497258 -14.071941 -14.071941 6.967642 -102421.767311
925536016844.000000 0.012161 1.014299 1.019395 -40.000000 -25.928059 -41.497258 -14.071941 -14.071941 7.141221 -102421.767311
925536041411.000000 0.011824 1.026120 1.031127 -40.000000 -25.928059 -41.497258 -14.071941 -14.071941 7.311951 -102421.767311
925536066171.000000 0.011916 1.038034 1.043075 -40.000000 -25.928059 -41.497258 -14.071941 -14.071941 7.486013 -102421.767311
925536087257.000000 0.010150 1.048189 1.053666 -40.000000 -29.971078 -41.708191 -10.028922 -10.028922 7.592710 -92466.204494
925536110907.000000 0.011382 1.059561 1.064588 -40.000000 -29.971078 -41.708191 -10.028922 -10.028922 7.713659 -92466.204494
925536131899.000000 0.010103 1.069662 1.074106 -40.000000 -29.971078 -41.708191 -10.028922 -10.028922 7.822041 -92466.204494
925536151627.000000 0.009495 1.079155 1.082995 -40.000000 -29.971078 -41.708191 -10.028922 -10.028922 7.924807 -92466.204494
925536169635.000000 0.008668 1.087821 1.091502 -40.000000 -29.971078 -41.708191 -10.028922 -10.028922 8.019369 -92466.204494
925536187532.000000 0.008615 1.096433 1.100541 -40.000000 -29.971078 -41.708191 -10.028922 -10.028922 8.114097 -92466.204494
925536206933.000000 0.009338 1.105769 1.109600 -40.000000 -29.971078 -41.708191 -10.028922 -10.028922 8.217653 -92466.204494
925536225293.000000 0.008838 1.114604 1.118486 -40.000000 -29.971078 -41.708191 -10.028922 -10.028922 8.316441 -92466.204494
925536243571.000000 0.008797 1.123398 1.127284 -40.000000 -29.971078 -41.708191 -10.028922 -10.028922 8.415554 -92466.204494
925536262195.000000 0.008964 1.132360 1.136607 -40.000000 -29.971078 -41.708191 -10.028922 -10.028922 8.517354 -92466.204494
925536281740.000000 0.009407 1.141764 1.146372 -40.000000 -29.971078 -41.708191 -10.028922 -10.028922 8.625068 -92466.204494
925536303399.000000 0.010425 1.152187 1.157369 -40.000000 -32.959397 -41.917966 -7.040603 -7.040603 8.709633 -86202.805893
925536326709.000000 0.011219 1.163403 1.167972 -40.000000 -32.959397 -41.917966 -7.040603 -7.040603 8.801524 -86202.805893
925536346624.000000 0.009585 1.172986 1.176692 -40.000000 -32.959397 -41.917966 -7.040603 -7.040603 8.880685 -86202.805893
925536365950.000000 0.009302 1.182286 1.186870 -40.000000 -32.959397 -41.917966 -7.040603 -7.040603 8.958115 -86202.805893
925536385762.000000 0.009536 1.191820 1.196038 -40.000000 -32.959397 -41.917966 -7.040603 -7.040603 9.038131 -86202.805893
925536404468.000000 0.009004 1.200822 1.204500 -40.000000 -32.959397 -41.917966 -7.040603 -7.040603 9.114255 -86202.805893
925536422618.000000 0.008736 1.209554 1.213667 -40.000000 -32.959397 -41.917966 -7.040603 -7.040603 9.188647 -86202.805893
925536441148.000000 0.008919 1.218470 1.222104 -40.000000 -32.959397 -41.917966 -7.040603 -7.040603 9.265161 -86202.805893
925536459390.000000 0.008780 1.227248 1.231734 -40.000000 -32.959397 -41.917966 -7.040603 -7.040603 9.341027 -86202.805893
925536479538.000000 0.009698 1.236945 1.240682 -40.000000 -32.959397 -41.917966 -7.040603 -7.040603 9.425485 -86202.805893
925536496858.000000 0.008336 1.245277 1.248510 -40.000000 -32.959397 -41.917966 -7.040603 -7.040603 9.498573 -86202.805893
925536511245.000000 0.006925 1.252201 1.255793 -40.000000 -35.947715 -42.085643 -4.052285 -4.052285 9.533713 -75842.299761
925536526810.000000 0.007492 1.259690 1.262826 -40.000000 -35.947715 -42.085643 -4.052285 -4.052285 9.571956 -75842.299761
925536540857.000000 0.006761 1.266448 1.269665 -40.000000 -35.947715 -42.085643 -4.052285 -4.052285 9.606652 -75842.299761
925536556418.000000 0.007489 1.273936 1.277157 -40.000000 -35.947715 -42.085643 -4.052285 -4.052285 9.645314 -75842.299761
925536570398.000000 0.006729 1.280664 1.283723 -40.000000 -35.947715 -42.085643 -4.052285 -4.052285 9.680232 -75842.299761
925536584902.000000 0.006982 1.287644 1.290981 -40.000000 -35.947715 -42.085643 -4.052285 -4.052285 9.716662 -75842.299761
925536600542.000000 0.007528 1.295169 1.298685 -40.000000 -35.947715 -42.085643 -4.052285 -4.052285 9.756171 -75842.299761
925536615058.000000 0.006987 1.302154 1.305247 -40.000000 -35.947715 -42.085643 -4.052285 -4.052285 9.793038 -75842.299761
925536629281.000000 0.006845 1.308997 1.312017 -40.000000 -35.947715 -42.085643 -4.052285 -4.052285 9.829349 -75842.299761
925536643154.000000 0.006678 1.315674 1.318740 -40.000000 -35.947715 -42.085643 -4.052285 -4.052285 9.864953 -75842.299761
925536656839.000000 0.006587 1.322258 1.325336 -40.000000 -35.947715 -42.085643 -4.052285 -4.052285 9.900247 -75842.299761
925536670751.000000 0.006696 1.328952 1.332161 -40.000000 -35.947715 -42.085643 -4.052285 -4.052285 9.936306 -75842.299761
925536684751.000000 0.006739 1.335690 1.338919 -40.000000 -35.947715 -42.085643 -4.052285 -4.052285 9.972782 -75842.299761
925536698743.000000 0.006735 1.342422 1.345671 -40.000000 -35.947715 -42.085643 -4.052285 -4.052285 10.009418 -75842.299761
925536712939.000000 0.006833 1.349253 1.352633 -40.000000 -38.936034 -42.185808 -1.063966 -1.063966 10.019228 -69433.426055
925536729126.000000 0.007791 1.357042 1.360692 -40.000000 -38.936034 -42.185808 -1.063966 -1.063966 10.030477 -69433.426055
925536744775.000000 0.007532 1.364573 1.367705 -40.000000 -38.936034 -42.185808 -1.063966 -1.063966 10.041412 -69433.426055
925536758830.000000 0.006765 1.371336 1.374464 -40.000000 -38.936034 -42.185808 -1.063966 -1.063966 10.051283 -69433.426055
925536772691.000000 0.006672 1.378005 1.381095 -40.000000 -38.936034 -42.185808 -1.063966 -1.063966 10.061064 -69433.426055
925536787255.000000 0.007010 1.385013 1.388129 -40.000000 -38.936034 -42.185808 -1.063966 -1.063966 10.071394 -69433.426055
925536801428.000000 0.006822 1.391833 1.395122 -40.000000 -38.936034 -42.185808 -1.063966 -1.063966 10.081497 -69433.426055
925536815695.000000 0.006867 1.398698 1.402112 -40.000000 -38.936034 -42.185808 -1.063966 -1.063966 10.091716 -69433.426055
925536830222.000000 0.006992 1.405689 1.408778 -40.000000 -38.936034 -42.185808 -1.063966 -1.063966 10.102174 -69433.426055
925536844284.000000 0.006768 1.412456 1.415547 -40.000000 -38.936034 -42.185808 -1.063966 -1.063966 10.112345 -69433.426055
925536858245.000000 0.006720 1.419173 1.422269 -40.000000 -38.936034 -42.185808 -1.063966 -1.063966 10.122492 -69433.426055
925536871958.000000 0.006601 1.425772 1.429037 -40.000000 -38.936034 -42.185808 -1.063966 -1.063966 10.132505 -69433.426055
925536886194.000000 0.006852 1.432622 1.435858 -40.000000 -38.936034 -42.185808 -1.063966 -1.063966 10.142949 -69433.426055
925536900752.000000 0.007007 1.439627 1.442855 -40.000000 -38.936034 -42.185808 -1.063966 -1.063966 10.153682 -69433.426055
925536916702.000000 0.007677 1.447303 1.451461 -40.000000 -40.957544 -42.185808 0.957544 -1.063966 10.164321 -69433.426055
925536936699.000000 0.009624 1.456926 1.461866 -40.000000 -40.957544 -42.261364 0.957544 0.957544 10.177748 -65305.467792
925536956909.000000 0.009727 1.466651 1.470619 -40.000000 -40.957544 -42.261364 0.957544 0.957544 10.191409 -65305.467792
925536975068.000000 0.008740 1.475389 1.479546 -40.000000 -40.957544 -42.261364 0.957544 0.957544 10.203757 -65305.467792
925536993307.000000 0.008779 1.484166 1.488218 -40.000000 -40.957544 -42.261364 0.957544 0.957544 10.216233 -65305.467792
925537011432.000000 0.008724 1.492887 1.496976 -40.000000 -40.957544 -42.261364 0.957544 0.957544 10.228704 -65305.467792
925537029205.000000 0.008555 1.501439 1.505559 -40.000000 -40.957544 -42.261364 0.957544 0.957544 10.241003 -65305.467792
925537047615.000000 0.008861 1.510297 1.514246 -40.000000 -40.957544 -42.261364 0.957544 0.957544 10.253817 -65305.467792
925537065603.000000 0.008658 1.518953 1.523040 -40.000000 -40.957544 -42.261364 0.957544 0.957544 10.266410 -65305.467792
925537083753.000000 0.008736 1.527686 1.531631 -40.000000 -40.957544 -42.261364 0.957544 0.957544 10.279189 -65305.467792
925537101393.000000 0.008490 1.536175 1.540080 -40.000000 -40.957544 -42.261364 0.957544 0.957544 10.291678 -65305.467792
925537118813.000000 0.008384 1.544557 1.548399 -40.000000 -40.957544 -42.261364 0.957544 0.957544 10.304078 -65305.467792
925537136110.000000 0.008326 1.552881 1.557077 -40.000000 -41.924353 -42.290573 1.924353 1.924353 10.328957 -63741.580732
925537155245.000000 0.009210 1.562087 1.565871 -40.000000 -41.924353 -42.290573 1.924353 1.924353 10.356641 -63741.580732
925537172722.000000 0.008412 1.570498 1.573646 -40.000000 -41.924353 -42.290573 1.924353 1.924353 10.382064 -63741.580732
925537187447.000000 0.007087 1.577582 1.580626 -40.000000 -41.924353 -42.290573 1.924353 1.924353 10.403581 -63741.580732
925537200973.000000 0.006511 1.584091 1.587182 -40.000000 -41.924353 -42.290573 1.924353 1.924353 10.423427 -63741.580732
925537215400.000000 0.006945 1.591035 1.594825 -40.000000 -41.924353 -42.290573 1.924353 1.924353 10.444689 -63741.580732
925537233266.000000 0.008599 1.599632 1.603985 -40.000000 -41.924353 -42.290573 1.924353 1.924353 10.471160 -63741.580732
925537250058.000000 0.008082 1.607711 1.610772 -40.000000 -41.924353 -42.290573 1.924353 1.924353 10.496165 -63741.580732
925537264831.000000 0.007111 1.614821 1.618852 -40.000000 -41.924353 -42.290573 1.924353 1.924353 10.518262 -63741.580732
925537282408.000000 0.008460 1.623278 1.626729 -40.000000 -41.924353 -42.290573 1.924353 1.924353 10.544690 -63741.580732
925537297294.000000 0.007165 1.630440 1.634068 -40.000000 -41.924353 -42.290573 1.924353 1.924353 10.567170 -63741.580732
925537313156.000000 0.007635 1.638073 1.642015 -40.000000 -41.924353 -42.290573 1.924353 1.924353 10.591236 -63741.580732
925537331395.000000 0.008779 1.646850 1.651370 -40.000000 -41.924353 -42.290573 1.924353 1.924353 10.619058 -63741.580732
925537352418.000000 0.010119 1.656967 1.661172 -40.000000 -41.924353 -42.288710 1.924353 1.924353 10.651321 -64416.438087
925537369197.000000 0.008076 1.665039 1.668505 -40.000000 -41.924353 -42.288710 1.924353 1.924353 10.677197 -64416.438087
925537385666.000000 0.007927 1.672964 1.676168 -40.000000 -41.924353 -42.288710 1.924353 1.924353 10.702716 -64416.438087
925537399773.000000 0.006790 1.679752 1.683093 -40.000000 -41.924353 -42.288710 1.924353 1.924353 10.724663 -64416.438087
925537415342.000000 0.007494 1.687244 1.691005 -40.000000 -41.924353 -42.288710 1.924353 1.924353 10.748994 -64416.438087
925537431469.000000 0.007762 1.695004 1.698141 -40.000000 -41.924353 -42.288710 1.924353 1.924353 10.774311 -64416.438087
925537445732.000000 0.006865 1.701868 1.705280 -40.000000 -41.924353 -42.288710 1.924353 1.924353 10.796794 -64416.438087
925537460367.000000 0.007044 1.708910 1.712124 -40.000000 -41.924353 -42.288710 1.924353 1.924353 10.819959 -64416.438087
925537476892.000000 0.007954 1.716862 1.720688 -40.000000 -41.924353 -42.288710 1.924353 1.924353 10.846238 -64416.438087
925537494193.000000 0.008327 1.725186 1.728928 -40.000000 -41.924353 -42.288710 1.924353 1.924353 10.873883 -64416.438087
925537509804.000000 0.007513 1.732698 1.735875 -40.000000 -41.924353 -42.288710 1.924353 1.924353 10.898935 -64416.438087
925537523728.000000 0.006702 1.739398 1.742346 -40.000000 -41.924353 -42.288710 1.924353 1.924353 10.921368 -64416.438087
925537537147.000000 0.006459 1.745856 1.748835 -40.000000 -41.924353 -42.288710 1.924353 1.924353 10.943068 -64416.438087
925537550754.000000 0.006550 1.752405 1.755981 -40.000000 -40.957544 -42.308386 0.957544 0.957544 10.954060 -67399.654844
925537566897.000000 0.007770 1.760171 1.763411 -40.000000 -40.957544 -42.308386 0.957544 0.957544 10.967155 -67399.654844
925537580864.000000 0.006723 1.766892 1.769950 -40.000000 -40.957544 -42.308386 0.957544 0.957544 10.978529 -67399.654844
925537594455.000000 0.006542 1.773432 1.776559 -40.000000 -40.957544 -42.308386 0.957544 0.957544 10.989638 -67399.654844
925537608417.000000 0.006720 1.780150 1.783338 -40.000000 -40.957544 -42.308386 0.957544 0.957544 11.001093 -67399.654844
925537622491.000000 0.006775 1.786923 1.789964 -40.000000 -40.957544 -42.308386 0.957544 0.957544 11.012685 -67399.654844
925537636608.000000 0.006795 1.793715 1.796670 -40.000000 -40.957544 -42.308386 0.957544 0.957544 11.024355 -67399.654844
925537650025.000000 0.006459 1.800172 1.803348 -40.000000 -40.957544 -42.308386 0.957544 0.957544 11.035488 -67399.654844
925537664285.000000 0.006864 1.807033 1.810011 -40.000000 -40.957544 -42.308386 0.957544 0.957544 11.047364 -67399.654844
925537678247.000000 0.006720 1.813751 1.816673 -40.000000 -40.957544 -42.308386 0.957544 0.957544 11.059036 -67399.654844
925537691336.000000 0.006300 1.820050 1.822997 -40.000000 -40.957544 -42.308386 0.957544 0.957544 11.070016 -67399.654844
925537704743.000000 0.006453 1.826501 1.829465 -40.000000 -40.957544 -42.308386 0.957544 0.957544 11.081302 -67399.654844
925537717912.000000 0.006338 1.832838 1.836105 -40.000000 -40.957544 -42.308386 0.957544 0.957544 11.092425 -67399.654844
925537732346.000000 0.006947 1.839783 1.842883 -40.000000 -40.957544 -42.308386 0.957544 0.957544 11.104664 -67399.654844
925537747594.000000 0.007339 1.847121 1.851053 -40.000000 -38.936034 -42.308386 -1.063966 0.957544 11.119087 -67399.654844
925537765857.000000 0.008790 1.855909 1.859369 -40.000000 -38.936034 -42.349273 -1.063966 -1.063966 11.136444 -72870.054926
925537780908.000000 0.007244 1.863151 1.866300 -40.000000 -38.936034 -42.349273 -1.063966 -1.063966 11.150805 -72870.054926
925537794772.000000 0.006673 1.869822 1.872875 -40.000000 -38.936034 -42.349273 -1.063966 -1.063966 11.164080 -72870.054926
925537809076.000000 0.006885 1.876705 1.879706 -40.000000 -38.936034 -42.349273 -1.063966 -1.063966 11.177828 -72870.054926
925537822573.000000 0.006497 1.883201 1.886263 -40.000000 -38.936034 -42.349273 -1.063966 -1.063966 11.190846 -72870.054926
925537836806.000000 0.006851 1.890049 1.893315 -40.000000 -38.936034 -42.349273 -1.063966 -1.063966 11.204622 -72870.054926
925537851142.000000 0.006900 1.896948 1.899927 -40.000000 -38.936034 -42.349273 -1.063966 -1.063966 11.218549 -72870.054926
925537864717.000000 0.006534 1.903480 1.906563 -40.000000 -38.936034 -42.349273 -1.063966 -1.063966 11.231782 -72870.054926
925537879146.000000 0.006946 1.910423 1.913406 -40.000000 -38.936034 -42.349273 -1.063966 -1.063966 11.245900 -72870.054926
925537892840.000000 0.006592 1.917013 1.919985 -40.000000 -38.936034 -42.349273 -1.063966 -1.063966 11.259345 -72870.054926
925537906911.000000 0.006773 1.923784 1.927064 -40.000000 -38.936034 -42.349273 -1.063966 -1.063966 11.273208 -72870.054926
925537921440.000000 0.006994 1.930774 1.933768 -40.000000 -38.936034 -42.349273 -1.063966 -1.063966 11.287575 -72870.054926
925537934968.000000 0.006511 1.937283 1.940210 -40.000000 -38.936034 -42.349273 -1.063966 -1.063966 11.300997 -72870.054926
925537949878.000000 0.007176 1.944458 1.947469 -40.000000 -38.936034 -42.349273 -1.063966 -1.063966 11.315844 -72870.054926
925537964146.000000 0.006868 1.951324 1.954956 -40.000000 -35.947715 -42.496168 -4.052285 -4.052285 11.370148 -79813.196792
925537982151.000000 0.008666 1.959988 1.963381 -40.000000 -35.947715 -42.496168 -4.052285 -4.052285 11.438975 -79813.196792
925537996665.000000 0.006986 1.966972 1.969917 -40.000000 -35.947715 -42.496168 -4.052285 -4.052285 11.494658 -79813.196792
925538010223.000000 0.006526 1.973496 1.976377 -40.000000 -35.947715 -42.496168 -4.052285 -4.052285 11.546847 -79813.196792
925538023589.000000 0.006434 1.979927 1.982850 -40.000000 -35.947715 -42.496168 -4.052285 -4.052285 11.598465 -79813.196792
925538037223.000000 0.006562 1.986488 1.989545 -40.000000 -35.947715 -42.496168 -4.052285 -4.052285 11.651292 -79813.196792
925538050650.000000 0.006462 1.992949 1.995805 -40.000000 -35.947715 -42.496168 -4.052285 -4.052285 11.703482 -79813.196792
925538063943.000000 0.006398 1.999346 2.002200 -40.000000 -35.947715 -42.496168 -4.052285 -4.052285 11.755322 -79813.196792
925538077737.000000 0.006639 2.005983 2.008949 -40.000000 -35.947715 -42.496168 -4.052285 -4.052285 11.809293 -79813.196792
925538091228.000000 0.006493 2.012474 2.015464 -40.000000 -35.947715 -42.496168 -4.052285 -4.052285 11.862246 -79813.196792
925538104637.000000 0.006455 2.018928 2.021817 -40.000000 -35.947715 -42.496168 -4.052285 -4.052285 11.915053 -79813.196792
925538117932.000000 0.006399 2.025324 2.028164 -40.000000 -35.947715 -42.496168 -4.052285 -4.052285 11.967570 -79813.196792
925538131103.000000 0.006340 2.031662 2.034570 -40.000000 -35.947715 -42.496168 -4.052285 -4.052285 12.019764 -79813.196792
925538144833.000000 0.006609 2.038269 2.041160 -40.000000 -35.947715 -42.496168 -4.052285 -4.052285 12.074350 -79813.196792
925538158413.000000 0.006537 2.044804 2.047708 -40.000000 -35.947715 -42.496168 -4.052285 -4.052285 12.128512 -79813.196792
925538173315.000000 0.007173 2.051975 2.056249 -40.000000 -33.926206 -42.735044 -6.073794 -6.073794 12.217913 -81674.938982
925538191043.000000 0.008532 2.060505 2.063514 -40.000000 -33.926206 -42.735044 -6.073794 -6.073794 12.324691 -81674.938982
925538205599.000000 0.007006 2.067509 2.070504 -40.000000 -33.926206 -42.735044 -6.073794 -6.073794 12.412672 -81674.938982
925538219893.000000 0.006881 2.074388 2.077861 -40.000000 -33.926206 -42.735044 -6.073794 -6.073794 12.499363 -81674.938982
925538234847.000000 0.007197 2.081582 2.084680 -40.000000 -33.926206 -42.735044 -6.073794 -6.073794 12.590358 -81674.938982
925538248921.000000 0.006774 2.088355 2.091268 -40.000000 -33.926206 -42.735044 -6.073794 -6.073794 12.676284 -81674.938982
925538262618.000000 0.006592 2.094946 2.097880 -40.000000 -33.926206 -42.735044 -6.073794 -6.073794 12.760166 -81674.938982
925538276471.000000 0.006668 2.101612 2.104773 -40.000000 -33.926206 -42.735044 -6.073794 -6.073794 12.845280 -81674.938982
925538290618.000000 0.006809 2.108419 2.111389 -40.000000 -33.926206 -42.735044 -6.073794 -6.073794 12.932481 -81674.938982
925538304416.000000 0.006641 2.115059 2.118112 -40.000000 -33.926206 -42.735044 -6.073794 -6.073794 13.017800 -81674.938982
925538318422.000000 0.006742 2.121799 2.124818 -40.000000 -33.926206 -42.735044 -6.073794 -6.073794 13.104686 -81674.938982
925538332592.000000 0.006820 2.128617 2.131810 -40.000000 -33.926206 -42.735044 -6.073794 -6.073794 13.192860 -81674.938982
925538346995.000000 0.006932 2.135548 2.138489 -40.000000 -33.926206 -42.735044 -6.073794 -6.073794 13.282774 -81674.938982
925538360395.000000 0.006450 2.141995 2.145112 -40.000000 -33.926206 -42.735044 -6.073794 -6.073794 13.366688 -81674.938982
925538375031.000000 0.007044 2.149039 2.152182 -40.000000 -32.959397 -43.137016 -7.040603 -7.040603 13.473270 -80448.338904
925538390616.000000 0.007502 2.156539 2.159816 -40.000000 -32.959397 -43.137016 -7.040603 -7.040603 13.587172 -80448.338904
925538406067.000000 0.007437 2.163972 2.166988 -40.000000 -32.959397 -43.137016 -7.040603 -7.040603 13.700477 -80448.338904
925538419858.000000 0.006638 2.170609 2.173549 -40.000000 -32.959397 -43.137016 -7.040603 -7.040603 13.801915 -80448.338904
925538433243.000000 0.006442 2.177049 2.180248 -40.000000 -32.959397 -43.137016 -7.040603 -7.040603 13.900659 -80448.338904
925538447603.000000 0.006911 2.183959 2.186939 -40.000000 -32.959397 -43.137016 -7.040603 -7.040603 14.006931 -80448.338904
925538461470.000000 0.006674 2.190632 2.193637 -40.000000 -32.959397 -43.137016 -7.040603 -7.040603 14.109868 -80448.338904
925538475103.000000 0.006562 2.197192 2.200027 -40.000000 -32.959397 -43.137016 -7.040603 -7.040603 14.211380 -80448.338904
925538488378.000000 0.006390 2.203581 2.206758 -40.000000 -32.959397 -43.137016 -7.040603 -7.040603 14.310521 -80448.338904
925538502538.000000 0.006816 2.210393 2.213384 -40.000000 -32.959397 -43.137016 -7.040603 -7.040603 14.416589 -80448.338904
925538516406.000000 0.006675 2.217067 2.220067 -40.000000 -32.959397 -43.137016 -7.040603 -7.040603 14.520784 -80448.338904
925538530345.000000 0.006709 2.223774 2.226728 -40.000000 -32.959397 -43.137016 -7.040603 -7.040603 14.625829 -80448.338904
925538543991.000000 0.006568 2.230340 2.233241 -40.000000 -32.959397 -43.137016 -7.040603 -7.040603 14.728970 -80448.338904
925538558240.000000 0.006858 2.237197 2.240149 -40.000000 -32.959397 -43.137016 -7.040603 -7.040603 14.836998 -80448.338904
925538571755.000000 0.006505 2.243700 2.246698 -40.000000 -32.959397 -43.137016 -7.040603 -7.040603 14.939762 -80448.338904
925538587741.000000 0.007729 2.251428 2.255144 -40.000000 -31.992588 -43.604765 -8.007412 -8.007412 15.079108 -80015.379456
925538604479.000000 0.008056 2.259447 2.262505 -40.000000 -31.992588 -43.604765 -8.007412 -8.007412 15.224853 -80015.379456
925538618859.000000 0.006921 2.266367 2.269791 -40.000000 -31.992588 -43.604765 -8.007412 -8.007412 15.350462 -80015.379456
925538633776.000000 0.007180 2.273544 2.277440 -40.000000 -31.992588 -43.604765 -8.007412 -8.007412 15.481173 -80015.379456
925538649429.000000 0.007534 2.281077 2.284256 -40.000000 -31.992588 -43.604765 -8.007412 -8.007412 15.618786 -80015.379456
925538663599.000000 0.006821 2.287895 2.290887 -40.000000 -31.992588 -43.604765 -8.007412 -8.007412 15.743745 -80015.379456
925538677315.000000 0.006602 2.294495 2.297458 -40.000000 -31.992588 -43.604765 -8.007412 -8.007412 15.865043 -80015.379456
925538690721.000000 0.006453 2.300946 2.304181 -40.000000 -31.992588 -43.604765 -8.007412 -8.007412 15.983933 -80015.379456
925538704697.000000 0.006727 2.307671 2.310856 -40.000000 -31.992588 -43.604765 -8.007412 -8.007412 16.108239 -80015.379456
925538719138.000000 0.006950 2.314620 2.317641 -40.000000 -31.992588 -43.604765 -8.007412 -8.007412 16.237057 -80015.379456
925538732839.000000 0.006595 2.321212 2.324401 -40.000000 -31.992588 -43.604765 -8.007412 -8.007412 16.359633 -80015.379456
925538746890.000000 0.006763 2.327974 2.331010 -40.000000 -31.992588 -43.604765 -8.007412 -8.007412 16.485705 -80015.379456
925538760554.000000 0.006577 2.334549 2.337516 -40.000000 -31.992588 -43.604765 -8.007412 -8.007412 16.608652 -80015.379456
925538773746.000000 0.006349 2.340896 2.343976 -40.000000 -31.992588 -43.604765 -8.007412 -8.007412 16.727667 -80015.379456
925538787535.000000 0.006637 2.347531 2.350959 -40.000000 -31.992588 -43.604765 -8.007412 -8.007412 16.852420 -80015.379456
925538803242.000000 0.007560 2.355090 2.358862 -40.000000 -31.992588 -44.116757 -8.007412 -8.007412 16.994987 -77198.471382
925538818990.000000 0.007580 2.362669 2.365928 -40.000000 -31.992588 -44.116757 -8.007412 -8.007412 17.138387 -77198.471382
925538833742.000000 0.007101 2.369767 2.372763 -40.000000 -31.992588 -44.116757 -8.007412 -8.007412 17.273133 -77198.471382
925538847535.000000 0.006639 2.376403 2.379403 -40.000000 -31.992588 -44.116757 -8.007412 -8.007412 17.399465 -77198.471382
925538861748.000000 0.006841 2.383243 2.386380 -40.000000 -31.992588 -44.116757 -8.007412 -8.007412 17.530018 -77198.471382
925538875394.000000 0.006568 2.389809 2.392817 -40.000000 -31.992588 -44.116757 -8.007412 -8.007412 17.655710 -77198.471382
925538889300.000000 0.006693 2.396500 2.399415 -40.000000 -31.992588 -44.116757 -8.007412 -8.007412 17.784154 -77198.471382
925538902838.000000 0.006516 2.403015 2.406292 -40.000000 -31.992588 -44.116757 -8.007412 -8.007412 17.909541 -77198.471382
925538917581.000000 0.007096 2.410108 2.413225 -40.000000 -31.992588 -44.116757 -8.007412 -8.007412 18.046478 -77198.471382
925538932219.000000 0.007045 2.417152 2.420083 -40.000000 -31.992588 -44.116757 -8.007412 -8.007412 18.182837 -77198.471382
925538945563.000000 0.006423 2.423573 2.426548 -40.000000 -31.992588 -44.116757 -8.007412 -8.007412 18.307485 -77198.471382
925538959475.000000 0.006697 2.430269 2.433247 -40.000000 -31.992588 -44.116757 -8.007412 -8.007412 18.437814 -77198.471382
925538973234.000000 0.006622 2.436889 2.439768 -40.000000 -31.992588 -44.116757 -8.007412 -8.007412 18.567033 -77198.471382
925538986986.000000 0.006619 2.443506 2.446675 -40.000000 -31.992588 -44.116757 -8.007412 -8.007412 18.696547 -77198.471382
925539001860.000000 0.007159 2.450664 2.454289 -40.000000 -31.992588 -44.713343 -8.007412 -8.007412 18.837035 -75204.116501
925539020232.000000 0.008842 2.459505 2.462579 -40.000000 -31.992588 -44.713343 -8.007412 -8.007412 19.011179 -75204.116501
925539034273.000000 0.006759 2.466261 2.469309 -40.000000 -31.992588 -44.713343 -8.007412 -8.007412 19.144655 -75204.116501
925539047894.000000 0.006556 2.472815 2.476011 -40.000000 -31.992588 -44.713343 -8.007412 -8.007412 19.274474 -75204.116501
925539061967.000000 0.006773 2.479586 2.482565 -40.000000 -31.992588 -44.713343 -8.007412 -8.007412 19.408957 -75204.116501
925539075395.000000 0.006463 2.486048 2.489197 -40.000000 -31.992588 -44.713343 -8.007412 -8.007412 19.537622 -75204.116501
925539090052.000000 0.007055 2.493100 2.496195 -40.000000 -31.992588 -44.713343 -8.007412 -8.007412 19.678458 -75204.116501
925539103952.000000 0.006690 2.499789 2.502768 -40.000000 -31.992588 -44.713343 -8.007412 -8.007412 19.812381 -75204.116501
925539117409.000000 0.006477 2.506264 2.509136 -40.000000 -31.992588 -44.713343 -8.007412 -8.007412 19.942363 -75204.116501
925539130764.000000 0.006428 2.512691 2.515599 -40.000000 -31.992588 -44.713343 -8.007412 -8.007412 20.071700 -75204.116501
925539143971.000000 0.006357 2.519047 2.522011 -40.000000 -31.992588 -44.713343 -8.007412 -8.007412 20.199928 -75204.116501
925539157252.000000 0.006393 2.525437 2.528304 -40.000000 -31.992588 -44.713343 -8.007412 -8.007412 20.329201 -75204.116501
925539170603.000000 0.006426 2.531861 2.534752 -40.000000 -31.992588 -44.713343 -8.007412 -8.007412 20.459486 -75204.116501
925539183931.000000 0.006415 2.538274 2.541245 -40.000000 -31.992588 -44.713343 -8.007412 -8.007412 20.589876 -75204.116501
925539197859.000000 0.006704 2.544976 2.547938 -40.000000 -31.992588 -44.713343 -8.007412 -8.007412 20.726494 -75204.116501
925539211868.000000 0.006743 2.551717 2.554867 -40.000000 -31.992588 -45.406826 -8.007412 -8.007412 20.864270 -73588.399770
925539226560.000000 0.007072 2.558787 2.561850 -40.000000 -31.992588 -45.406826 -8.007412 -8.007412 21.009162 -73588.399770
925539240755.000000 0.006832 2.565617 2.568563 -40.000000 -31.992588 -45.406826 -8.007412 -8.007412 21.149527 -73588.399770
925539253947.000000 0.006350 2.571966 2.574809 -40.000000 -31.992588 -45.406826 -8.007412 -8.007412 21.280300 -73588.399770
925539267299.000000 0.006427 2.578390 2.581305 -40.000000 -31.992588 -45.406826 -8.007412 -8.007412 21.412989 -73588.399770
925539280757.000000 0.006477 2.584866 2.587948 -40.000000 -31.992588 -45.406826 -8.007412 -8.007412 21.547058 -73588.399770
925539294461.000000 0.006596 2.591461 2.594423 -40.000000 -31.992588 -45.406826 -8.007412 -8.007412 21.683934 -73588.399770
925539308861.000000 0.006931 2.598391 2.601286 -40.000000 -31.992588 -45.406826 -8.007412 -8.007412 21.828145 -73588.399770
925539321981.000000 0.006316 2.604704 2.607703 -40.000000 -31.992588 -45.406826 -8.007412 -8.007412 21.959870 -73588.399770
925539335393.000000 0.006456 2.611157 2.614257 -40.000000 -31.992588 -45.406826 -8.007412 -8.007412 22.094849 -73588.399770
925539349366.000000 0.006725 2.617880 2.620862 -40.000000 -31.992588 -45.406826 -8.007412 -8.007412 22.235825 -73588.399770
925539363525.000000 0.006815 2.624693 2.627688 -40.000000 -31.992588 -45.406826 -8.007412 -8.007412 22.379048 -73588.399770
925539377208.000000 0.006586 2.631278 2.634410 -40.000000 -31.992588 -45.406826 -8.007412 -8.007412 22.517815 -73588.399770
925539391253.000000 0.006760 2.638036 2.641190 -40.000000 -31.992588 -45.406826 -8.007412 -8.007412 22.660607 -73588.399770
925539406409.000000 0.007295 2.645330 2.648703 -40.000000 -31.992588 -45.406826 -8.007412 -8.007412 22.815139 -73588.399770
925539421461.000000 0.007245 2.652572 2.656182 -40.000000 -31.992588 -46.138040 -8.007412 -8.007412 22.969021 -71795.813011
925539438112.000000 0.008015 2.660585 2.663684 -40.000000 -31.992588 -46.138040 -8.007412 -8.007412 23.139770 -71795.813011
925539452078.000000 0.006722 2.667304 2.670373 -40.000000 -31.992588 -46.138040 -8.007412 -8.007412 23.283345 -71795.813011
925539466238.000000 0.006816 2.674118 2.677555 -40.000000 -31.992588 -46.138040 -8.007412 -8.007412 23.429286 -71795.813011
925539480965.000000 0.007088 2.681206 2.684458 -40.000000 -31.992588 -46.138040 -8.007412 -8.007412 23.581472 -71795.813011
925539505742.000000 0.011924 2.693127 2.699921 -40.000000 -31.992588 -46.138040 -8.007412 -8.007412 23.838621 -71795.813011
925539538449.000000 0.015740 2.708865 2.712595 -40.000000 -31.992588 -46.138040 -8.007412 -8.007412 24.180043 -71795.813011
925539553779.000000 0.007379 2.716299 2.720060 -40.000000 -31.992588 -46.138040 -8.007412 -8.007412 24.340532 -71795.813011
925539570549.000000 0.008072 2.724313 2.727312 -40.000000 -31.992588 -46.138040 -8.007412 -8.007412 24.516620 -71795.813011
925539585682.000000 0.007284 2.731594 2.735209 -40.000000 -31.992588 -46.138040 -8.007412 -8.007412 24.675939 -71795.813011
925539601958.000000 0.007833 2.739425 2.742862 -40.000000 -31.992588 -46.138040 -8.007412 -8.007412 24.847768 -71795.813011
925539621769.000000 0.009535 2.748959 2.754273 -40.000000 -31.992588 -46.952422 -8.007412 -8.007412 25.057649 -70003.208290
925539647688.000000 0.012474 2.761431 2.765823 -40.000000 -31.992588 -46.952422 -8.007412 -8.007412 25.333482 -70003.208290
925539667570.000000 0.009569 2.770998 2.775570 -40.000000 -31.992588 -46.952422 -8.007412 -8.007412 25.545804 -70003.208290
925539688127.000000 0.009894 2.780891 2.784207 -40.000000 -31.992588 -46.952422 -8.007412 -8.007412 25.766116 -70003.208290
925539703173.000000 0.007242 2.788130 2.791906 -40.000000 -31.992588 -46.952422 -8.007412 -8.007412 25.927797 -70003.208290
925539720846.000000 0.008506 2.796634 2.800584 -40.000000 -31.992588 -46.952422 -8.007412 -8.007412 26.118280 -70003.208290
925539753375.000000 0.015655 2.812286 2.821717 -40.000000 -31.992588 -46.952422 -8.007412 -8.007412 26.470808 -70003.208290
925539781075.000000 0.013330 2.825615 2.828788 -40.000000 -31.992588 -46.952422 -8.007412 -8.007412 26.772421 -70003.208290
925539824679.000000 0.020984 2.846598 2.850576 -40.000000 -31.992588 -46.952422 -8.007412 -8.007412 27.250735 -70003.208290
925539841409.000000 0.008052 2.854649 2.858211 -40.000000 -31.992588 -47.908502 -8.007412 -8.007412 27.434796 -67378.996119
925539856786.000000 0.007402 2.862048 2.865288 -40.000000 -31.992588 -47.908502 -8.007412 -8.007412 27.604426 -67378.996119
925539871418.000000 0.007043 2.869087 2.872054 -40.000000 -31.992588 -47.908502 -8.007412 -8.007412 27.766225 -67378.996119
925539885213.000000 0.006639 2.875725 2.878789 -40.000000 -31.992588 -47.908502 -8.007412 -8.007412 27.919113 -67378.996119
925539899082.000000 0.006675 2.882399 2.885280 -40.000000 -31.992588 -47.908502 -8.007412 -8.007412 28.073178 -67378.996119
925539912142.000000 0.006286 2.888684 2.891632 -40.000000 -31.992588 -47.908502 -8.007412 -8.007412 28.218585 -67378.996119
925539926193.000000 0.006764 2.895446 2.898428 -40.000000 -31.992588 -47.908502 -8.007412 -8.007412 28.375400 -67378.996119
925539939753.000000 0.006527 2.901970 2.905011 -40.000000 -31.992588 -47.908502 -8.007412 -8.007412 28.527067 -67378.996119
925539953747.000000 0.006736 2.908703 2.911678 -40.000000 -31.992588 -47.908502 -8.007412 -8.007412 28.683950 -67378.996119
925539967353.000000 0.006553 2.915256 2.918425 -40.000000 -31.992588 -47.908502 -8.007412 -8.007412 28.836930 -67378.996119
925539981786.000000 0.006947 2.922196 2.925375 -40.000000 -31.992588 -47.908502 -8.007412 -8.007412 28.999483 -67378.996119
925539996152.000000 0.006914 2.929108 2.932006 -40.000000 -31.992588 -47.908502 -8.007412 -8.007412 29.161654 -67378.996119
925540009565.000000 0.006456 2.935563 2.938647 -40.000000 -31.992588 -47.908502 -8.007412 -8.007412 29.313414 -67378.996119
925540023667.000000 0.006787 2.942349 2.945351 -40.000000 -31.992588 -47.908502 -8.007412 -8.007412 29.473325 -67378.996119
925540037615.000000 0.006714 2.949061 2.952504 -40.000000 -32.959397 -48.940251 -7.040603 -7.040603 29.612720 -61992.594368
925540054671.000000 0.008209 2.957268 2.960723 -40.000000 -32.959397 -48.940251 -7.040603 -7.040603 29.783642 -61992.594368
925540069519.000000 0.007147 2.964412 2.967476 -40.000000 -32.959397 -48.940251 -7.040603 -7.040603 29.932802 -61992.594368
925540084310.000000 0.007120 2.971531 2.974668 -40.000000 -32.959397 -48.940251 -7.040603 -7.040603 30.081756 -61992.594368
925540098241.000000 0.006705 2.978234 2.981178 -40.000000 -32.959397 -48.940251 -7.040603 -7.040603 30.222359 -61992.594368
925540111725.000000 0.006490 2.984721 2.987652 -40.000000 -32.959397 -48.940251 -7.040603 -7.040603 30.358748 -61992.594368
925540125260.000000 0.006515 2.991234 2.994174 -40.000000 -32.959397 -48.940251 -7.040603 -7.040603 30.495951 -61992.594368
925540138894.000000 0.006562 2.997795 3.000838 -40.000000 -32.959397 -48.940251 -7.040603 -7.040603 30.634461 -61992.594368
925540155766.000000 0.008121 3.005915 3.009823 -40.000000 -32.959397 -48.940251 -7.040603 -7.040603 30.806331 -61992.594368
925540173862.000000 0.008710 3.014621 3.018501 -40.000000 -32.959397 -48.940251 -7.040603 -7.040603 30.991190 -61992.594368
925540193746.000000 0.009570 3.024190 3.028052 -40.000000 -32.959397 -48.940251 -7.040603 -7.040603 31.194954 -61992.594368
925540211959.000000 0.008766 3.032953 3.037228 -40.000000 -32.959397 -48.940251 -7.040603 -7.040603 31.382139 -61992.594368
925540231099.000000 0.009212 3.042163 3.045770 -40.000000 -32.959397 -48.940251 -7.040603 -7.040603 31.579447 -61992.594368
925540247900.000000 0.008086 3.050249 3.053986 -40.000000 -34.980906 -50.016767 -5.019094 -5.019094 31.703246 -53207.957524
925540267853.000000 0.009603 3.059849 3.064380 -40.000000 -34.980906 -50.016767 -5.019094 -5.019094 31.850728 -53207.957524
925540286071.000000 0.008768 3.068616 3.072025 -40.000000 -34.980906 -50.016767 -5.019094 -5.019094 31.985774 -53207.957524
925540301647.000000 0.007497 3.076112 3.079519 -40.000000 -34.980906 -50.016767 -5.019094 -5.019094 32.101529 -53207.957524
925540317147.000000 0.007461 3.083570 3.086778 -40.000000 -34.980906 -50.016767 -5.019094 -5.019094 32.216999 -53207.957524
925540331408.000000 0.006864 3.090432 3.094053 -40.000000 -34.980906 -50.016767 -5.019094 -5.019094 32.323471 -53207.957524
925540348519.000000 0.008236 3.098666 3.102824 -40.000000 -34.980906 -50.016767 -5.019094 -5.019094 32.451562 -53207.957524
925540365940.000000 0.008385 3.107048 3.110534 -40.000000 -34.980906 -50.016767 -5.019094 -5.019094 32.582327 -53207.957524
925540382437.000000 0.007940 3.114986 3.119447 -40.000000 -34.980906 -50.016767 -5.019094 -5.019094 32.706466 -53207.957524
925540400503.000000 0.008696 3.123680 3.127128 -40.000000 -34.980906 -50.016767 -5.019094 -5.019094 32.842797 -53207.957524
925540417737.000000 0.008295 3.131973 3.135520 -40.000000 -34.980906 -50.016767 -5.019094 -5.019094 32.973188 -53207.957524
925540434561.000000 0.008098 3.140069 3.143631 -40.000000 -34.980906 -50.016767 -5.019094 -5.019094 33.100822 -53207.957524
925540450495.000000 0.007670 3.147736 3.152183 -40.000000 -35.947715 -50.016767 -4.052285 -5.019094 33.198653 -53207.957524
925540472059.000000 0.010379 3.158112 3.163075 -40.000000 -35.947715 -51.203504 -4.052285 -4.052285 33.331477 -51040.570629
925540492940.000000 0.010051 3.168161 3.171608 -40.000000 -35.947715 -51.203504 -4.052285 -4.052285 33.460516 -51040.570629
925540508348.000000 0.007417 3.175573 3.179241 -40.000000 -35.947715 -51.203504 -4.052285 -4.052285 33.555956 -51040.570629
925540524610.000000 0.007827 3.183399 3.186721 -40.000000 -35.947715 -51.203504 -4.052285 -4.052285 33.656925 -51040.570629
925540539854.000000 0.007338 3.190736 3.194390 -40.000000 -35.947715 -51.203504 -4.052285 -4.052285 33.751806 -51040.570629
925540556122.000000 0.007830 3.198562 3.202080 -40.000000 -35.947715 -51.203504 -4.052285 -4.052285 33.853294 -51040.570629
925540572678.000000 0.007969 3.206529 3.209713 -40.000000 -35.947715 -51.203504 -4.052285 -4.052285 33.956835 -51040.570629
925540587988.000000 0.007369 3.213896 3.217296 -40.000000 -35.947715 -51.203504 -4.052285 -4.052285 34.052812 -51040.570629
925540603649.000000 0.007538 3.221432 3.225148 -40.000000 -35.947715 -51.203504 -4.052285 -4.052285 34.151219 -51040.570629
925540620651.000000 0.008184 3.229613 3.232859 -40.000000 -35.947715 -51.203504 -4.052285 -4.052285 34.258321 -51040.570629
925540638612.000000 0.008645 3.238256 3.242041 -40.000000 -35.947715 -51.203504 -4.052285 -4.052285 34.371765 -51040.570629
925540654146.000000 0.007477 3.245730 3.248398 -40.000000 -35.947715 -51.203504 -4.052285 -4.052285 34.470104 -51040.570629
925540667001.000000 0.006188 3.251917 3.255129 -40.000000 -36.914524 -52.420006 -3.085476 -3.085476 34.532194 -45639.612650
925540680900.000000 0.006690 3.258604 3.261365 -40.000000 -36.914524 -52.420006 -3.085476 -3.085476 34.599452 -45639.612650
925540693379.000000 0.006007 3.264609 3.267324 -40.000000 -36.914524 -52.420006 -3.085476 -3.085476 34.659957 -45639.612650
925540706247.000000 0.006194 3.270800 3.273488 -40.000000 -36.914524 -52.420006 -3.085476 -3.085476 34.722466 -45639.612650
925540718314.000000 0.005808 3.276606 3.279945 -40.000000 -36.914524 -52.420006 -3.085476 -3.085476 34.781184 -45639.612650
925540732125.000000 0.006647 3.283253 3.285992 -40.000000 -36.914524 -52.420006 -3.085476 -3.085476 34.848523 -45639.612650
925540744428.000000 0.005922 3.289173 3.291762 -40.000000 -36.914524 -52.420006 -3.085476 -3.085476 34.908623 -45639.612650
925540756383.000000 0.005754 3.294925 3.297574 -40.000000 -36.914524 -52.420006 -3.085476 -3.085476 34.967122 -45639.612650
925540768825.000000 0.005988 3.300911 3.303511 -40.000000 -36.914524 -52.420006 -3.085476 -3.085476 35.028108 -45639.612650
925540780533.000000 0.005635 3.306546 3.309124 -40.000000 -36.914524 -52.420006 -3.085476 -3.085476 35.085601 -45639.612650
925540792439.000000 0.005731 3.312275 3.314887 -40.000000 -36.914524 -52.420006 -3.085476 -3.085476 35.144171 -45639.612650
925540804455.000000 0.005783 3.318057 3.320647 -40.000000 -36.914524 -52.420006 -3.085476 -3.085476 35.203381 -45639.612650
925540816243.000000 0.005674 3.323729 3.326481 -40.000000 -36.914524 -52.420006 -3.085476 -3.085476 35.261566 -45639.612650
925540828525.000000 0.005911 3.329639 3.332358 -40.000000 -36.914524 -52.420006 -3.085476 -3.085476 35.322298 -45639.612650
925540840806.000000 0.005911 3.335550 3.338117 -40.000000 -36.914524 -52.420006 -3.085476 -3.085476 35.383137 -45639.612650
925540852680.000000 0.005716 3.341263 3.343929 -40.000000 -36.914524 -52.420006 -3.085476 -3.085476 35.442061 -45639.612650
925540864892.000000 0.005877 3.347138 3.349937 -40.000000 -37.969225 -52.420006 -2.030775 -3.085476 35.482011 -45639.612650
925540877556.000000 0.006095 3.353232 3.356685 -40.000000 -37.969225 -53.777902 -2.030775 -2.030775 35.523517 -43071.111077
925540891402.000000 0.006665 3.359895 3.362710 -40.000000 -37.969225 -53.777902 -2.030775 -2.030775 35.568991 -43071.111077
925540904398.000000 0.006255 3.366149 3.368812 -40.000000 -37.969225 -53.777902 -2.030775 -2.030775 35.611749 -43071.111077
925540916309.000000 0.005733 3.371880 3.374716 -40.000000 -37.969225 -53.777902 -2.030775 -2.030775 35.651006 -43071.111077
925540928558.000000 0.005896 3.377775 3.380558 -40.000000 -37.969225 -53.777902 -2.030775 -2.030775 35.691449 -43071.111077
925540940982.000000 0.005980 3.383752 3.386552 -40.000000 -37.969225 -53.777902 -2.030775 -2.030775 35.732540 -43071.111077
925540953515.000000 0.006032 3.389783 3.392539 -40.000000 -37.969225 -53.777902 -2.030775 -2.030775 35.774065 -43071.111077
925540965911.000000 0.005967 3.395749 3.398508 -40.000000 -37.969225 -53.777902 -2.030775 -2.030775 35.815212 -43071.111077
925540978273.000000 0.005950 3.401697 3.404487 -40.000000 -37.969225 -53.777902 -2.030775 -2.030775 35.856315 -43071.111077
925540990970.000000 0.006111 3.407806 3.410624 -40.000000 -37.969225 -53.777902 -2.030775 -2.030775 35.898607 -43071.111077
925541003449.000000 0.006007 3.413812 3.416519 -40.000000 -37.969225 -53.777902 -2.030775 -2.030775 35.940250 -43071.111077
925541015916.000000 0.006000 3.419810 3.422495 -40.000000 -37.969225 -53.777902 -2.030775 -2.030775 35.981922 -43071.111077
925541028178.000000 0.005902 3.425711 3.428465 -40.000000 -37.969225 -53.777902 -2.030775 -2.030775 36.022984 -43071.111077
925541040519.000000 0.005940 3.431649 3.434428 -40.000000 -37.969225 -53.777902 -2.030775 -2.030775 36.064378 -43071.111077
925541052721.000000 0.005873 3.437521 3.440288 -40.000000 -37.969225 -53.777902 -2.030775 -2.030775 36.105379 -43071.111077
925541065955.000000 0.006370 3.443889 3.447471 -40.000000 -37.969225 -53.777902 -2.030775 -2.030775 36.149930 -43071.111077
925541082655.000000 0.008038 3.451927 3.455957 -40.000000 -36.914524 -55.281591 -3.085476 -3.085476 36.235544 -46074.170591
925541100566.000000 0.008621 3.460544 3.464553 -40.000000 -36.914524 -55.281591 -3.085476 -3.085476 36.327590 -46074.170591
925541117876.000000 0.008331 3.468873 3.473179 -40.000000 -36.914524 -55.281591 -3.085476 -3.085476 36.416761 -46074.170591
925541135766.000000 0.008611 3.477482 3.480853 -40.000000 -36.914524 -55.281591 -3.085476 -3.085476 36.509154 -46074.170591
925541151602.000000 0.007622 3.485102 3.488481 -40.000000 -36.914524 -55.281591 -3.085476 -3.085476 36.591115 -46074.170591
925541167187.000000 0.007502 3.492602 3.496135 -40.000000 -36.914524 -55.281591 -3.085476 -3.085476 36.671957 -46074.170591
925541182839.000000 0.007534 3.500134 3.503546 -40.000000 -36.914524 -55.281591 -3.085476 -3.085476 36.753316 -46074.170591
925541197950.000000 0.007273 3.507404 3.510790 -40.000000 -36.914524 -55.281591 -3.085476 -3.085476 36.832027 -46074.170591
925541213362.000000 0.007418 3.514820 3.518415 -40.000000 -36.914524 -55.281591 -3.085476 -3.085476 36.912475 -46074.170591
925541229164.000000 0.007606 3.522424 3.525869 -40.000000 -36.914524 -55.281591 -3.085476 -3.085476 36.995137 -46074.170591
925541244543.000000 0.007403 3.529825 3.533194 -40.000000 -36.914524 -55.281591 -3.085476 -3.085476 37.075760 -46074.170591
925541259848.000000 0.007367 3.537189 3.540555 -40.000000 -36.914524 -55.281591 -3.085476 -3.085476 37.156158 -46074.170591
925541275004.000000 0.007295 3.544483 3.547942 -40.000000 -36.914524 -55.281591 -3.085476 -3.085476 37.235943 -46074.170591
925541290946.000000 0.007673 3.552153 3.556867 -40.000000 -35.947715 -57.209363 -4.052285 -4.052285 37.346392 -48691.159756
925541310828.000000 0.009569 3.561722 3.565536 -40.000000 -35.947715 -57.209363 -4.052285 -4.052285 37.484510 -48691.159756
925541327185.000000 0.007873 3.569591 3.573034 -40.000000 -35.947715 -57.209363 -4.052285 -4.052285 37.598389 -48691.159756
925541342600.000000 0.007419 3.577010 3.581239 -40.000000 -35.947715 -57.209363 -4.052285 -4.052285 37.705935 -48691.159756
925541361832.000000 0.009257 3.586264 3.590561 -40.000000 -35.947715 -57.209363 -4.052285 -4.052285 37.840459 -48691.159756
925541380809.000000 0.009134 3.595395 3.599118 -40.000000 -35.947715 -57.209363 -4.052285 -4.052285 37.973537 -48691.159756
925541397379.000000 0.007976 3.603368 3.606861 -40.000000 -35.947715 -57.209363 -4.052285 -4.052285 38.089998 -48691.159756
925541413039.000000 0.007538 3.610904 3.614768 -40.000000 -35.947715 -57.209363 -4.052285 -4.052285 38.200295 -48691.159756
925541430730.000000 0.008515 3.619417 3.623081 -40.000000 -35.947715 -57.209363 -4.052285 -4.052285 38.325179 -48691.159756
925541446871.000000 0.007769 3.627183 3.630728 -40.000000 -35.947715 -57.209363 -4.052285 -4.052285 38.439369 -48691.159756
925541462992.000000 0.007759 3.634941 3.638576 -40.000000 -35.947715 -57.209363 -4.052285 -4.052285 38.553661 -48691.159756
925541480090.000000 0.008229 3.643168 3.647775 -40.000000 -35.947715 -57.209363 -4.052285 -4.052285 38.675152 -48691.159756
925541500161.000000 0.009661 3.652827 3.657545 -40.000000 -33.926206 -59.661891 -6.073794 -6.073794 38.889493 -52875.593370
925541520402.000000 0.009742 3.662567 3.666500 -40.000000 -33.926206 -59.661891 -6.073794 -6.073794 39.106215 -52875.593370
925541537747.000000 0.008348 3.670912 3.674754 -40.000000 -33.926206 -59.661891 -6.073794 -6.073794 39.292350 -52875.593370
925541554967.000000 0.008288 3.679199 3.682854 -40.000000 -33.926206 -59.661891 -6.073794 -6.073794 39.477560 -52875.593370
925541570855.000000 0.007648 3.686844 3.690289 -40.000000 -33.926206 -59.661891 -6.073794 -6.073794 39.648814 -52875.593370
925541588017.000000 0.008261 3.695103 3.698948 -40.000000 -33.926206 -59.661891 -6.073794 -6.073794 39.834209 -52875.593370
925541604775.000000 0.008066 3.703165 3.706692 -40.000000 -33.926206 -59.661891 -6.073794 -6.073794 40.015626 -52875.593370
925541620730.000000 0.007679 3.710843 3.714492 -40.000000 -33.926206 -59.661891 -6.073794 -6.073794 40.188710 -52875.593370
925541636827.000000 0.007749 3.718590 3.722929 -40.000000 -33.926206 -59.661891 -6.073794 -6.073794 40.363731 -52875.593370
925541654763.000000 0.008633 3.727220 3.731001 -40.000000 -33.926206 -59.661891 -6.073794 -6.073794 40.559158 -52875.593370
925541671733.000000 0.008167 3.735385 3.738885 -40.000000 -33.926206 -59.661891 -6.073794 -6.073794 40.744457 -52875.593370
925541688670.000000 0.008152 3.743535 3.747206 -40.000000 -33.926206 -59.661891 -6.073794 -6.073794 40.929821 -52875.593370
925541705724.000000 0.008208 3.751742 3.756484 -40.000000 -32.959397 -63.005901 -7.040603 -7.040603 41.146636 -51459.385250
925541725819.000000 0.009672 3.761412 3.765559 -40.000000 -32.959397 -63.005901 -7.040603 -7.040603 41.402774 -51459.385250
925541743364.000000 0.008445 3.769855 3.773825 -40.000000 -32.959397 -63.005901 -7.040603 -7.040603 41.626933 -51459.385250
925541759990.000000 0.008002 3.777853 3.782310 -40.000000 -32.959397 -63.005901 -7.040603 -7.040603 41.839779 -51459.385250
925541779958.000000 0.009611 3.787463 3.791403 -40.000000 -32.959397 -63.005901 -7.040603 -7.040603 42.096075 -51459.385250
925541797978.000000 0.008673 3.796133 3.799640 -40.000000 -32.959397 -63.005901 -7.040603 -7.040603 42.327879 -51459.385250
925541815626.000000 0.008494 3.804626 3.808095 -40.000000 -32.959397 -63.005901 -7.040603 -7.040603 42.555419 -51459.385250
925541831191.000000 0.007492 3.812115 3.815910 -40.000000 -32.959397 -63.005901 -7.040603 -7.040603 42.756505 -51459.385250
925541847262.000000 0.007736 3.819848 3.823253 -40.000000 -32.959397 -63.005901 -7.040603 -7.040603 42.964548 -51459.385250
925541862694.000000 0.007428 3.827274 3.830884 -40.000000 -32.959397 -63.005901 -7.040603 -7.040603 43.164697 -51459.385250
925541878480.000000 0.007598 3.834869 3.838183 -40.000000 -32.959397 -63.005901 -7.040603 -7.040603 43.369829 -51459.385250
925541893843.000000 0.007394 3.842262 3.845797 -40.000000 -32.959397 -63.005901 -7.040603 -7.040603 43.569863 -51459.385250
925541910283.000000 0.007914 3.850175 3.854537 -40.000000 -32.959397 -67.345211 -7.040603 -7.040603 43.784383 -46626.246257
925541928598.000000 0.008815 3.858986 3.862752 -40.000000 -32.959397 -67.345211 -7.040603 -7.040603 44.023882 -46626.246257
925541944630.000000 0.007716 3.866701 3.870105 -40.000000 -32.959397 -67.345211 -7.040603 -7.040603 44.233952 -46626.246257
925541960230.000000 0.007509 3.874207 3.877655 -40.000000 -32.959397 -67.345211 -7.040603 -7.040603 44.438760 -46626.246257
925541975589.000000 0.007393 3.881598 3.885093 -40.000000 -32.959397 -67.345211 -7.040603 -7.040603 44.640803 -46626.246257
925541991126.000000 0.007479 3.889075 3.892659 -40.000000 -32.959397 -67.345211 -7.040603 -7.040603 44.845580 -46626.246257
925542007456.000000 0.007860 3.896933 3.900399 -40.000000 -32.959397 -67.345211 -7.040603 -7.040603 45.061227 -46626.246257
925542023228.000000 0.007591 3.904521 3.908329 -40.000000 -32.959397 -67.345211 -7.040603 -7.040603 45.269913 -46626.246257
925542039969.000000 0.008058 3.912579 3.916140 -40.000000 -32.959397 -67.345211 -7.040603 -7.040603 45.491887 -46626.246257
925542056032.000000 0.007731 3.920306 3.923708 -40.000000 -32.959397 -67.345211 -7.040603 -7.040603 45.705282 -46626.246257
925542071753.000000 0.007567 3.927871 3.931471 -40.000000 -32.959397 -67.345211 -7.040603 -7.040603 45.914537 -46626.246257
925542087604.000000 0.007630 3.935499 3.938870 -40.000000 -32.959397 -67.345211 -7.040603 -7.040603 46.125945 -46626.246257
925542103452.000000 0.007628 3.943126 3.947662 -40.000000 -32.959397 -67.345211 -7.040603 -7.040603 46.337722 -46626.246257
925542124303.000000 0.010036 3.953160 3.957754 -40.000000 -34.980906 -72.708368 -5.019094 -5.019094 46.536854 -38026.634691
925542143560.000000 0.009269 3.962425 3.965973 -40.000000 -34.980906 -72.708368 -5.019094 -5.019094 46.721188 -38026.634691
925542159828.000000 0.007830 3.970252 3.973916 -40.000000 -34.980906 -72.708368 -5.019094 -5.019094 46.877216 -38026.634691
925542176014.000000 0.007790 3.978041 3.981637 -40.000000 -34.980906 -72.708368 -5.019094 -5.019094 47.032762 -38026.634691
925542193130.000000 0.008239 3.986278 3.990020 -40.000000 -34.980906 -72.708368 -5.019094 -5.019094 47.197604 -38026.634691
925542209723.000000 0.007986 3.994261 3.997606 -40.000000 -34.980906 -72.708368 -5.019094 -5.019094 47.357710 -38026.634691
925542225354.000000 0.007524 4.001783 4.005155 -40.000000 -34.980906 -72.708368 -5.019094 -5.019094 47.508831 -38026.634691
925542240704.000000 0.007388 4.009170 4.012645 -40.000000 -34.980906 -72.708368 -5.019094 -5.019094 47.657499 -38026.634691
925542256407.000000 0.007558 4.016725 4.020523 -40.000000 -34.980906 -72.708368 -5.019094 -5.019094 47.809873 -38026.634691
925542272730.000000 0.007856 4.024580 4.028001 -40.000000 -34.980906 -72.708368 -5.019094 -5.019094 47.968570 -38026.634691
925542288438.000000 0.007561 4.032138 4.035484 -40.000000 -34.980906 -72.708368 -5.019094 -5.019094 48.121587 -38026.634691
925542303349.000000 0.007177 4.039313 4.042685 -40.000000 -34.980906 -72.708368 -5.019094 -5.019094 48.267091 -38026.634691
925542319404.000000 0.007727 4.047039 4.050797 -40.000000 -34.980906 -72.708368 -5.019094 -5.019094 48.424054 -38026.634691
925542336895.000000 0.008419 4.055456 4.059483 -40.000000 -34.980906 -79.236677 -5.019094 -5.019094 48.595419 -38160.489184
925542353525.000000 0.008004 4.063458 4.066770 -40.000000 -34.980906 -79.236677 -5.019094 -5.019094 48.758663 -38160.489184
925542368779.000000 0.007342 4.070797 4.074089 -40.000000 -34.980906 -79.236677 -5.019094 -5.019094 48.908663 -38160.489184
925542384051.000000 0.007351 4.078147 4.081410 -40.000000 -34.980906 -79.236677 -5.019094 -5.019094 49.059122 -38160.489184
925542399326.000000 0.007352 4.085496 4.088768 -40.000000 -34.980906 -79.236677 -5.019094 -5.019094 49.209881 -38160.489184
925542417288.000000 0.008646 4.094140 4.097600 -40.000000 -34.980906 -79.236677 -5.019094 -5.019094 49.387538 -38160.489184
925542433386.000000 0.007748 4.101886 4.105275 -40.000000 -34.980906 -79.236677 -5.019094 -5.019094 49.547055 -38160.489184
925542449847.000000 0.007923 4.109807 4.113735 -40.000000 -34.980906 -79.236677 -5.019094 -5.019094 49.710483 -38160.489184
925542466843.000000 0.008180 4.117986 4.121414 -40.000000 -34.980906 -79.236677 -5.019094 -5.019094 49.879557 -38160.489184
925542483191.000000 0.007869 4.125853 4.129289 -40.000000 -34.980906 -79.236677 -5.019094 -5.019094 50.042507 -38160.489184
925542498435.000000 0.007338 4.133188 4.136517 -40.000000 -34.980906 -79.236677 -5.019094 -5.019094 50.194726 -38160.489184
925542513728.000000 0.007361 4.140547 4.143905 -40.000000 -34.980906 -79.236677 -5.019094 -5.019094 50.347697 -38160.489184
925542529064.000000 0.007381 4.147926 4.151792 -40.000000 -35.947715 -87.260839 -4.052285 -4.052285 50.471769 -34548.511092
925542546414.000000 0.008351 4.156275 4.160528 -40.000000 -35.947715 -87.260839 -4.052285 -4.052285 50.612422 -34548.511092
925542563955.000000 0.008443 4.164714 4.168296 -40.000000 -35.947715 -87.260839 -4.052285 -4.052285 50.754903 -34548.511092
925542579793.000000 0.007624 4.172337 4.176012 -40.000000 -35.947715 -87.260839 -4.052285 -4.052285 50.883797 -34548.511092
925542595604.000000 0.007611 4.179945 4.183476 -40.000000 -35.947715 -87.260839 -4.052285 -4.052285 51.012707 -34548.511092
925542611559.000000 0.007679 4.187622 4.191200 -40.000000 -35.947715 -87.260839 -4.052285 -4.052285 51.143021 -34548.511092
925542627421.000000 0.007635 4.195254 4.198689 -40.000000 -35.947715 -87.260839 -4.052285 -4.052285 51.272812 -34548.511092
925542643304.000000 0.007645 4.202897 4.206441 -40.000000 -35.947715 -87.260839 -4.052285 -4.052285 51.403011 -34548.511092
925542659037.000000 0.007573 4.210467 4.213955 -40.000000 -35.947715 -87.260839 -4.052285 -4.052285 51.532214 -34548.511092
925542674861.000000 0.007616 4.218082 4.221422 -40.000000 -35.947715 -87.260839 -4.052285 -4.052285 51.662398 -34548.511092
925542690441.000000 0.007499 4.225580 4.229037 -40.000000 -35.947715 -87.260839 -4.052285 -4.052285 51.790812 -34548.511092
925542706741.000000 0.007845 4.233422 4.237253 -40.000000 -35.947715 -87.260839 -4.052285 -4.052285 51.925399 -34548.511092
925542724319.000000 0.008461 4.241881 4.245478 -40.000000 -35.947715 -87.260839 -4.052285 -4.052285 52.070834 -34548.511092
925542742602.000000 0.008800 4.250679 4.255178 -40.000000 -34.980906 -96.769042 -5.019094 -5.019094 52.258579 -37424.823591
925542761914.000000 0.009295 4.259972 4.263517 -40.000000 -34.980906 -96.769042 -5.019094 -5.019094 52.457321 -37424.823591
925542778450.000000 0.007958 4.267928 4.271443 -40.000000 -34.980906 -96.769042 -5.019094 -5.019094 52.627800 -37424.823591
925542794125.000000 0.007545 4.275470 4.278987 -40.000000 -34.980906 -96.769042 -5.019094 -5.019094 52.789700 -37424.823591
925542811080.000000 0.008161 4.283629 4.287233 -40.000000 -34.980906 -96.769042 -5.019094 -5.019094 52.965151 -37424.823591
925542826702.000000 0.007520 4.291147 4.294745 -40.000000 -34.980906 -96.769042 -5.019094 -5.019094 53.127105 -37424.823591
925542843782.000000 0.008221 4.299365 4.302969 -40.000000 -34.980906 -96.769042 -5.019094 -5.019094 53.304498 -37424.823591
925542859401.000000 0.007518 4.306882 4.310515 -40.000000 -34.980906 -96.769042 -5.019094 -5.019094 53.467005 -37424.823591
925542875633.000000 0.007813 4.314691 4.318166 -40.000000 -34.980906 -96.769042 -5.019094 -5.019094 53.636194 -37424.823591
925542891796.000000 0.007779 4.322470 4.326227 -40.000000 -34.980906 -96.769042 -5.019094 -5.019094 53.804968 -37424.823591
925542908013.000000 0.007805 4.330272 4.333799 -40.000000 -34.980906 -96.769042 -5.019094 -5.019094 53.974611 -37424.823591
925542923957.000000 0.007674 4.337945 4.341429 -40.000000 -34.980906 -96.769042 -5.019094 -5.019094 54.141695 -37424.823591
925542939486.000000 0.007474 4.345417 4.349477 -40.000000 -34.980906 -96.769042 -5.019094 -5.019094 54.304711 -37424.823591
925542957651.000000 0.008743 4.354159 4.358524 -40.000000 -33.926206 -107.409769 -6.073794 -6.073794 54.535924 -38221.693563
