754295865454.000000 0.000002 0.000005	0.000005	0.000000	0.000005	0.000000	0.000004	0.000000	0.000004	0.000000	-0.000003	0.000000	-0.000003	0.000000	2208271.263869
754295892420.000000 0.012978 0.012982	0.012985	0.000000	0.012985	0.000002	0.009947	0.000000	0.009947	0.000002	-0.008347	0.000000	-0.008347	0.000001	-19628.368410
754295926048.000000 0.016184 0.029170	0.042152	0.000000	0.042152	0.000022	0.032290	0.000000	0.032290	0.000017	-0.027095	0.000000	-0.027095	0.000014	-18179.151441
754295957976.000000 0.015365 0.044528	0.086675	0.000000	0.086675	0.000081	0.066397	0.000000	0.066397	0.000062	-0.055714	0.000000	-0.055714	0.000052	-16478.352258
754295983481.000000 0.012276 0.056801	0.143470	0.000000	0.143470	0.000181	0.109905	0.000000	0.109905	0.000139	-0.092221	0.000000	-0.092221	0.000117	-14063.291415
754296014413.000000 0.014887 0.071685	0.215148	0.000000	0.215148	0.000411	0.164813	0.000000	0.164813	0.000315	-0.138294	0.000000	-0.138294	0.000264	-12395.819971
754296042332.000000 0.013437 0.085119	0.300258	0.000000	0.300258	0.000754	0.230011	0.000000	0.230011	0.000578	-0.193002	0.000000	-0.193002	0.000485	-9217.825871
754296068256.000000 0.012476 0.097593	0.397841	0.000000	0.397841	0.001239	0.304764	0.000000	0.304764	0.000949	-0.255728	0.000000	-0.255728	0.000796	-5968.550858
754296096993.000000 0.013830 0.111420	0.509251	0.000000	0.509251	0.002024	0.390109	0.000000	0.390109	0.001550	-0.327340	0.000000	-0.327340	0.001301	-3140.298149
754296126083.000000 0.014000 0.125419	0.634658	0.000000	0.634658	0.003138	0.486176	0.000000	0.486176	0.002404	-0.407950	0.000000	-0.407950	0.002017	735.630112
754296152791.000000 0.012854 0.138271	0.772915	0.000000	0.772915	0.004512	0.592087	0.000000	0.592087	0.003456	-0.496820	0.000000	-0.496820	0.002900	5394.373590
754296183699.000000 0.014875 0.153144	0.926043	0.000000	0.926043	0.006621	0.709390	0.000000	0.709390	0.005072	-0.595249	0.000000	-0.595249	0.004256	8885.031416
754296213895.000000 0.014532 0.167674	1.093700	0.000000	1.093700	0.009286	0.837823	0.000000	0.837823	0.007114	-0.703017	0.000000	-0.703017	0.005969	14223.820799
754296244464.000000 0.014711 0.182383	1.276065	0.000000	1.276065	0.012710	0.977522	0.000000	0.977522	0.009736	-0.820239	0.000000	-0.820239	0.008170	19420.826756
754296271448.000000 0.012986 0.195367	1.471413	0.000000	1.471413	0.016443	1.127168	0.000000	1.127168	0.012596	-0.945806	0.000000	-0.945806	0.010570	26148.976222
754296301047.000000 0.014245 0.209610	1.681002	0.000000	1.681002	0.021462	1.287722	0.000000	1.287722	0.016441	-1.080527	0.000000	-1.080527	0.013796	31067.847219
754296327267.000000 0.012619 0.222227	1.903207	0.000000	1.903207	0.026800	1.457941	0.000000	1.457941	0.020530	-1.223358	0.000000	-1.223358	0.017226	38908.210190
754296350831.000000 0.011341 0.233566	2.000000	0.000000	2.000000	0.032098	1.532089	0.000000	1.532089	0.024588	-1.285575	0.000000	-1.285575	0.020632	34735.578144
754296375286.000000 0.011770 0.245333	2.000000	-0.003000	2.003000	0.037881	1.532089	-0.003000	1.535089	0.029021	-1.285575	0.000000	-1.285575	0.024344	35310.067766
754296415005.000000 0.019115 0.264447	2.000000	-0.003000	2.003000	0.048006	1.532089	-0.003000	1.535089	0.036780	-1.285575	0.000000	-1.285575	0.030842	36501.706301
754296442044.000000 0.013013 0.277457	2.000000	-0.003000	2.003000	0.055238	1.532089	-0.003000	1.535089	0.042323	-1.285575	0.000000	-1.285575	0.035484	35712.972478
754296471605.000000 0.014226 0.291682	2.000000	-0.003000	2.003000	0.063550	1.532089	-0.003000	1.535089	0.048693	-1.285575	0.000000	-1.285575	0.040819	34883.802306
754296498892.000000 0.013132 0.304811	2.000000	-0.003000	2.003000	0.071568	1.532089	-0.003000	1.535089	0.054838	-1.285575	0.000000	-1.285575	0.045965	34017.307746
754296526732.000000 0.013399 0.318208	2.000000	-0.003000	2.003000	0.080108	1.532089	-0.003000	1.535089	0.061383	-1.285575	0.000000	-1.285575	0.051446	33112.729618
754296554142.000000 0.013191 0.331398	2.000000	-0.003000	2.003000	0.088864	1.532089	-0.003000	1.535089	0.068094	-1.285575	0.000000	-1.285575	0.057066	32170.657483
754296577478.000000 0.011232 0.342627	2.000000	-0.003000	2.003000	0.096572	1.532089	-0.003000	1.535089	0.074001	-1.285575	0.000000	-1.285575	0.062013	31196.664146
754296618131.000000 0.019564 0.362189	2.000000	-0.010000	2.010000	0.110815	1.532089	-0.010000	1.542089	0.084928	-1.285575	0.000000	-1.285575	0.071123	28170.967300
754296641363.000000 0.011181 0.373367	2.000000	-0.010000	2.010000	0.119206	1.532089	-0.010000	1.542089	0.091366	-1.285575	0.000000	-1.285575	0.076490	27109.587348
754296662130.000000 0.009995 0.383360	2.000000	-0.010000	2.010000	0.126908	1.532089	-0.010000	1.542089	0.097275	-1.285575	0.000000	-1.285575	0.081416	26019.800318
754296680185.000000 0.008690 0.392048	2.000000	-0.010000	2.010000	0.133755	1.532089	-0.010000	1.542089	0.102528	-1.285575	0.000000	-1.285575	0.085795	24905.317309
754296696307.000000 0.007760 0.399806	2.000000	-0.010000	2.010000	0.139992	1.532089	-0.010000	1.542089	0.107313	-1.285575	0.000000	-1.285575	0.089784	23768.779725
754296712452.000000 0.007771 0.407574	2.000000	-0.010000	2.010000	0.146358	1.532089	-0.010000	1.542089	0.112197	-1.285575	0.000000	-1.285575	0.093856	22610.158842
754296727945.000000 0.007457 0.415029	2.000000	-0.010000	2.010000	0.152578	1.532089	-0.010000	1.542089	0.116970	-1.285575	0.000000	-1.285575	0.097834	21430.345160
754296743279.000000 0.007381 0.422409	2.000000	-0.010000	2.010000	0.158845	1.532089	-0.010000	1.542089	0.121777	-1.285575	0.000000	-1.285575	0.101842	20229.554805
754296758115.000000 0.007141 0.429547	2.000000	-0.010000	2.010000	0.165010	1.532089	-0.010000	1.542089	0.126507	-1.285575	0.000000	-1.285575	0.105785	19008.471725
754296772521.000000 0.006933 0.436479	2.000000	-0.010000	2.010000	0.171093	1.532089	-0.010000	1.542089	0.131174	-1.285575	0.000000	-1.285575	0.109676	17767.682748
754296787209.000000 0.007070 0.443548	2.000000	-0.010000	2.010000	0.177396	1.532089	-0.010000	1.542089	0.136010	-1.285575	0.000000	-1.285575	0.113708	16506.798023
754296804125.000000 0.008142 0.451688	2.000000	-0.020000	2.020000	0.184825	1.532089	-0.020000	1.552089	0.141718	-1.285575	0.000000	-1.285575	0.118436	10762.464951
754296821685.000000 0.008452 0.460137	2.000000	-0.020000	2.020000	0.192681	1.532089	-0.020000	1.552089	0.147755	-1.285575	0.000000	-1.285575	0.123435	9486.037730
754296836314.000000 0.007041 0.467175	2.000000	-0.020000	2.020000	0.199326	1.532089	-0.020000	1.552089	0.152860	-1.285575	0.000000	-1.285575	0.127664	8190.087244
754296850839.000000 0.006991 0.474166	2.000000	-0.020000	2.020000	0.206022	1.532089	-0.020000	1.552089	0.158005	-1.285575	0.000000	-1.285575	0.131926	6874.745642
754296865613.000000 0.007111 0.481274	2.000000	-0.020000	2.020000	0.212935	1.532089	-0.020000	1.552089	0.163317	-1.285575	0.000000	-1.285575	0.136325	5539.685890
754296879952.000000 0.006902 0.488174	2.000000	-0.020000	2.020000	0.219741	1.532089	-0.020000	1.552089	0.168546	-1.285575	0.000000	-1.285575	0.140657	4185.484634
754296894316.000000 0.006914 0.495085	2.000000	-0.020000	2.020000	0.226655	1.532089	-0.020000	1.552089	0.173859	-1.285575	0.000000	-1.285575	0.145057	2812.111175
754296909029.000000 0.007081 0.502165	2.000000	-0.020000	2.020000	0.233838	1.532089	-0.020000	1.552089	0.179378	-1.285575	0.000000	-1.285575	0.149629	1419.098320
754296923569.000000 0.006998 0.509162	2.000000	-0.020000	2.020000	0.241036	1.532089	-0.020000	1.552089	0.184908	-1.285575	0.000000	-1.285575	0.154209	6.675661
754296937418.000000 0.006665 0.515826	2.000000	-0.020000	2.020000	0.247981	1.532089	-0.020000	1.552089	0.190245	-1.285575	0.000000	-1.285575	0.158629	-1424.231763
754296951463.000000 0.006761 0.522585	2.000000	-0.020000	2.020000	0.255118	1.532089	-0.020000	1.552089	0.195728	-1.285575	0.000000	-1.285575	0.163171	-2873.889584
754296965196.000000 0.006610 0.529193	2.000000	-0.020000	2.020000	0.262183	1.532089	-0.020000	1.552089	0.201157	-1.285575	0.000000	-1.285575	0.167668	-4341.877329
754296979071.000000 0.006678 0.535869	2.000000	-0.020000	2.020000	0.269412	1.532089	-0.020000	1.552089	0.206711	-1.285575	0.000000	-1.285575	0.172268	-5828.384545
754296993115.000000 0.006760 0.542627	2.000000	-0.020000	2.020000	0.276821	1.532089	-0.020000	1.552089	0.212404	-1.285575	0.000000	-1.285575	0.176984	-7333.638154
754297008054.000000 0.007190 0.549815	2.000000	-0.028000	2.028000	0.284838	1.532089	-0.028000	1.560089	0.218572	-1.285575	0.000000	-1.285575	0.182066	12247.069436
754297024351.000000 0.007844 0.557659	2.000000	-0.028000	2.028000	0.293710	1.532089	-0.028000	1.560089	0.225396	-1.285575	0.000000	-1.285575	0.187690	10530.373165
754297038577.000000 0.006848 0.564504	2.000000	-0.028000	2.028000	0.301549	1.532089	-0.028000	1.560089	0.231427	-1.285575	0.000000	-1.285575	0.192659	8792.605384
754297052483.000000 0.006693 0.571195	2.000000	-0.028000	2.028000	0.309303	1.532089	-0.028000	1.560089	0.237392	-1.285575	0.000000	-1.285575	0.197574	7034.240110
754297066150.000000 0.006578 0.577771	2.000000	-0.028000	2.028000	0.317011	1.532089	-0.028000	1.560089	0.243321	-1.285575	0.000000	-1.285575	0.202461	5255.629892
754297080320.000000 0.006820 0.584589	2.000000	-0.028000	2.028000	0.325096	1.532089	-0.028000	1.560089	0.249541	-1.285575	0.000000	-1.285575	0.207586	3456.031117
754297095439.000000 0.007278 0.591866	2.000000	-0.028000	2.028000	0.333831	1.532089	-0.028000	1.560089	0.256261	-1.285575	0.000000	-1.285575	0.213123	1634.032105
754297110141.000000 0.007076 0.598939	2.000000	-0.028000	2.028000	0.342427	1.532089	-0.028000	1.560089	0.262873	-1.285575	0.000000	-1.285575	0.218572	-209.742035
754297124437.000000 0.006881 0.605818	2.000000	-0.028000	2.028000	0.350880	1.532089	-0.028000	1.560089	0.269376	-1.285575	0.000000	-1.285575	0.223931	-2074.691376
754297139276.000000 0.007142 0.612958	2.000000	-0.028000	2.028000	0.359759	1.532089	-0.028000	1.560089	0.276206	-1.285575	0.000000	-1.285575	0.229559	-3961.621745
754297153961.000000 0.007068 0.620024	2.000000	-0.028000	2.028000	0.368646	1.532089	-0.028000	1.560089	0.283043	-1.285575	0.000000	-1.285575	0.235193	-5870.305023
754297171250.000000 0.008321 0.628345	2.000000	-0.028000	2.028000	0.379250	1.532089	-0.028000	1.560089	0.291200	-1.285575	0.000000	-1.285575	0.241915	-7804.602961
754297188616.000000 0.008358 0.636702	2.000000	-0.028000	2.028000	0.390042	1.532089	-0.028000	1.560089	0.299503	-1.285575	0.000000	-1.285575	0.248756	-9764.625176
754297207262.000000 0.008974 0.645674	2.000000	-0.032016	2.032016	0.401817	1.532089	-0.032000	1.564089	0.308566	-1.285575	0.001000	-1.286575	0.256211	-11752.267734
754297231778.000000 0.011799 0.657471	2.000000	-0.032016	2.032016	0.417581	1.532089	-0.032000	1.564089	0.320699	-1.285575	0.001000	-1.286575	0.266192	-40561.755090
754297260050.000000 0.013606 0.671076	2.000000	-0.032016	2.032016	0.436134	1.532089	-0.032000	1.564089	0.334981	-1.285575	0.001000	-1.286575	0.277940	-42423.327639
754297288727.000000 0.013802 0.684875	2.000000	-0.032016	2.032016	0.455342	1.532089	-0.032000	1.564089	0.349765	-1.285575	0.001000	-1.286575	0.290101	-44323.179190
754297316166.000000 0.013206 0.698079	2.000000	-0.032016	2.032016	0.474074	1.532089	-0.032000	1.564089	0.364184	-1.285575	0.001000	-1.286575	0.301961	-46259.658553
754297335895.000000 0.009496 0.707572	2.000000	-0.032016	2.032016	0.487727	1.532089	-0.032000	1.564089	0.374693	-1.285575	0.001000	-1.286575	0.310606	-48222.471499
754297354524.000000 0.008966 0.716535	2.000000	-0.032016	2.032016	0.500782	1.532089	-0.032000	1.564089	0.384741	-1.285575	0.001000	-1.286575	0.318871	-50210.148375
754297375380.000000 0.010038 0.726571	2.000000	-0.032016	2.032016	0.515602	1.532089	-0.032000	1.564089	0.396149	-1.285575	0.001000	-1.286575	0.328255	-52225.665860
754297395228.000000 0.009553 0.736122	2.000000	-0.032016	2.032016	0.529892	1.532089	-0.032000	1.564089	0.407148	-1.285575	0.001000	-1.286575	0.337302	-54267.677107
754297412658.000000 0.008390 0.744510	2.000000	-0.034015	2.034015	0.542597	1.532089	-0.034000	1.566089	0.416930	-1.285575	0.001000	-1.286575	0.345339	-56332.957160
754297435200.000000 0.010849 0.755357	2.000000	-0.034015	2.034015	0.559266	1.532089	-0.034000	1.566089	0.429764	-1.285575	0.001000	-1.286575	0.355882	-70288.947744
754297457049.000000 0.010515 0.765868	2.000000	-0.034015	2.034015	0.575646	1.532089	-0.034000	1.566089	0.442376	-1.285575	0.001000	-1.286575	0.366243	-72180.699916
754297474841.000000 0.008564 0.774431	2.000000	-0.034015	2.034015	0.589136	1.532089	-0.034000	1.566089	0.452763	-1.285575	0.001000	-1.286575	0.374776	-74093.602869
754297492548.000000 0.008522 0.782951	2.000000	-0.034015	2.034015	0.602709	1.532089	-0.034000	1.566089	0.463213	-1.285575	0.001000	-1.286575	0.383361	-76027.550819
754297509789.000000 0.008298 0.791246	2.000000	-0.034015	2.034015	0.616064	1.532089	-0.034000	1.566089	0.473496	-1.285575	0.001000	-1.286575	0.391809	-77981.988699
754297526545.000000 0.008065 0.799310	2.000000	-0.034015	2.034015	0.629176	1.532089	-0.034000	1.566089	0.483591	-1.285575	0.001000	-1.286575	0.400102	-79042.792202
754297542313.000000 0.007589 0.806896	2.000000	-0.034015	2.034015	0.641631	1.532089	-0.034000	1.566089	0.493181	-1.285575	0.001000	-1.286575	0.407980	-79042.792202
754297556100.000000 0.006636 0.813531	2.000000	-0.034015	2.034015	0.652612	1.532089	-0.034000	1.566089	0.501636	-1.285575	0.001000	-1.286575	0.414926	-79042.792202
754297571506.000000 0.007415 0.820944	2.000000	-0.034015	2.034015	0.664994	1.532089	-0.034000	1.566089	0.511169	-1.285575	0.001000	-1.286575	0.422758	-79042.792202
754297586585.000000 0.007258 0.828201	2.000000	-0.034015	2.034015	0.677220	1.532089	-0.034000	1.566089	0.520583	-1.285575	0.001000	-1.286575	0.430492	-79042.792202
754297600374.000000 0.006637 0.834835	2.000000	-0.034015	2.034015	0.688490	1.532089	-0.034000	1.566089	0.529261	-1.285575	0.001000	-1.286575	0.437621	-79042.792202
754297614155.000000 0.006633 0.841466	2.000000	-0.034015	2.034015	0.699843	1.532089	-0.034000	1.566089	0.538001	-1.285575	0.001000	-1.286575	0.444801	-79042.792202
754297628246.000000 0.006782 0.848247	2.000000	-0.032016	2.032016	0.711533	1.532089	-0.032000	1.564089	0.547000	-1.285575	0.001000	-1.286575	0.452203	-89082.808043
754297644735.000000 0.007936 0.856182	2.000000	-0.032016	2.032016	0.725340	1.532089	-0.032000	1.564089	0.557628	-1.285575	0.001000	-1.286575	0.460945	-89082.808043
754297659971.000000 0.007334 0.863514	2.000000	-0.032016	2.032016	0.738209	1.532089	-0.032000	1.564089	0.567533	-1.285575	0.001000	-1.286575	0.469093	-89082.808043
754297674544.000000 0.007014 0.870525	2.000000	-0.032016	2.032016	0.750617	1.532089	-0.032000	1.564089	0.577083	-1.285575	0.001000	-1.286575	0.476949	-89082.808043
754297689143.000000 0.007028 0.877553	2.000000	-0.032016	2.032016	0.763150	1.532089	-0.032000	1.564089	0.586730	-1.285575	0.001000	-1.286575	0.484884	-89082.808043
754297704027.000000 0.007164 0.884714	2.000000	-0.032016	2.032016	0.776029	1.532089	-0.032000	1.564089	0.596644	-1.285575	0.001000	-1.286575	0.493039	-89082.808043
754297721113.000000 0.008224 0.892934	2.000000	-0.032016	2.032016	0.790951	1.532089	-0.032000	1.564089	0.608129	-1.285575	0.001000	-1.286575	0.502487	-89082.808043
754297736205.000000 0.007266 0.900198	2.000000	-0.032016	2.032016	0.804243	1.532089	-0.032000	1.564089	0.618361	-1.285575	0.001000	-1.286575	0.510902	-89082.808043
754297751543.000000 0.007382 0.907576	2.000000	-0.032016	2.032016	0.817858	1.532089	-0.032000	1.564089	0.628840	-1.285575	0.001000	-1.286575	0.519523	-89082.808043
754297766345.000000 0.007125 0.914699	2.000000	-0.032016	2.032016	0.831100	1.532089	-0.032000	1.564089	0.639033	-1.285575	0.001000	-1.286575	0.527907	-89082.808043
754297781854.000000 0.007465 0.922162	2.000000	-0.032016	2.032016	0.845088	1.532089	-0.032000	1.564089	0.649800	-1.285575	0.001000	-1.286575	0.536763	-89082.808043
754297796681.000000 0.007137 0.929297	2.000000	-0.032016	2.032016	0.858564	1.532089	-0.032000	1.564089	0.660173	-1.285575	0.001000	-1.286575	0.545296	-89082.808043
754297811611.000000 0.007186 0.936481	2.000000	-0.032016	2.032016	0.872239	1.532089	-0.032000	1.564089	0.670698	-1.285575	0.001000	-1.286575	0.553954	-89082.808043
754297827589.000000 0.007690 0.944169	2.000000	-0.032016	2.032016	0.886992	1.532089	-0.032000	1.564089	0.682055	-1.285575	0.001000	-1.286575	0.563295	-89082.808043
754297843258.000000 0.007542 0.951710	2.000000	-0.028018	2.028018	0.901548	1.532089	-0.028000	1.560089	0.693252	-1.285575	0.001000	-1.286575	0.572530	-98966.015690
754297860815.000000 0.008450 0.960157	2.000000	-0.028018	2.028018	0.918002	1.532089	-0.028000	1.560089	0.705909	-1.285575	0.001000	-1.286575	0.582968	-98966.015690
754297875906.000000 0.007264 0.967419	2.000000	-0.028018	2.028018	0.932253	1.532089	-0.028000	1.560089	0.716872	-1.285575	0.001000	-1.286575	0.592009	-98966.015690
754297890701.000000 0.007121 0.974538	2.000000	-0.028018	2.028018	0.946326	1.532089	-0.028000	1.560089	0.727698	-1.285575	0.001000	-1.286575	0.600937	-98966.015690
754297905662.000000 0.007201 0.981737	2.000000	-0.028018	2.028018	0.960662	1.532089	-0.028000	1.560089	0.738726	-1.285575	0.001000	-1.286575	0.610031	-98966.015690
754297920745.000000 0.007260 0.988995	2.000000	-0.028018	2.028018	0.975223	1.532089	-0.028000	1.560089	0.749928	-1.285575	0.001000	-1.286575	0.619269	-98966.015690
754297935924.000000 0.007305 0.996299	2.000000	-0.028018	2.028018	0.989984	1.532089	-0.028000	1.560089	0.761283	-1.285575	0.001000	-1.286575	0.628633	-98966.015690
754297950630.000000 0.007078 1.003377	2.000000	-0.028018	2.028018	1.004387	1.532089	-0.028000	1.560089	0.772363	-1.285575	0.001000	-1.286575	0.637771	-98966.015690
754297966130.000000 0.007461 1.010835	2.000000	-0.028018	2.028018	1.019683	1.532089	-0.028000	1.560089	0.784129	-1.285575	0.001000	-1.286575	0.647474	-98966.015690
754297986141.000000 0.009631 1.020463	2.000000	-0.028018	2.028018	1.039614	1.532089	-0.028000	1.560089	0.799462	-1.285575	0.001000	-1.286575	0.660119	-98966.015690
754298003430.000000 0.008321 1.028782	2.000000	-0.028018	2.028018	1.056975	1.532089	-0.028000	1.560089	0.812817	-1.285575	0.001000	-1.286575	0.671132	-98966.015690
754298017724.000000 0.006880 1.035661	2.000000	-0.028018	2.028018	1.071425	1.532089	-0.028000	1.560089	0.823933	-1.285575	0.001000	-1.286575	0.680300	-98966.015690
754298031708.000000 0.006730 1.042389	2.000000	-0.028018	2.028018	1.085653	1.532089	-0.028000	1.560089	0.834878	-1.285575	0.001000	-1.286575	0.689326	-98966.015690
754298046892.000000 0.007308 1.049696	2.000000	-0.021213	2.021213	1.101158	1.532089	-0.021000	1.553089	0.846792	-1.285575	0.003000	-1.288575	0.699211	-72087.527486
754298063609.000000 0.008046 1.057741	2.000000	-0.021213	2.021213	1.118360	1.532089	-0.021000	1.553089	0.860010	-1.285575	0.003000	-1.288575	0.710177	-72087.527486
754298078372.000000 0.007105 1.064843	2.000000	-0.021213	2.021213	1.133652	1.532089	-0.021000	1.553089	0.871760	-1.285575	0.003000	-1.288575	0.719927	-72087.527486
754298092667.000000 0.006881 1.071723	2.000000	-0.021213	2.021213	1.148557	1.532089	-0.021000	1.553089	0.883213	-1.285575	0.003000	-1.288575	0.729429	-72087.527486
754298106857.000000 0.006831 1.078551	2.000000	-0.021213	2.021213	1.163447	1.532089	-0.021000	1.553089	0.894655	-1.285575	0.003000	-1.288575	0.738922	-72087.527486
754298123017.000000 0.007778 1.086327	2.000000	-0.021213	2.021213	1.180526	1.532089	-0.021000	1.553089	0.907778	-1.285575	0.003000	-1.288575	0.749810	-72087.527486
754298137225.000000 0.006839 1.093163	2.000000	-0.021213	2.021213	1.195637	1.532089	-0.021000	1.553089	0.919389	-1.285575	0.003000	-1.288575	0.759443	-72087.527486
754298151049.000000 0.006654 1.099816	2.000000	-0.021213	2.021213	1.210429	1.532089	-0.021000	1.553089	0.930755	-1.285575	0.003000	-1.288575	0.768874	-72087.527486
754298165415.000000 0.006915 1.106728	2.000000	-0.021213	2.021213	1.225897	1.532089	-0.021000	1.553089	0.942641	-1.285575	0.003000	-1.288575	0.778735	-72087.527486
754298179759.000000 0.006904 1.113630	2.000000	-0.021213	2.021213	1.241436	1.532089	-0.021000	1.553089	0.954581	-1.285575	0.003000	-1.288575	0.788642	-72087.527486
754298193995.000000 0.006852 1.120481	2.000000	-0.021213	2.021213	1.256955	1.532089	-0.021000	1.553089	0.966505	-1.285575	0.003000	-1.288575	0.798535	-72087.527486
754298208538.000000 0.007000 1.127479	2.000000	-0.021213	2.021213	1.272906	1.532089	-0.021000	1.553089	0.978763	-1.285575	0.003000	-1.288575	0.808705	-72087.527486
754298222642.000000 0.006789 1.134266	2.000000	-0.021213	2.021213	1.288470	1.532089	-0.021000	1.553089	0.990722	-1.285575	0.003000	-1.288575	0.818627	-72087.527486
754298237484.000000 0.007143 1.141407	2.000000	-0.021213	2.021213	1.304950	1.532089	-0.021000	1.553089	1.003384	-1.285575	0.003000	-1.288575	0.829133	-72087.527486
754298252736.000000 0.007341 1.148747	2.000000	-0.012083	2.012083	1.321918	1.532089	-0.011000	1.543089	1.016397	-1.285575	0.005000	-1.290575	0.840017	-62603.843694
754298270550.000000 0.008574 1.157319	2.000000	-0.012083	2.012083	1.341883	1.532089	-0.011000	1.543089	1.031709	-1.285575	0.005000	-1.290575	0.852823	-62603.843694
754298286381.000000 0.007620 1.164937	2.000000	-0.012083	2.012083	1.359743	1.532089	-0.011000	1.543089	1.045406	-1.285575	0.005000	-1.290575	0.864278	-62603.843694
754298301001.000000 0.007038 1.171972	2.000000	-0.012083	2.012083	1.376339	1.532089	-0.011000	1.543089	1.058134	-1.285575	0.005000	-1.290575	0.874923	-62603.843694
754298315765.000000 0.007106 1.179076	2.000000	-0.012083	2.012083	1.393198	1.532089	-0.011000	1.543089	1.071063	-1.285575	0.005000	-1.290575	0.885737	-62603.843694
754298330612.000000 0.007146 1.186220	2.000000	-0.012083	2.012083	1.410254	1.532089	-0.011000	1.543089	1.084144	-1.285575	0.005000	-1.290575	0.896677	-62603.843694
754298345678.000000 0.007251 1.193469	2.000000	-0.012083	2.012083	1.427667	1.532089	-0.011000	1.543089	1.097498	-1.285575	0.005000	-1.290575	0.907846	-62603.843694
754298360454.000000 0.007112 1.200580	2.000000	-0.012083	2.012083	1.444848	1.532089	-0.011000	1.543089	1.110674	-1.285575	0.005000	-1.290575	0.918866	-62603.843694
754298374885.000000 0.006946 1.207523	2.000000	-0.012083	2.012083	1.461723	1.532089	-0.011000	1.543089	1.123616	-1.285575	0.005000	-1.290575	0.929690	-62603.843694
754298389817.000000 0.007188 1.214710	2.000000	-0.012083	2.012083	1.479291	1.532089	-0.011000	1.543089	1.137088	-1.285575	0.005000	-1.290575	0.940958	-62603.843694
754298406934.000000 0.008238 1.222945	2.000000	-0.012083	2.012083	1.499563	1.532089	-0.011000	1.543089	1.152635	-1.285575	0.005000	-1.290575	0.953960	-62603.843694
754298423864.000000 0.008149 1.231092	2.000000	-0.012083	2.012083	1.519747	1.532089	-0.011000	1.543089	1.168115	-1.285575	0.005000	-1.290575	0.966907	-62603.843694
754298441329.000000 0.008406 1.239497	2.000000	-0.012083	2.012083	1.540712	1.532089	-0.011000	1.543089	1.184193	-1.285575	0.005000	-1.290575	0.980354	-62603.843694
754298458694.000000 0.008358 1.247852	2.000000	0.006325	1.993675	1.561506	1.532089	0.002000	1.530089	1.200152	-1.285575	0.006000	-1.291575	0.993825	-90272.652986
754298478053.000000 0.009317 1.257169	2.000000	0.006325	1.993675	1.584859	1.532089	0.002000	1.530089	1.218075	-1.285575	0.006000	-1.291575	1.008954	-90272.652986
754298498576.000000 0.009878 1.267044	2.000000	0.006325	1.993675	1.609811	1.532089	0.002000	1.530089	1.237225	-1.285575	0.006000	-1.291575	1.025119	-90272.652986
754298518882.000000 0.009773 1.276815	2.000000	0.006325	1.993675	1.634690	1.532089	0.002000	1.530089	1.256319	-1.285575	0.006000	-1.291575	1.041237	-90272.652986
754298535515.000000 0.008005 1.284817	2.000000	0.006325	1.993675	1.655196	1.532089	0.002000	1.530089	1.272056	-1.285575	0.006000	-1.291575	1.054521	-90272.652986
754298551721.000000 0.007801 1.292617	2.000000	0.006325	1.993675	1.675298	1.532089	0.002000	1.530089	1.287484	-1.285575	0.006000	-1.291575	1.067544	-90272.652986
754298567164.000000 0.007434 1.300048	2.000000	0.006325	1.993675	1.694566	1.532089	0.002000	1.530089	1.302272	-1.285575	0.006000	-1.291575	1.080026	-90272.652986
754298583399.000000 0.007814 1.307859	2.000000	0.006325	1.993675	1.714941	1.532089	0.002000	1.530089	1.317909	-1.285575	0.006000	-1.291575	1.093226	-90272.652986
754298599882.000000 0.007934 1.315792	2.000000	0.006325	1.993675	1.735755	1.532089	0.002000	1.530089	1.333883	-1.285575	0.006000	-1.291575	1.106710	-90272.652986
754298616564.000000 0.008031 1.323820	2.000000	0.006325	1.993675	1.756950	1.532089	0.002000	1.530089	1.350149	-1.285575	0.006000	-1.291575	1.120441	-90272.652986
754298632843.000000 0.007836 1.331652	2.000000	0.006325	1.993675	1.777754	1.532089	0.002000	1.530089	1.366116	-1.285575	0.006000	-1.291575	1.133918	-90272.652986
754298648786.000000 0.007674 1.339324	2.000000	0.006325	1.993675	1.798245	1.532089	0.002000	1.530089	1.381842	-1.285575	0.006000	-1.291575	1.147193	-90272.652986
754298665109.000000 0.007856 1.347177	2.000000	0.019698	1.980302	1.819204	1.532089	0.018000	1.514089	1.397867	-1.285575	0.008000	-1.293575	1.160884	-63372.622277
754298683834.000000 0.009013 1.356189	2.000000	0.019698	1.980302	1.843411	1.532089	0.018000	1.514089	1.416375	-1.285575	0.008000	-1.293575	1.176697	-63372.622277
754298701548.000000 0.008526 1.364712	2.000000	0.019698	1.980302	1.866453	1.532089	0.018000	1.514089	1.433993	-1.285575	0.008000	-1.293575	1.191748	-63372.622277
754298719057.000000 0.008428 1.373137	2.000000	0.019698	1.980302	1.889370	1.532089	0.018000	1.514089	1.451514	-1.285575	0.008000	-1.293575	1.206718	-63372.622277
754298738246.000000 0.009236 1.382371	2.000000	0.019698	1.980302	1.914654	1.532089	0.018000	1.514089	1.470845	-1.285575	0.008000	-1.293575	1.223234	-63372.622277
754298754605.000000 0.007874 1.390242	2.000000	0.019698	1.980302	1.936331	1.532089	0.018000	1.514089	1.487419	-1.285575	0.008000	-1.293575	1.237394	-63372.622277
754298770394.000000 0.007599 1.397839	2.000000	0.019698	1.980302	1.957367	1.532089	0.018000	1.514089	1.503503	-1.285575	0.008000	-1.293575	1.251135	-63372.622277
754298787363.000000 0.008167 1.406005	2.000000	0.019698	1.980302	1.980107	1.532089	0.018000	1.514089	1.520890	-1.285575	0.008000	-1.293575	1.265990	-63372.622277
754298804224.000000 0.008115 1.414118	2.000000	0.019698	1.980302	2.002833	1.532089	0.018000	1.514089	1.538265	-1.285575	0.008000	-1.293575	1.280835	-63372.622277
754298822045.000000 0.008577 1.422694	2.000000	0.019698	1.980302	2.026999	1.532089	0.018000	1.514089	1.556742	-1.285575	0.008000	-1.293575	1.296620	-63372.622277
754298840047.000000 0.008665 1.431358	2.000000	0.019698	1.980302	2.051561	1.532089	0.018000	1.514089	1.575521	-1.285575	0.008000	-1.293575	1.312664	-63372.622277
754298857998.000000 0.008640 1.439994	2.000000	0.019698	1.980302	2.076199	1.532089	0.018000	1.514089	1.594359	-1.285575	0.008000	-1.293575	1.328759	-63372.622277
754298874680.000000 0.008030 1.448022	2.000000	0.039294	1.960706	2.098997	1.532089	0.038000	1.494089	1.611731	-1.285575	0.010000	-1.295575	1.343823	-51831.707059
754298894792.000000 0.009680 1.457701	2.000000	0.039294	1.960706	2.126664	1.532089	0.038000	1.494089	1.632814	-1.285575	0.010000	-1.295575	1.362104	-51831.707059
754298913739.000000 0.009119 1.466816	2.000000	0.039294	1.960706	2.152890	1.532089	0.038000	1.494089	1.652799	-1.285575	0.010000	-1.295575	1.379434	-51831.707059
754298930527.000000 0.008081 1.474895	2.000000	0.039294	1.960706	2.176260	1.532089	0.038000	1.494089	1.670607	-1.285575	0.010000	-1.295575	1.394876	-51831.707059
754298948046.000000 0.008432 1.483325	2.000000	0.039294	1.960706	2.200783	1.532089	0.038000	1.494089	1.689294	-1.285575	0.010000	-1.295575	1.411080	-51831.707059
754298964463.000000 0.007902 1.491224	2.000000	0.039294	1.960706	2.223886	1.532089	0.038000	1.494089	1.706899	-1.285575	0.010000	-1.295575	1.426346	-51831.707059
754298980937.000000 0.007929 1.499151	2.000000	0.039294	1.960706	2.247193	1.532089	0.038000	1.494089	1.724659	-1.285575	0.010000	-1.295575	1.441746	-51831.707059
754298996924.000000 0.007695 1.506844	2.000000	0.039294	1.960706	2.269927	1.532089	0.038000	1.494089	1.741982	-1.285575	0.010000	-1.295575	1.456768	-51831.707059
754299013937.000000 0.008188 1.515030	2.000000	0.039294	1.960706	2.294251	1.532089	0.038000	1.494089	1.760518	-1.285575	0.010000	-1.295575	1.472841	-51831.707059
754299030359.000000 0.007905 1.522933	2.000000	0.039294	1.960706	2.317854	1.532089	0.038000	1.494089	1.778504	-1.285575	0.010000	-1.295575	1.488437	-51831.707059
754299046702.000000 0.007866 1.530797	2.000000	0.039294	1.960706	2.341463	1.532089	0.038000	1.494089	1.796494	-1.285575	0.010000	-1.295575	1.504037	-51831.707059
754299064088.000000 0.008368 1.539163	2.000000	0.039294	1.960706	2.366716	1.532089	0.038000	1.494089	1.815738	-1.285575	0.010000	-1.295575	1.520724	-51831.707059
754299080413.000000 0.007857 1.547018	2.000000	0.060828	1.939172	2.390288	1.532089	0.060000	1.472089	1.833632	-1.285575	0.010000	-1.295575	1.536472	-46930.904874
754299098635.000000 0.008771 1.555788	2.000000	0.060828	1.939172	2.416750	1.532089	0.060000	1.472089	1.853720	-1.285575	0.010000	-1.295575	1.554152	-46930.904874
754299116450.000000 0.008575 1.564360	2.000000	0.060828	1.939172	2.442762	1.532089	0.060000	1.472089	1.873467	-1.285575	0.010000	-1.295575	1.571531	-46930.904874
754299135074.000000 0.008964 1.573320	2.000000	0.060828	1.939172	2.470110	1.532089	0.060000	1.472089	1.894227	-1.285575	0.010000	-1.295575	1.589802	-46930.904874
754299150852.000000 0.007594 1.580913	2.000000	0.060828	1.939172	2.493391	1.532089	0.060000	1.472089	1.911901	-1.285575	0.010000	-1.295575	1.605356	-46930.904874
754299166781.000000 0.007667 1.588578	2.000000	0.060828	1.939172	2.517009	1.532089	0.060000	1.472089	1.929830	-1.285575	0.010000	-1.295575	1.621135	-46930.904874
754299184325.000000 0.008444 1.597020	2.000000	0.060828	1.939172	2.543159	1.532089	0.060000	1.472089	1.949681	-1.285575	0.010000	-1.295575	1.638606	-46930.904874
754299200385.000000 0.007730 1.604748	2.000000	0.060828	1.939172	2.567215	1.532089	0.060000	1.472089	1.967943	-1.285575	0.010000	-1.295575	1.654678	-46930.904874
754299217062.000000 0.008027 1.612773	2.000000	0.060828	1.939172	2.592320	1.532089	0.060000	1.472089	1.987000	-1.285575	0.010000	-1.295575	1.671451	-46930.904874
754299233535.000000 0.007929 1.620700	2.000000	0.060828	1.939172	2.617239	1.532089	0.060000	1.472089	2.005918	-1.285575	0.010000	-1.295575	1.688100	-46930.904874
754299249549.000000 0.007708 1.628406	2.000000	0.060828	1.939172	2.641580	1.532089	0.060000	1.472089	2.024396	-1.285575	0.010000	-1.295575	1.704362	-46930.904874
754299267953.000000 0.008858 1.637261	2.000000	0.060828	1.939172	2.669703	1.532089	0.060000	1.472089	2.045745	-1.285575	0.010000	-1.295575	1.723151	-46930.904874
754299284598.000000 0.008011 1.645270	2.000000	0.086470	1.913530	2.694925	1.532089	0.086000	1.446089	2.064805	-1.285575	0.009000	-1.294575	1.740215	-46930.904874
754299302106.000000 0.008427 1.653696	2.000000	0.086470	1.913530	2.721592	1.532089	0.086000	1.446089	2.084958	-1.285575	0.009000	-1.294575	1.758256	-36139.643444
754299321561.000000 0.009363 1.663056	2.000000	0.086470	1.913530	2.751388	1.532089	0.086000	1.446089	2.107475	-1.285575	0.009000	-1.294575	1.778414	-36139.643444
754299337913.000000 0.007871 1.670926	2.000000	0.086470	1.913530	2.776554	1.532089	0.086000	1.446089	2.126494	-1.285575	0.009000	-1.294575	1.795440	-36139.643444
754299354192.000000 0.007835 1.678758	2.000000	0.086470	1.913530	2.801723	1.532089	0.086000	1.446089	2.145515	-1.285575	0.009000	-1.294575	1.812468	-36139.643444
754299370638.000000 0.007915 1.686671	2.000000	0.086470	1.913530	2.827269	1.532089	0.086000	1.446089	2.164820	-1.285575	0.009000	-1.294575	1.829751	-36139.643444
754299386935.000000 0.007844 1.694515	2.000000	0.086470	1.913530	2.852705	1.532089	0.086000	1.446089	2.184042	-1.285575	0.009000	-1.294575	1.846959	-36139.643444
754299404113.000000 0.008268 1.702780	2.000000	0.086470	1.913530	2.879644	1.532089	0.086000	1.446089	2.204401	-1.285575	0.009000	-1.294575	1.865184	-36139.643444
754299420503.000000 0.007889 1.710667	2.000000	0.086470	1.913530	2.905468	1.532089	0.086000	1.446089	2.223917	-1.285575	0.009000	-1.294575	1.882656	-36139.643444
754299436733.000000 0.007813 1.718477	2.000000	0.086470	1.913530	2.931159	1.532089	0.086000	1.446089	2.243332	-1.285575	0.009000	-1.294575	1.900036	-36139.643444
754299453788.000000 0.008209 1.726683	2.000000	0.086470	1.913530	2.958281	1.532089	0.086000	1.446089	2.263828	-1.285575	0.009000	-1.294575	1.918385	-36139.643444
754299470155.000000 0.007878 1.734558	2.000000	0.086470	1.913530	2.984428	1.532089	0.086000	1.446089	2.283588	-1.285575	0.009000	-1.294575	1.936074	-36139.643444
754299486522.000000 0.007878 1.742434	2.000000	0.086470	1.913530	3.010693	1.532089	0.086000	1.446089	2.303437	-1.285575	0.009000	-1.294575	1.953844	-36139.643444
754299503749.000000 0.008291 1.750724	2.000000	0.114110	1.885890	3.038069	1.532089	0.114000	1.418089	2.324022	-1.285575	0.005000	-1.290575	1.972578	-27005.466091
754299525767.000000 0.010597 1.761319	2.000000	0.114110	1.885890	3.073268	1.532089	0.114000	1.418089	2.350490	-1.285575	0.005000	-1.290575	1.996666	-27005.466091
754299541688.000000 0.007663 1.768980	2.000000	0.114110	1.885890	3.098832	1.532089	0.114000	1.418089	2.369713	-1.285575	0.005000	-1.290575	2.014160	-27005.466091
754299558577.000000 0.008129 1.777107	2.000000	0.114110	1.885890	3.126075	1.532089	0.114000	1.418089	2.390198	-1.285575	0.005000	-1.290575	2.032804	-27005.466091
754299574705.000000 0.007763 1.784867	2.000000	0.114110	1.885890	3.152205	1.532089	0.114000	1.418089	2.409846	-1.285575	0.005000	-1.290575	2.050685	-27005.466091
754299590937.000000 0.007813 1.792678	2.000000	0.114110	1.885890	3.178618	1.532089	0.114000	1.418089	2.429707	-1.285575	0.005000	-1.290575	2.068760	-27005.466091
754299607115.000000 0.007787 1.800463	2.000000	0.114110	1.885890	3.205059	1.532089	0.114000	1.418089	2.449589	-1.285575	0.005000	-1.290575	2.086854	-27005.466091
754299626674.000000 0.009414 1.809876	2.000000	0.114110	1.885890	3.237191	1.532089	0.114000	1.418089	2.473751	-1.285575	0.005000	-1.290575	2.108844	-27005.466091
754299644007.000000 0.008343 1.818216	2.000000	0.114110	1.885890	3.265798	1.532089	0.114000	1.418089	2.495262	-1.285575	0.005000	-1.290575	2.128421	-27005.466091
754299660236.000000 0.007811 1.826024	2.000000	0.114110	1.885890	3.292696	1.532089	0.114000	1.418089	2.515488	-1.285575	0.005000	-1.290575	2.146827	-27005.466091
754299676198.000000 0.007683 1.833705	2.000000	0.114110	1.885890	3.319264	1.532089	0.114000	1.418089	2.535466	-1.285575	0.005000	-1.290575	2.165009	-27005.466091
754299692097.000000 0.007652 1.841355	2.000000	0.114110	1.885890	3.345838	1.532089	0.114000	1.418089	2.555448	-1.285575	0.005000	-1.290575	2.183194	-27005.466091
754299708878.000000 0.008076 1.849430	2.000000	0.145003	1.854997	3.373545	1.532089	0.145000	1.387089	2.576166	-1.285575	-0.001000	-1.284575	2.202381	-15583.826254
754299726922.000000 0.008685 1.858114	2.000000	0.145003	1.854997	3.403479	1.532089	0.145000	1.387089	2.598549	-1.285575	-0.001000	-1.284575	2.223110	-15583.826254
754299743288.000000 0.007878 1.865990	2.000000	0.145003	1.854997	3.430746	1.532089	0.145000	1.387089	2.618939	-1.285575	-0.001000	-1.284575	2.241993	-15583.826254
754299759004.000000 0.007564 1.873551	2.000000	0.145003	1.854997	3.457036	1.532089	0.145000	1.387089	2.638597	-1.285575	-0.001000	-1.284575	2.260198	-15583.826254
754299774807.000000 0.007606 1.881155	2.000000	0.145003	1.854997	3.483578	1.532089	0.145000	1.387089	2.658444	-1.285575	-0.001000	-1.284575	2.278578	-15583.826254
754299790743.000000 0.007670 1.888823	2.000000	0.145003	1.854997	3.510452	1.532089	0.145000	1.387089	2.678540	-1.285575	-0.001000	-1.284575	2.297189	-15583.826254
754299807905.000000 0.008261 1.897083	2.000000	0.145003	1.854997	3.539522	1.532089	0.145000	1.387089	2.700277	-1.285575	-0.001000	-1.284575	2.317320	-15583.826254
754299827518.000000 0.009440 1.906519	2.000000	0.145003	1.854997	3.572906	1.532089	0.145000	1.387089	2.725240	-1.285575	-0.001000	-1.284575	2.340438	-15583.826254
754299843794.000000 0.007834 1.914352	2.000000	0.145003	1.854997	3.600726	1.532089	0.145000	1.387089	2.746043	-1.285575	-0.001000	-1.284575	2.359703	-15583.826254
754299861566.000000 0.008554 1.922903	2.000000	0.145003	1.854997	3.631237	1.532089	0.145000	1.387089	2.768858	-1.285575	-0.001000	-1.284575	2.380832	-15583.826254
754299877619.000000 0.007726 1.930627	2.000000	0.145003	1.854997	3.658908	1.532089	0.145000	1.387089	2.789549	-1.285575	-0.001000	-1.284575	2.399994	-15583.826254
754299894083.000000 0.007925 1.938551	2.000000	0.145003	1.854997	3.687407	1.532089	0.145000	1.387089	2.810859	-1.285575	-0.001000	-1.284575	2.419729	-15583.826254
754299910397.000000 0.007852 1.946400	2.000000	0.178281	1.821719	3.715249	1.532089	0.178000	1.354089	2.831554	-1.285575	-0.010000	-1.275575	2.439224	-15583.826254
754299929271.000000 0.009084 1.955483	2.000000	0.178281	1.821719	3.747611	1.532089	0.178000	1.354089	2.855609	-1.285575	-0.010000	-1.275575	2.461884	-6834.627365
754299948667.000000 0.009336 1.964816	2.000000	0.178281	1.821719	3.781026	1.532089	0.178000	1.354089	2.880446	-1.285575	-0.010000	-1.275575	2.485282	-6834.627365
754299965405.000000 0.008057 1.972870	2.000000	0.178281	1.821719	3.809982	1.532089	0.178000	1.354089	2.901969	-1.285575	-0.010000	-1.275575	2.505556	-6834.627365
754299982039.000000 0.008006 1.980874	2.000000	0.178281	1.821719	3.838872	1.532089	0.178000	1.354089	2.923444	-1.285575	-0.010000	-1.275575	2.525786	-6834.627365
754299999879.000000 0.008587 1.989459	2.000000	0.178281	1.821719	3.869993	1.532089	0.178000	1.354089	2.946576	-1.285575	-0.010000	-1.275575	2.547577	-6834.627365
754300016302.000000 0.007905 1.997361	2.000000	0.178281	1.821719	3.898757	1.532089	0.178000	1.354089	2.967956	-1.285575	-0.010000	-1.275575	2.567717	-6834.627365
754300032729.000000 0.007906 2.005265	2.000000	0.178281	1.821719	3.927639	1.532089	0.178000	1.354089	2.989424	-1.285575	-0.010000	-1.275575	2.587941	-6834.627365
754300048766.000000 0.007718 2.012982	2.000000	0.178281	1.821719	3.955943	1.532089	0.178000	1.354089	3.010463	-1.285575	-0.010000	-1.275575	2.607759	-6834.627365
754300066973.000000 0.008763 2.021745	2.000000	0.178281	1.821719	3.988219	1.532089	0.178000	1.354089	3.034454	-1.285575	-0.010000	-1.275575	2.630359	-6834.627365
754300087330.000000 0.009798 2.031540	2.000000	0.178281	1.821719	4.024481	1.532089	0.178000	1.354089	3.061407	-1.285575	-0.010000	-1.275575	2.655749	-6834.627365
754300103280.000000 0.007677 2.039213	2.000000	0.178281	1.821719	4.053000	1.532089	0.178000	1.354089	3.082605	-1.285575	-0.010000	-1.275575	2.675718	-6834.627365
754300119468.000000 0.007791 2.047003	2.000000	0.214238	1.785762	4.081481	1.532089	0.213000	1.319089	3.103643	-1.285575	-0.023000	-1.262575	2.695855	2052.290889
754300137914.000000 0.008878 2.055880	2.000000	0.214238	1.785762	4.114077	1.532089	0.213000	1.319089	3.127721	-1.285575	-0.023000	-1.262575	2.718901	2052.290889
754300154583.000000 0.008023 2.063900	2.000000	0.214238	1.785762	4.143646	1.532089	0.213000	1.319089	3.149563	-1.285575	-0.023000	-1.262575	2.739808	2052.290889
754300171732.000000 0.008254 2.072152	2.000000	0.214238	1.785762	4.174189	1.532089	0.213000	1.319089	3.172124	-1.285575	-0.023000	-1.262575	2.761402	2052.290889
754300187959.000000 0.007810 2.079960	2.000000	0.214238	1.785762	4.203198	1.532089	0.213000	1.319089	3.193552	-1.285575	-0.023000	-1.262575	2.781912	2052.290889
754300204344.000000 0.007886 2.087844	2.000000	0.214238	1.785762	4.232601	1.532089	0.213000	1.319089	3.215271	-1.285575	-0.023000	-1.262575	2.802701	2052.290889
754300220020.000000 0.007545 2.095388	2.000000	0.214238	1.785762	4.260834	1.532089	0.213000	1.319089	3.236126	-1.285575	-0.023000	-1.262575	2.822662	2052.290889
754300236783.000000 0.008069 2.103455	2.000000	0.214238	1.785762	4.291142	1.532089	0.213000	1.319089	3.258514	-1.285575	-0.023000	-1.262575	2.844091	2052.290889
754300252434.000000 0.007534 2.110986	2.000000	0.214238	1.785762	4.319543	1.532089	0.213000	1.319089	3.279493	-1.285575	-0.023000	-1.262575	2.864171	2052.290889
754300269036.000000 0.007991 2.118975	2.000000	0.214238	1.785762	4.349781	1.532089	0.213000	1.319089	3.301829	-1.285575	-0.023000	-1.262575	2.885550	2052.290889
754300286038.000000 0.008183 2.127155	2.000000	0.214238	1.785762	4.380864	1.532089	0.213000	1.319089	3.324789	-1.285575	-0.023000	-1.262575	2.907526	2052.290889
754300302661.000000 0.008001 2.135154	2.000000	0.214238	1.785762	4.411370	1.532089	0.213000	1.319089	3.347323	-1.285575	-0.023000	-1.262575	2.929095	2052.290889
754300319792.000000 0.008245 2.143397	2.000000	0.214238	1.785762	4.442928	1.532089	0.213000	1.319089	3.370633	-1.285575	-0.023000	-1.262575	2.951407	2052.290889
754300335919.000000 0.007762 2.151157	2.000000	0.253180	1.746820	4.472095	1.532089	0.250000	1.282089	3.392041	-1.285575	-0.040000	-1.245575	2.972205	13017.179135
754300354705.000000 0.009042 2.160198	2.000000	0.253180	1.746820	4.506215	1.532089	0.250000	1.282089	3.417084	-1.285575	-0.040000	-1.245575	2.996534	13017.179135
754300372180.000000 0.008411 2.168607	2.000000	0.253180	1.746820	4.538078	1.532089	0.250000	1.282089	3.440470	-1.285575	-0.040000	-1.245575	3.019254	13017.179135
754300390202.000000 0.008674 2.177278	2.000000	0.253180	1.746820	4.571068	1.532089	0.250000	1.282089	3.464683	-1.285575	-0.040000	-1.245575	3.042778	13017.179135
754300406660.000000 0.007921 2.185197	2.000000	0.253180	1.746820	4.601305	1.532089	0.250000	1.282089	3.486875	-1.285575	-0.040000	-1.245575	3.064338	13017.179135
754300423174.000000 0.007948 2.193144	2.000000	0.253180	1.746820	4.631755	1.532089	0.250000	1.282089	3.509225	-1.285575	-0.040000	-1.245575	3.086051	13017.179135
754300440148.000000 0.008170 2.201312	2.000000	0.253180	1.746820	4.663170	1.532089	0.250000	1.282089	3.532282	-1.285575	-0.040000	-1.245575	3.108451	13017.179135
754300456424.000000 0.007833 2.209143	2.000000	0.253180	1.746820	4.693399	1.532089	0.250000	1.282089	3.554468	-1.285575	-0.040000	-1.245575	3.130006	13017.179135
754300472992.000000 0.007975 2.217117	2.000000	0.253180	1.746820	4.724285	1.532089	0.250000	1.282089	3.577137	-1.285575	-0.040000	-1.245575	3.152029	13017.179135
754300491067.000000 0.008699 2.225814	2.000000	0.253180	1.746820	4.758109	1.532089	0.250000	1.282089	3.601962	-1.285575	-0.040000	-1.245575	3.176148	13017.179135
754300508268.000000 0.008279 2.234091	2.000000	0.253180	1.746820	4.790418	1.532089	0.250000	1.282089	3.625676	-1.285575	-0.040000	-1.245575	3.199186	13017.179135
754300524699.000000 0.007909 2.241998	2.000000	0.253180	1.746820	4.821392	1.532089	0.250000	1.282089	3.648409	-1.285575	-0.040000	-1.245575	3.221272	13017.179135
754300542748.000000 0.008687 2.250682	2.000000	0.294389	1.705611	4.854741	1.532089	0.288000	1.244089	3.672734	-1.285575	-0.061000	-1.224575	3.245215	-17699.028780
754300562485.000000 0.009499 2.260179	2.000000	0.294389	1.705611	4.891360	1.532089	0.288000	1.244089	3.699445	-1.285575	-0.061000	-1.224575	3.271507	-17699.028780
754300579681.000000 0.008277 2.268455	2.000000	0.294389	1.705611	4.923385	1.532089	0.288000	1.244089	3.722804	-1.285575	-0.061000	-1.224575	3.294499	-17699.028780
754300599129.000000 0.009361 2.277814	2.000000	0.294389	1.705611	4.959753	1.532089	0.288000	1.244089	3.749331	-1.285575	-0.061000	-1.224575	3.320611	-17699.028780
754300620448.000000 0.010261 2.288071	2.000000	0.294389	1.705611	4.999797	1.532089	0.288000	1.244089	3.778540	-1.285575	-0.061000	-1.224575	3.349361	-17699.028780
754300639741.000000 0.009286 2.297354	2.000000	0.294389	1.705611	5.036182	1.532089	0.288000	1.244089	3.805079	-1.285575	-0.061000	-1.224575	3.375484	-17699.028780
754300659706.000000 0.009609 2.306961	2.000000	0.294389	1.705611	5.073991	1.532089	0.288000	1.244089	3.832657	-1.285575	-0.061000	-1.224575	3.402630	-17699.028780
754300679782.000000 0.009662 2.316622	2.000000	0.294389	1.705611	5.112169	1.532089	0.288000	1.244089	3.860505	-1.285575	-0.061000	-1.224575	3.430041	-17699.028780
754300697976.000000 0.008757 2.325378	2.000000	0.294389	1.705611	5.146902	1.532089	0.288000	1.244089	3.885839	-1.285575	-0.061000	-1.224575	3.454978	-17699.028780
754300714311.000000 0.007862 2.333237	2.000000	0.294389	1.705611	5.178190	1.532089	0.288000	1.244089	3.908661	-1.285575	-0.061000	-1.224575	3.477442	-17699.028780
754300731705.000000 0.008372 2.341606	2.000000	0.294389	1.705611	5.211626	1.532089	0.288000	1.244089	3.933050	-1.285575	-0.061000	-1.224575	3.501448	-17699.028780
754300748107.000000 0.007894 2.349500	2.000000	0.340530	1.659470	5.242406	1.532089	0.331000	1.201089	3.955328	-1.285575	-0.080000	-1.205575	3.523809	-29054.212929
754300769824.000000 0.010452 2.359950	2.000000	0.340530	1.659470	5.283340	1.532089	0.331000	1.201089	3.984955	-1.285575	-0.080000	-1.205575	3.553547	-29054.212929
754300788742.000000 0.009106 2.369054	2.000000	0.340530	1.659470	5.319138	1.532089	0.331000	1.201089	4.010865	-1.285575	-0.080000	-1.205575	3.579553	-29054.212929
754300812446.000000 0.011409 2.380459	2.000000	0.340530	1.659470	5.364205	1.532089	0.331000	1.201089	4.043483	-1.285575	-0.080000	-1.205575	3.612294	-29054.212929
754300837034.000000 0.011833 2.392290	2.000000	0.340530	1.659470	5.411183	1.532089	0.331000	1.201089	4.077485	-1.285575	-0.080000	-1.205575	3.646422	-29054.212929
754300856853.000000 0.009540 2.401828	2.000000	0.340530	1.659470	5.449206	1.532089	0.331000	1.201089	4.105005	-1.285575	-0.080000	-1.205575	3.674045	-29054.212929
754300876298.000000 0.009359 2.411184	2.000000	0.340530	1.659470	5.486655	1.532089	0.331000	1.201089	4.132110	-1.285575	-0.080000	-1.205575	3.701251	-29054.212929
754300894823.000000 0.008916 2.420099	2.000000	0.340530	1.659470	5.522464	1.532089	0.331000	1.201089	4.158028	-1.285575	-0.080000	-1.205575	3.727266	-29054.212929
754300917519.000000 0.010923 2.431019	2.000000	0.340530	1.659470	5.566530	1.532089	0.331000	1.201089	4.189922	-1.285575	-0.080000	-1.205575	3.759279	-29054.212929
754300934561.000000 0.008203 2.439220	2.000000	0.340530	1.659470	5.599733	1.532089	0.331000	1.201089	4.213954	-1.285575	-0.080000	-1.205575	3.783401	-29054.212929
754300964408.000000 0.014366 2.453584	2.000000	0.389279	1.610721	5.656506	1.532089	0.377000	1.155089	4.254667	-1.285575	-0.097000	-1.188575	3.825294	-40270.704216
754300995172.000000 0.014807 2.468387	2.000000	0.389279	1.610721	5.715376	1.532089	0.377000	1.155089	4.296884	-1.285575	-0.097000	-1.188575	3.868735	-40270.704216
754301029345.000000 0.016446 2.484830	2.000000	0.389279	1.610721	5.781200	1.532089	0.377000	1.155089	4.344088	-1.285575	-0.097000	-1.188575	3.917308	-40270.704216
754301050840.000000 0.010346 2.495173	2.000000	0.389279	1.610721	5.822781	1.532089	0.377000	1.155089	4.373907	-1.285575	-0.097000	-1.188575	3.947991	-40270.704216
754301071619.000000 0.010001 2.505171	2.000000	0.389279	1.610721	5.863137	1.532089	0.377000	1.155089	4.402847	-1.285575	-0.097000	-1.188575	3.977770	-40270.704216
754301092566.000000 0.010082 2.515259	2.000000	0.389279	1.610721	5.903983	1.532089	0.377000	1.155089	4.432139	-1.285575	-0.097000	-1.188575	4.007911	-40270.704216
754301117905.000000 0.012195 2.527444	2.000000	0.389279	1.610721	5.953628	1.532089	0.377000	1.155089	4.467741	-1.285575	-0.097000	-1.188575	4.044545	-40270.704216
754301134694.000000 0.008081 2.535521	2.000000	0.389279	1.610721	5.986630	1.532089	0.377000	1.155089	4.491407	-1.285575	-0.097000	-1.188575	4.068897	-40270.704216
754301153594.000000 0.009097 2.544617	2.000000	0.442159	1.557841	6.022691	1.532089	0.428000	1.104089	4.516965	-1.285575	-0.111000	-1.174575	4.096087	-40270.704216
754301178572.000000 0.012021 2.556637	2.000000	0.442159	1.557841	6.070569	1.532089	0.428000	1.104089	4.550897	-1.285575	-0.111000	-1.174575	4.132186	-14764.161048
754301201090.000000 0.010838 2.567472	2.000000	0.442159	1.557841	6.113918	1.532089	0.428000	1.104089	4.581620	-1.285575	-0.111000	-1.174575	4.164869	-14764.161048
754301223521.000000 0.010796 2.578266	2.000000	0.442159	1.557841	6.157280	1.532089	0.428000	1.104089	4.612352	-1.285575	-0.111000	-1.174575	4.197564	-14764.161048
754301243399.000000 0.009568 2.587832	2.000000	0.442159	1.557841	6.195853	1.532089	0.428000	1.104089	4.639690	-1.285575	-0.111000	-1.174575	4.226647	-14764.161048
754301263355.000000 0.009605 2.597433	2.000000	0.442159	1.557841	6.234719	1.532089	0.428000	1.104089	4.667235	-1.285575	-0.111000	-1.174575	4.255951	-14764.161048
754301282637.000000 0.009280 2.606711	2.000000	0.442159	1.557841	6.272404	1.532089	0.428000	1.104089	4.693944	-1.285575	-0.111000	-1.174575	4.284365	-14764.161048
754301302894.000000 0.009750 2.616458	2.000000	0.442159	1.557841	6.312145	1.532089	0.428000	1.104089	4.722110	-1.285575	-0.111000	-1.174575	4.314328	-14764.161048
754301328124.000000 0.012143 2.628600	2.000000	0.442159	1.557841	6.361872	1.532089	0.428000	1.104089	4.757352	-1.285575	-0.111000	-1.174575	4.351821	-14764.161048
754301347580.000000 0.009364 2.637961	2.000000	0.442159	1.557841	6.400355	1.532089	0.428000	1.104089	4.784627	-1.285575	-0.111000	-1.174575	4.380837	-14764.161048
754301367854.000000 0.009758 2.647717	2.000000	0.497293	1.502707	6.439180	1.532089	0.480000	1.052089	4.811809	-1.285575	-0.130000	-1.155575	4.410693	-6448.614248
754301396762.000000 0.013913 2.661628	2.000000	0.497293	1.502707	6.494826	1.532089	0.480000	1.052089	4.850768	-1.285575	-0.130000	-1.155575	4.453484	-6448.614248
754301422708.000000 0.012488 2.674113	2.000000	0.497293	1.502707	6.545007	1.532089	0.480000	1.052089	4.885902	-1.285575	-0.130000	-1.155575	4.492074	-6448.614248
754301445721.000000 0.011076 2.685187	2.000000	0.497293	1.502707	6.589700	1.532089	0.480000	1.052089	4.917192	-1.285575	-0.130000	-1.155575	4.526442	-6448.614248
754301466478.000000 0.009990 2.695174	2.000000	0.497293	1.502707	6.630160	1.532089	0.480000	1.052089	4.945520	-1.285575	-0.130000	-1.155575	4.557556	-6448.614248
754301487987.000000 0.010352 2.705525	2.000000	0.497293	1.502707	6.672249	1.532089	0.480000	1.052089	4.974987	-1.285575	-0.130000	-1.155575	4.589922	-6448.614248
754301509115.000000 0.010169 2.715690	2.000000	0.497293	1.502707	6.713747	1.532089	0.480000	1.052089	5.004042	-1.285575	-0.130000	-1.155575	4.621834	-6448.614248
754301531493.000000 0.010770 2.726459	2.000000	0.497293	1.502707	6.757873	1.532089	0.480000	1.052089	5.034935	-1.285575	-0.130000	-1.155575	4.655766	-6448.614248
754301552351.000000 0.010040 2.736496	2.000000	0.497293	1.502707	6.799157	1.532089	0.480000	1.052089	5.063840	-1.285575	-0.130000	-1.155575	4.687514	-6448.614248
754301573706.000000 0.010278 2.746771	2.000000	0.556040	1.443960	6.839921	1.532089	0.534000	0.998089	5.092016	-1.285575	-0.155000	-1.130575	4.719431	-474.173556
754301600628.000000 0.012957 2.759727	2.000000	0.556040	1.443960	6.891552	1.532089	0.534000	0.998089	5.127705	-1.285575	-0.155000	-1.130575	4.759856	-474.173556
754301623425.000000 0.010972 2.770697	2.000000	0.556040	1.443960	6.935449	1.532089	0.534000	0.998089	5.158047	-1.285575	-0.155000	-1.130575	4.794226	-474.173556
754301641111.000000 0.008512 2.779206	2.000000	0.556040	1.443960	6.969610	1.532089	0.534000	0.998089	5.181659	-1.285575	-0.155000	-1.130575	4.820973	-474.173556
754301657480.000000 0.007879 2.787082	2.000000	0.556040	1.443960	7.001318	1.532089	0.534000	0.998089	5.203577	-1.285575	-0.155000	-1.130575	4.845800	-474.173556
754301674816.000000 0.008344 2.795424	2.000000	0.556040	1.443960	7.034998	1.532089	0.534000	0.998089	5.226857	-1.285575	-0.155000	-1.130575	4.872170	-474.173556
754301690296.000000 0.007452 2.802874	2.000000	0.556040	1.443960	7.065157	1.532089	0.534000	0.998089	5.247703	-1.285575	-0.155000	-1.130575	4.895783	-474.173556
754301705939.000000 0.007529 2.810400	2.000000	0.556040	1.443960	7.095712	1.532089	0.534000	0.998089	5.268823	-1.285575	-0.155000	-1.130575	4.919706	-474.173556
754301721689.000000 0.007581 2.817979	2.000000	0.556040	1.443960	7.126558	1.532089	0.534000	0.998089	5.290144	-1.285575	-0.155000	-1.130575	4.943858	-474.173556
754301737529.000000 0.007624 2.825602	2.000000	0.556040	1.443960	7.157664	1.532089	0.534000	0.998089	5.311645	-1.285575	-0.155000	-1.130575	4.968213	-474.173556
754301752920.000000 0.007408 2.833007	2.000000	0.556040	1.443960	7.187968	1.532089	0.534000	0.998089	5.332592	-1.285575	-0.155000	-1.130575	4.991940	-474.173556
754301767150.000000 0.006849 2.839854	2.000000	0.556040	1.443960	7.216053	1.532089	0.534000	0.998089	5.352005	-1.285575	-0.155000	-1.130575	5.013930	-474.173556
754301782292.000000 0.007288 2.847141	2.000000	0.615819	1.384181	7.244775	1.532089	0.588000	0.944089	5.371595	-1.285575	-0.183000	-1.102575	5.036808	707.711697
754301800931.000000 0.008971 2.856110	2.000000	0.615819	1.384181	7.280240	1.532089	0.588000	0.944089	5.395784	-1.285575	-0.183000	-1.102575	5.065058	707.711697
754301815950.000000 0.007228 2.863336	2.000000	0.615819	1.384181	7.308889	1.532089	0.588000	0.944089	5.415324	-1.285575	-0.183000	-1.102575	5.087879	707.711697
754301830383.000000 0.006947 2.870283	2.000000	0.615819	1.384181	7.336491	1.532089	0.588000	0.944089	5.434150	-1.285575	-0.183000	-1.102575	5.109866	707.711697
754301844701.000000 0.006892 2.877170	2.000000	0.615819	1.384181	7.363937	1.532089	0.588000	0.944089	5.452870	-1.285575	-0.183000	-1.102575	5.131728	707.711697
754301858909.000000 0.006839 2.884008	2.000000	0.615819	1.384181	7.391237	1.532089	0.588000	0.944089	5.471490	-1.285575	-0.183000	-1.102575	5.153474	707.711697
754301873140.000000 0.006850 2.890856	2.000000	0.615819	1.384181	7.418646	1.532089	0.588000	0.944089	5.490185	-1.285575	-0.183000	-1.102575	5.175307	707.711697
754301887174.000000 0.006755 2.897609	2.000000	0.615819	1.384181	7.445739	1.532089	0.588000	0.944089	5.508664	-1.285575	-0.183000	-1.102575	5.196888	707.711697
754301902394.000000 0.007326 2.904933	2.000000	0.615819	1.384181	7.475198	1.532089	0.588000	0.944089	5.528756	-1.285575	-0.183000	-1.102575	5.220353	707.711697
754301916787.000000 0.006927 2.911858	2.000000	0.615819	1.384181	7.503118	1.532089	0.588000	0.944089	5.547799	-1.285575	-0.183000	-1.102575	5.242593	707.711697
754301931045.000000 0.006863 2.918719	2.000000	0.615819	1.384181	7.530844	1.532089	0.588000	0.944089	5.566710	-1.285575	-0.183000	-1.102575	5.264678	707.711697
754301947758.000000 0.008044 2.926761	2.000000	0.615819	1.384181	7.563430	1.532089	0.588000	0.944089	5.588935	-1.285575	-0.183000	-1.102575	5.290634	707.711697
754301962552.000000 0.007121 2.933880	2.000000	0.615819	1.384181	7.592347	1.532089	0.588000	0.944089	5.608658	-1.285575	-0.183000	-1.102575	5.313669	707.711697
754301977293.000000 0.007095 2.940973	2.000000	0.615819	1.384181	7.621230	1.532089	0.588000	0.944089	5.628358	-1.285575	-0.183000	-1.102575	5.336676	707.711697
754301991409.000000 0.006794 2.947765	2.000000	0.674514	1.325486	7.647776	1.532089	0.640000	0.892089	5.646224	-1.285575	-0.213000	-1.072575	5.358156	-672.377335
754302009892.000000 0.008896 2.956660	2.000000	0.674514	1.325486	7.682639	1.532089	0.640000	0.892089	5.669688	-1.285575	-0.213000	-1.072575	5.386367	-672.377335
754302025491.000000 0.007508 2.964166	2.000000	0.674514	1.325486	7.712137	1.532089	0.640000	0.892089	5.689541	-1.285575	-0.213000	-1.072575	5.410237	-672.377335
754302041382.000000 0.007649 2.971813	2.000000	0.674514	1.325486	7.742266	1.532089	0.640000	0.892089	5.709819	-1.285575	-0.213000	-1.072575	5.434617	-672.377335
754302056528.000000 0.007290 2.979101	2.000000	0.674514	1.325486	7.771052	1.532089	0.640000	0.892089	5.729193	-1.285575	-0.213000	-1.072575	5.457911	-672.377335
754302072032.000000 0.007462 2.986560	2.000000	0.674514	1.325486	7.800593	1.532089	0.640000	0.892089	5.749074	-1.285575	-0.213000	-1.072575	5.481815	-672.377335
754302086720.000000 0.007070 2.993629	2.000000	0.674514	1.325486	7.828647	1.532089	0.640000	0.892089	5.767956	-1.285575	-0.213000	-1.072575	5.504516	-672.377335
754302101457.000000 0.007093 3.000720	2.000000	0.674514	1.325486	7.856860	1.532089	0.640000	0.892089	5.786944	-1.285575	-0.213000	-1.072575	5.527346	-672.377335
754302116700.000000 0.007337 3.008054	2.000000	0.674514	1.325486	7.886113	1.532089	0.640000	0.892089	5.806632	-1.285575	-0.213000	-1.072575	5.551017	-672.377335
754302132590.000000 0.007648 3.015701	2.000000	0.674514	1.325486	7.916682	1.532089	0.640000	0.892089	5.827206	-1.285575	-0.213000	-1.072575	5.575754	-672.377335
754302148841.000000 0.007822 3.023521	2.000000	0.674514	1.325486	7.948029	1.532089	0.640000	0.892089	5.848303	-1.285575	-0.213000	-1.072575	5.601119	-672.377335
754302164104.000000 0.007346 3.030865	2.000000	0.674514	1.325486	7.977540	1.532089	0.640000	0.892089	5.868165	-1.285575	-0.213000	-1.072575	5.624999	-672.377335
754302179139.000000 0.007237 3.038100	2.000000	0.674514	1.325486	8.006682	1.532089	0.640000	0.892089	5.887778	-1.285575	-0.213000	-1.072575	5.648581	-672.377335
754302193796.000000 0.007055 3.045152	2.000000	0.674514	1.325486	8.035157	1.532089	0.640000	0.892089	5.906942	-1.285575	-0.213000	-1.072575	5.671623	-672.377335
754302208461.000000 0.007059 3.052211	2.000000	0.733757	1.266243	8.062437	1.532089	0.692000	0.840089	5.925042	-1.285575	-0.244000	-1.041575	5.694063	-9659.593557
754302225232.000000 0.008072 3.060279	2.000000	0.733757	1.266243	8.093715	1.532089	0.692000	0.840089	5.945793	-1.285575	-0.244000	-1.041575	5.719791	-9659.593557
754302239818.000000 0.007021 3.067298	2.000000	0.733757	1.266243	8.120982	1.532089	0.692000	0.840089	5.963883	-1.285575	-0.244000	-1.041575	5.742220	-9659.593557
754302255555.000000 0.007574 3.074871	2.000000	0.733757	1.266243	8.150474	1.532089	0.692000	0.840089	5.983449	-1.285575	-0.244000	-1.041575	5.766479	-9659.593557
754302270166.000000 0.007033 3.081901	2.000000	0.733757	1.266243	8.177918	1.532089	0.692000	0.840089	6.001657	-1.285575	-0.244000	-1.041575	5.789054	-9659.593557
754302284582.000000 0.006939 3.088838	2.000000	0.733757	1.266243	8.205057	1.532089	0.692000	0.840089	6.019663	-1.285575	-0.244000	-1.041575	5.811378	-9659.593557
754302298909.000000 0.006895 3.095731	2.000000	0.733757	1.266243	8.232085	1.532089	0.692000	0.840089	6.037595	-1.285575	-0.244000	-1.041575	5.833610	-9659.593557
754302313494.000000 0.007020 3.102750	2.000000	0.733757	1.266243	8.259666	1.532089	0.692000	0.840089	6.055893	-1.285575	-0.244000	-1.041575	5.856297	-9659.593557
754302327845.000000 0.006907 3.109655	2.000000	0.733757	1.266243	8.286863	1.532089	0.692000	0.840089	6.073937	-1.285575	-0.244000	-1.041575	5.878669	-9659.593557
754302342561.000000 0.007083 3.116738	2.000000	0.733757	1.266243	8.314817	1.532089	0.692000	0.840089	6.092483	-1.285575	-0.244000	-1.041575	5.901663	-9659.593557
754302360489.000000 0.008629 3.125364	2.000000	0.733757	1.266243	8.348965	1.532089	0.692000	0.840089	6.115138	-1.285575	-0.244000	-1.041575	5.929752	-9659.593557
754302375176.000000 0.007069 3.132431	2.000000	0.733757	1.266243	8.377002	1.532089	0.692000	0.840089	6.133740	-1.285575	-0.244000	-1.041575	5.952815	-9659.593557
754302389595.000000 0.006940 3.139369	2.000000	0.733757	1.266243	8.404589	1.532089	0.692000	0.840089	6.152042	-1.285575	-0.244000	-1.041575	5.975507	-9659.593557
754302404302.000000 0.007079 3.146446	2.000000	0.792851	1.207149	8.431476	1.532089	0.744000	0.788089	6.169596	-1.285575	-0.274000	-1.011575	5.998038	-9659.593557
754302419329.000000 0.007232 3.153677	2.000000	0.792851	1.207149	8.459009	1.532089	0.744000	0.788089	6.187571	-1.285575	-0.274000	-1.011575	6.021110	-4599.204243
754302435167.000000 0.007623 3.161298	2.000000	0.792851	1.207149	8.488100	1.532089	0.744000	0.788089	6.206563	-1.285575	-0.274000	-1.011575	6.045488	-4599.204243
754302449368.000000 0.006835 3.168132	2.000000	0.792851	1.207149	8.514241	1.532089	0.744000	0.788089	6.223629	-1.285575	-0.274000	-1.011575	6.067394	-4599.204243
754302464517.000000 0.007291 3.175421	2.000000	0.792851	1.207149	8.542189	1.532089	0.744000	0.788089	6.241875	-1.285575	-0.274000	-1.011575	6.090814	-4599.204243
754302479161.000000 0.007048 3.182467	2.000000	0.792851	1.207149	8.569266	1.532089	0.744000	0.788089	6.259552	-1.285575	-0.274000	-1.011575	6.113504	-4599.204243
754302493447.000000 0.006876 3.189342	2.000000	0.792851	1.207149	8.595739	1.532089	0.744000	0.788089	6.276835	-1.285575	-0.274000	-1.011575	6.135688	-4599.204243
754302507820.000000 0.006918 3.196258	2.000000	0.792851	1.207149	8.622430	1.532089	0.744000	0.788089	6.294260	-1.285575	-0.274000	-1.011575	6.158055	-4599.204243
754302522461.000000 0.007047 3.203304	2.000000	0.792851	1.207149	8.649680	1.532089	0.744000	0.788089	6.312050	-1.285575	-0.274000	-1.011575	6.180890	-4599.204243
754302536556.000000 0.006784 3.210085	2.000000	0.792851	1.207149	8.675970	1.532089	0.744000	0.788089	6.329213	-1.285575	-0.274000	-1.011575	6.202920	-4599.204243
754302551285.000000 0.007089 3.217174	2.000000	0.792851	1.207149	8.703502	1.532089	0.744000	0.788089	6.347188	-1.285575	-0.274000	-1.011575	6.225992	-4599.204243
754302566845.000000 0.007489 3.224661	2.000000	0.792851	1.207149	8.732653	1.532089	0.744000	0.788089	6.366219	-1.285575	-0.274000	-1.011575	6.250420	-4599.204243
754302581745.000000 0.007171 3.231831	2.000000	0.792851	1.207149	8.760630	1.532089	0.744000	0.788089	6.384484	-1.285575	-0.274000	-1.011575	6.273865	-4599.204243
754302596502.000000 0.007102 3.238960	2.000000	0.792851	1.207149	8.788400	1.532089	0.744000	0.788089	6.402614	-1.285575	-0.274000	-1.011575	6.297135	-4599.204243
754302611232.000000 0.007089 3.246019	2.000000	0.852791	1.147209	8.814800	1.532089	0.796000	0.736089	6.419553	-1.285575	-0.306000	-0.979575	6.319678	-4599.204243
754302626678.000000 0.007434 3.253453	2.000000	0.852791	1.147209	8.842548	1.532089	0.796000	0.736089	6.437357	-1.285575	-0.306000	-0.979575	6.343371	-8400.318501
754302643555.000000 0.008123 3.261574	2.000000	0.852791	1.147209	8.872944	1.532089	0.796000	0.736089	6.456860	-1.285575	-0.306000	-0.979575	6.369325	-8400.318501
754302661122.000000 0.008456 3.270028	2.000000	0.852791	1.147209	8.904664	1.532089	0.796000	0.736089	6.477213	-1.285575	-0.306000	-0.979575	6.396410	-8400.318501
754302678716.000000 0.008468 3.278492	2.000000	0.852791	1.147209	8.936511	1.532089	0.796000	0.736089	6.497647	-1.285575	-0.306000	-0.979575	6.423604	-8400.318501
754302693063.000000 0.006906 3.285395	2.000000	0.852791	1.147209	8.962539	1.532089	0.796000	0.736089	6.514347	-1.285575	-0.306000	-0.979575	6.445828	-8400.318501
754302708441.000000 0.007402 3.292797	2.000000	0.852791	1.147209	8.990501	1.532089	0.796000	0.736089	6.532288	-1.285575	-0.306000	-0.979575	6.469704	-8400.318501
754302722809.000000 0.006915 3.299709	2.000000	0.852791	1.147209	9.016678	1.532089	0.796000	0.736089	6.549085	-1.285575	-0.306000	-0.979575	6.492056	-8400.318501
754302736817.000000 0.006742 3.306449	2.000000	0.852791	1.147209	9.042251	1.532089	0.796000	0.736089	6.565493	-1.285575	-0.306000	-0.979575	6.513893	-8400.318501
754302750927.000000 0.006791 3.313239	2.000000	0.852791	1.147209	9.068064	1.532089	0.796000	0.736089	6.582056	-1.285575	-0.306000	-0.979575	6.535934	-8400.318501
754302766487.000000 0.007489 3.320727	2.000000	0.852791	1.147209	9.096595	1.532089	0.796000	0.736089	6.600362	-1.285575	-0.306000	-0.979575	6.560296	-8400.318501
754302782492.000000 0.007704 3.328429	2.000000	0.852791	1.147209	9.126011	1.532089	0.796000	0.736089	6.619237	-1.285575	-0.306000	-0.979575	6.585414	-8400.318501
754302797165.000000 0.007062 3.335489	2.000000	0.852791	1.147209	9.153034	1.532089	0.796000	0.736089	6.636575	-1.285575	-0.306000	-0.979575	6.608488	-8400.318501
754302811534.000000 0.006916 3.342403	2.000000	0.852791	1.147209	9.179554	1.532089	0.796000	0.736089	6.653591	-1.285575	-0.306000	-0.979575	6.631132	-8400.318501
754302825577.000000 0.006759 3.349161	2.000000	0.911580	1.088420	9.204193	1.532089	0.847000	0.685089	6.669100	-1.285575	-0.337000	-0.948575	6.652606	-5533.784125
754302842726.000000 0.008254 3.357412	2.000000	0.911580	1.088420	9.234355	1.532089	0.847000	0.685089	6.688085	-1.285575	-0.337000	-0.948575	6.678893	-5533.784125
754302857128.000000 0.006932 3.364343	2.000000	0.911580	1.088420	9.259739	1.532089	0.847000	0.685089	6.704063	-1.285575	-0.337000	-0.948575	6.701015	-5533.784125
754302871477.000000 0.006907 3.371248	2.000000	0.911580	1.088420	9.285082	1.532089	0.847000	0.685089	6.720014	-1.285575	-0.337000	-0.948575	6.723102	-5533.784125
754302885542.000000 0.006769 3.378015	2.000000	0.911580	1.088420	9.309971	1.532089	0.847000	0.685089	6.735680	-1.285575	-0.337000	-0.948575	6.744793	-5533.784125
754302899747.000000 0.006837 3.384851	2.000000	0.911580	1.088420	9.335158	1.532089	0.847000	0.685089	6.751534	-1.285575	-0.337000	-0.948575	6.766744	-5533.784125
754302915338.000000 0.007504 3.392353	2.000000	0.911580	1.088420	9.362866	1.532089	0.847000	0.685089	6.768975	-1.285575	-0.337000	-0.948575	6.790892	-5533.784125
754302929605.000000 0.006867 3.399217	2.000000	0.911580	1.088420	9.388273	1.532089	0.847000	0.685089	6.784966	-1.285575	-0.337000	-0.948575	6.813034	-5533.784125
754302943359.000000 0.006620 3.405836	2.000000	0.911580	1.088420	9.412814	1.532089	0.847000	0.685089	6.800413	-1.285575	-0.337000	-0.948575	6.834422	-5533.784125
754302957483.000000 0.006798 3.412633	2.000000	0.911580	1.088420	9.438065	1.532089	0.847000	0.685089	6.816307	-1.285575	-0.337000	-0.948575	6.856429	-5533.784125
754302971711.000000 0.006848 3.419480	2.000000	0.911580	1.088420	9.463554	1.532089	0.847000	0.685089	6.832351	-1.285575	-0.337000	-0.948575	6.878643	-5533.784125
754302988975.000000 0.008309 3.427787	2.000000	0.911580	1.088420	9.494554	1.532089	0.847000	0.685089	6.851864	-1.285575	-0.337000	-0.948575	6.905660	-5533.784125
754303004862.000000 0.007647 3.435431	2.000000	0.911580	1.088420	9.523146	1.532089	0.847000	0.685089	6.869860	-1.285575	-0.337000	-0.948575	6.930579	-5533.784125
754303020006.000000 0.007289 3.442718	2.000000	0.911580	1.088420	9.550460	1.532089	0.847000	0.685089	6.887052	-1.285575	-0.337000	-0.948575	6.954383	-5533.784125
754303041433.000000 0.010312 3.453029	2.000000	0.971783	1.028217	9.587073	1.532089	0.899000	0.633089	6.909596	-1.285575	-0.369000	-0.916575	6.987021	-542.118935
754303058365.000000 0.008149 3.461176	2.000000	0.971783	1.028217	9.616076	1.532089	0.899000	0.633089	6.927453	-1.285575	-0.369000	-0.916575	7.012875	-542.118935
754303072785.000000 0.006941 3.468116	2.000000	0.971783	1.028217	9.640827	1.532089	0.899000	0.633089	6.942693	-1.285575	-0.369000	-0.916575	7.034938	-542.118935
754303089090.000000 0.007847 3.475960	2.000000	0.971783	1.028217	9.668873	1.532089	0.899000	0.633089	6.959961	-1.285575	-0.369000	-0.916575	7.059939	-542.118935
754303103321.000000 0.006850 3.482809	2.000000	0.971783	1.028217	9.693403	1.532089	0.899000	0.633089	6.975064	-1.285575	-0.369000	-0.916575	7.081805	-542.118935
754303117389.000000 0.006772 3.489579	2.000000	0.971783	1.028217	9.717700	1.532089	0.899000	0.633089	6.990025	-1.285575	-0.369000	-0.916575	7.103465	-542.118935
754303132992.000000 0.007510 3.497086	2.000000	0.971783	1.028217	9.744704	1.532089	0.899000	0.633089	7.006652	-1.285575	-0.369000	-0.916575	7.127537	-542.118935
754303147788.000000 0.007122 3.504206	2.000000	0.971783	1.028217	9.770364	1.532089	0.899000	0.633089	7.022451	-1.285575	-0.369000	-0.916575	7.150410	-542.118935
754303162657.000000 0.007157 3.511361	2.000000	0.971783	1.028217	9.796203	1.532089	0.899000	0.633089	7.038360	-1.285575	-0.369000	-0.916575	7.173444	-542.118935
754303177387.000000 0.007090 3.518449	2.000000	0.971783	1.028217	9.821852	1.532089	0.899000	0.633089	7.054153	-1.285575	-0.369000	-0.916575	7.196308	-542.118935
754303194022.000000 0.008007 3.526454	2.000000	0.971783	1.028217	9.850884	1.532089	0.899000	0.633089	7.072028	-1.285575	-0.369000	-0.916575	7.222188	-542.118935
754303208537.000000 0.006986 3.533439	2.000000	0.971783	1.028217	9.876267	1.532089	0.899000	0.633089	7.087657	-1.285575	-0.369000	-0.916575	7.244814	-542.118935
754303222615.000000 0.006776 3.540212	2.000000	0.971783	1.028217	9.900932	1.532089	0.899000	0.633089	7.102844	-1.285575	-0.369000	-0.916575	7.266802	-542.118935
754303236950.000000 0.006899 3.547109	2.000000	1.030103	0.969897	9.924668	1.532089	0.948000	0.584089	7.117138	-1.285575	-0.403000	-0.882575	7.288401	9706.938134
754303254643.000000 0.008516 3.555625	2.000000	1.030103	0.969897	9.954037	1.532089	0.948000	0.584089	7.134824	-1.285575	-0.403000	-0.882575	7.315125	9706.938134
754303271777.000000 0.008246 3.563868	2.000000	1.030103	0.969897	9.982541	1.532089	0.948000	0.584089	7.151990	-1.285575	-0.403000	-0.882575	7.341063	9706.938134
754303287125.000000 0.007388 3.571254	2.000000	1.030103	0.969897	10.008130	1.532089	0.948000	0.584089	7.167400	-1.285575	-0.403000	-0.882575	7.364348	9706.938134
754303301270.000000 0.006808 3.578060	2.000000	1.030103	0.969897	10.031756	1.532089	0.948000	0.584089	7.181628	-1.285575	-0.403000	-0.882575	7.385847	9706.938134
754303315671.000000 0.006932 3.584990	2.000000	1.030103	0.969897	10.055859	1.532089	0.948000	0.584089	7.196143	-1.285575	-0.403000	-0.882575	7.407780	9706.938134
754303329655.000000 0.006731 3.591719	2.000000	1.030103	0.969897	10.079307	1.532089	0.948000	0.584089	7.210264	-1.285575	-0.403000	-0.882575	7.429117	9706.938134
754303344095.000000 0.006950 3.598666	2.000000	1.030103	0.969897	10.103564	1.532089	0.948000	0.584089	7.224872	-1.285575	-0.403000	-0.882575	7.451190	9706.938134
754303358321.000000 0.006847 3.605513	2.000000	1.030103	0.969897	10.127509	1.532089	0.948000	0.584089	7.239292	-1.285575	-0.403000	-0.882575	7.472980	9706.938134
754303372613.000000 0.006879 3.612389	2.000000	1.030103	0.969897	10.151609	1.532089	0.948000	0.584089	7.253806	-1.285575	-0.403000	-0.882575	7.494910	9706.938134
754303387300.000000 0.007069 3.619458	2.000000	1.030103	0.969897	10.176424	1.532089	0.948000	0.584089	7.268750	-1.285575	-0.403000	-0.882575	7.517491	9706.938134
754303402396.000000 0.007266 3.626721	2.000000	1.030103	0.969897	10.201981	1.532089	0.948000	0.584089	7.284140	-1.285575	-0.403000	-0.882575	7.540746	9706.938134
754303416507.000000 0.006792 3.633511	2.000000	1.030103	0.969897	10.225917	1.532089	0.948000	0.584089	7.298555	-1.285575	-0.403000	-0.882575	7.562527	9706.938134
754303430132.000000 0.006558 3.640067	2.000000	1.030103	0.969897	10.249070	1.532089	0.948000	0.584089	7.312499	-1.285575	-0.403000	-0.882575	7.583596	9706.938134
754303443934.000000 0.006643 3.646708	2.000000	1.088860	0.911140	10.271142	1.532089	0.996000	0.536089	7.325485	-1.285575	-0.440000	-0.845575	7.604080	9706.938134
754303458624.000000 0.007071 3.653778	2.000000	1.088860	0.911140	10.294681	1.532089	0.996000	0.536089	7.339335	-1.285575	-0.440000	-0.845575	7.625925	10925.684283
754303475142.000000 0.007950 3.661726	2.000000	1.088860	0.911140	10.321204	1.532089	0.996000	0.536089	7.354940	-1.285575	-0.440000	-0.845575	7.650540	10925.684283
754303488935.000000 0.006639 3.668364	2.000000	1.088860	0.911140	10.343395	1.532089	0.996000	0.536089	7.367996	-1.285575	-0.440000	-0.845575	7.671133	10925.684283
754303505554.000000 0.007998 3.676360	2.000000	1.088860	0.911140	10.370187	1.532089	0.996000	0.536089	7.383760	-1.285575	-0.440000	-0.845575	7.695997	10925.684283
754303519656.000000 0.006788 3.683145	2.000000	1.088860	0.911140	10.392965	1.532089	0.996000	0.536089	7.397162	-1.285575	-0.440000	-0.845575	7.717137	10925.684283
754303533777.000000 0.006797 3.689941	2.000000	1.088860	0.911140	10.415816	1.532089	0.996000	0.536089	7.410607	-1.285575	-0.440000	-0.845575	7.738344	10925.684283
754303548132.000000 0.006909 3.696848	2.000000	1.088860	0.911140	10.439090	1.532089	0.996000	0.536089	7.424301	-1.285575	-0.440000	-0.845575	7.759942	10925.684283
754303562463.000000 0.006898 3.703744	2.000000	1.088860	0.911140	10.462368	1.532089	0.996000	0.536089	7.437997	-1.285575	-0.440000	-0.845575	7.781545	10925.684283
754303576840.000000 0.006920 3.710662	2.000000	1.088860	0.911140	10.485762	1.532089	0.996000	0.536089	7.451761	-1.285575	-0.440000	-0.845575	7.803256	10925.684283
754303590531.000000 0.006589 3.717250	2.000000	1.088860	0.911140	10.508080	1.532089	0.996000	0.536089	7.464892	-1.285575	-0.440000	-0.845575	7.823968	10925.684283
754303606330.000000 0.007604 3.724853	2.000000	1.088860	0.911140	10.533888	1.532089	0.996000	0.536089	7.480077	-1.285575	-0.440000	-0.845575	7.847919	10925.684283
754303621131.000000 0.007124 3.731975	2.000000	1.088860	0.911140	10.558112	1.532089	0.996000	0.536089	7.494330	-1.285575	-0.440000	-0.845575	7.870400	10925.684283
754303635150.000000 0.006747 3.738720	2.000000	1.088860	0.911140	10.581097	1.532089	0.996000	0.536089	7.507853	-1.285575	-0.440000	-0.845575	7.891731	10925.684283
754303649627.000000 0.006968 3.745687	2.000000	1.147733	0.852267	10.603341	1.532089	1.043000	0.489089	7.520619	-1.285575	-0.479000	-0.806575	7.912783	10925.684283
754303665425.000000 0.007644 3.753329	2.000000	1.147733	0.852267	10.627792	1.532089	1.043000	0.489089	7.534651	-1.285575	-0.479000	-0.806575	7.935923	-7284.535583
754303682281.000000 0.008113 3.761400	2.000000	1.147733	0.852267	10.653800	1.532089	1.043000	0.489089	7.549576	-1.285575	-0.479000	-0.806575	7.960536	-7284.535583
754303696976.000000 0.007073 3.768471	2.000000	1.147733	0.852267	10.676517	1.532089	1.043000	0.489089	7.562612	-1.285575	-0.479000	-0.806575	7.982035	-7284.535583
754303716730.000000 0.009508 3.777977	2.000000	1.147733	0.852267	10.707131	1.532089	1.043000	0.489089	7.580180	-1.285575	-0.479000	-0.806575	8.011008	-7284.535583
754303731089.000000 0.006911 3.784886	2.000000	1.147733	0.852267	10.729425	1.532089	1.043000	0.489089	7.592974	-1.285575	-0.479000	-0.806575	8.032106	-7284.535583
754303745007.000000 0.006699 3.791582	2.000000	1.147733	0.852267	10.751071	1.532089	1.043000	0.489089	7.605396	-1.285575	-0.479000	-0.806575	8.052592	-7284.535583
754303758970.000000 0.006721 3.798302	2.000000	1.147733	0.852267	10.772828	1.532089	1.043000	0.489089	7.617882	-1.285575	-0.479000	-0.806575	8.073182	-7284.535583
754303773026.000000 0.006766 3.805065	2.000000	1.147733	0.852267	10.794768	1.532089	1.043000	0.489089	7.630472	-1.285575	-0.479000	-0.806575	8.093946	-7284.535583
754303787179.000000 0.006812 3.811875	2.000000	1.147733	0.852267	10.816898	1.532089	1.043000	0.489089	7.643172	-1.285575	-0.479000	-0.806575	8.114889	-7284.535583
754303807599.000000 0.009829 3.821704	2.000000	1.147733	0.852267	10.848911	1.532089	1.043000	0.489089	7.661544	-1.285575	-0.479000	-0.806575	8.145187	-7284.535583
754303825304.000000 0.008522 3.830223	2.000000	1.147733	0.852267	10.876732	1.532089	1.043000	0.489089	7.677509	-1.285575	-0.479000	-0.806575	8.171515	-7284.535583
754303841952.000000 0.008013 3.838232	2.000000	1.147733	0.852267	10.902943	1.532089	1.043000	0.489089	7.692551	-1.285575	-0.479000	-0.806575	8.196322	-7284.535583
754303857749.000000 0.007604 3.845835	2.000000	1.206444	0.793556	10.926150	1.532089	1.091000	0.441089	7.705450	-1.285575	-0.515000	-0.770575	8.218857	-7284.535583
754303875175.000000 0.008387 3.854220	2.000000	1.206444	0.793556	10.951803	1.532089	1.091000	0.441089	7.719709	-1.285575	-0.515000	-0.770575	8.243767	7626.187023
754303890674.000000 0.007460 3.861677	2.000000	1.206444	0.793556	10.974664	1.532089	1.091000	0.441089	7.732416	-1.285575	-0.515000	-0.770575	8.265965	7626.187023
754303904613.000000 0.006709 3.868384	2.000000	1.206444	0.793556	10.995259	1.532089	1.091000	0.441089	7.743864	-1.285575	-0.515000	-0.770575	8.285965	7626.187023
754303919454.000000 0.007143 3.875525	2.000000	1.206444	0.793556	11.017227	1.532089	1.091000	0.441089	7.756074	-1.285575	-0.515000	-0.770575	8.307296	7626.187023
754303933144.000000 0.006589 3.882113	2.000000	1.206444	0.793556	11.037527	1.532089	1.091000	0.441089	7.767357	-1.285575	-0.515000	-0.770575	8.327008	7626.187023
754303951824.000000 0.008991 3.891101	2.000000	1.206444	0.793556	11.065288	1.532089	1.091000	0.441089	7.782788	-1.285575	-0.515000	-0.770575	8.353965	7626.187023
754303965619.000000 0.006639 3.897740	2.000000	1.206444	0.793556	11.085824	1.532089	1.091000	0.441089	7.794203	-1.285575	-0.515000	-0.770575	8.373907	7626.187023
754303979516.000000 0.006689 3.904426	2.000000	1.206444	0.793556	11.106548	1.532089	1.091000	0.441089	7.805722	-1.285575	-0.515000	-0.770575	8.394031	7626.187023
754303994107.000000 0.007023 3.911449	2.000000	1.206444	0.793556	11.128347	1.532089	1.091000	0.441089	7.817839	-1.285575	-0.515000	-0.770575	8.415198	7626.187023
754304009840.000000 0.007573 3.919019	2.000000	1.206444	0.793556	11.151897	1.532089	1.091000	0.441089	7.830929	-1.285575	-0.515000	-0.770575	8.438067	7626.187023
754304024325.000000 0.006972 3.925988	2.000000	1.206444	0.793556	11.173617	1.532089	1.091000	0.441089	7.843002	-1.285575	-0.515000	-0.770575	8.459157	7626.187023
754304039429.000000 0.007270 3.933256	2.000000	1.206444	0.793556	11.196308	1.532089	1.091000	0.441089	7.855614	-1.285575	-0.515000	-0.770575	8.481191	7626.187023
754304054252.000000 0.007134 3.940389	2.000000	1.206444	0.793556	11.218616	1.532089	1.091000	0.441089	7.868014	-1.285575	-0.515000	-0.770575	8.502853	7626.187023
754304068678.000000 0.006944 3.947330	2.000000	1.265686	0.734314	11.238743	1.532089	1.138000	0.394089	7.878815	-1.285575	-0.554000	-0.731575	8.522905	6229.807139
754304087059.000000 0.008847 3.956176	2.000000	1.265686	0.734314	11.264443	1.532089	1.138000	0.394089	7.892608	-1.285575	-0.554000	-0.731575	8.548509	6229.807139
754304102538.000000 0.007450 3.963624	2.000000	1.265686	0.734314	11.286128	1.532089	1.138000	0.394089	7.904246	-1.285575	-0.554000	-0.731575	8.570113	6229.807139
754304118180.000000 0.007529 3.971152	2.000000	1.265686	0.734314	11.308083	1.532089	1.138000	0.394089	7.916029	-1.285575	-0.554000	-0.731575	8.591986	6229.807139
754304132478.000000 0.006882 3.978030	2.000000	1.265686	0.734314	11.328186	1.532089	1.138000	0.394089	7.926818	-1.285575	-0.554000	-0.731575	8.612015	6229.807139
754304146670.000000 0.006831 3.984860	2.000000	1.265686	0.734314	11.348175	1.532089	1.138000	0.394089	7.937545	-1.285575	-0.554000	-0.731575	8.631929	6229.807139
754304160667.000000 0.006737 3.991595	2.000000	1.265686	0.734314	11.367921	1.532089	1.138000	0.394089	7.948142	-1.285575	-0.554000	-0.731575	8.651601	6229.807139
754304176437.000000 0.007590 3.999183	2.000000	1.265686	0.734314	11.390210	1.532089	1.138000	0.394089	7.960104	-1.285575	-0.554000	-0.731575	8.673806	6229.807139
754304191260.000000 0.007136 4.006317	2.000000	1.265686	0.734314	11.411202	1.532089	1.138000	0.394089	7.971370	-1.285575	-0.554000	-0.731575	8.694720	6229.807139
754304205720.000000 0.006960 4.013274	2.000000	1.265686	0.734314	11.431713	1.532089	1.138000	0.394089	7.982378	-1.285575	-0.554000	-0.731575	8.715155	6229.807139
754304221354.000000 0.007525 4.020798	2.000000	1.265686	0.734314	11.453932	1.532089	1.138000	0.394089	7.994302	-1.285575	-0.554000	-0.731575	8.737291	6229.807139
754304237776.000000 0.007904 4.028699	2.000000	1.265686	0.734314	11.477314	1.532089	1.138000	0.394089	8.006851	-1.285575	-0.554000	-0.731575	8.760586	6229.807139
754304252049.000000 0.006870 4.035567	2.000000	1.265686	0.734314	11.497673	1.532089	1.138000	0.394089	8.017777	-1.285575	-0.554000	-0.731575	8.780869	6229.807139
754304266451.000000 0.006932 4.042497	2.000000	1.265686	0.734314	11.518249	1.532089	1.138000	0.394089	8.028819	-1.285575	-0.554000	-0.731575	8.801368	6229.807139
754304281142.000000 0.007072 4.049568	2.000000	1.323306	0.676694	11.537627	1.532089	1.183000	0.349089	8.038816	-1.285575	-0.593000	-0.692575	8.821201	2497.773543
754304297673.000000 0.007957 4.057522	2.000000	1.323306	0.676694	11.559473	1.532089	1.183000	0.349089	8.050086	-1.285575	-0.593000	-0.692575	8.843560	2497.773543
754304312119.000000 0.006953 4.064472	2.000000	1.323306	0.676694	11.578598	1.532089	1.183000	0.349089	8.059952	-1.285575	-0.593000	-0.692575	8.863133	2497.773543
754304327090.000000 0.007206 4.071677	2.000000	1.323306	0.676694	11.598452	1.532089	1.183000	0.349089	8.070194	-1.285575	-0.593000	-0.692575	8.883453	2497.773543
754304340754.000000 0.006577 4.078251	2.000000	1.323306	0.676694	11.616602	1.532089	1.183000	0.349089	8.079557	-1.285575	-0.593000	-0.692575	8.902030	2497.773543
754304354919.000000 0.006818 4.085068	2.000000	1.323306	0.676694	11.635450	1.532089	1.183000	0.349089	8.089280	-1.285575	-0.593000	-0.692575	8.921319	2497.773543
754304369055.000000 0.006804 4.091869	2.000000	1.323306	0.676694	11.654290	1.532089	1.183000	0.349089	8.098999	-1.285575	-0.593000	-0.692575	8.940602	2497.773543
754304383398.000000 0.006903 4.098771	2.000000	1.323306	0.676694	11.673436	1.532089	1.183000	0.349089	8.108877	-1.285575	-0.593000	-0.692575	8.960198	2497.773543
754304397291.000000 0.006687 4.105456	2.000000	1.323306	0.676694	11.692013	1.532089	1.183000	0.349089	8.118460	-1.285575	-0.593000	-0.692575	8.979210	2497.773543
754304411202.000000 0.006695 4.112150	2.000000	1.323306	0.676694	11.710644	1.532089	1.183000	0.349089	8.128071	-1.285575	-0.593000	-0.692575	8.998278	2497.773543
754304425450.000000 0.006858 4.119007	2.000000	1.323306	0.676694	11.729759	1.532089	1.183000	0.349089	8.137932	-1.285575	-0.593000	-0.692575	9.017842	2497.773543
754304440391.000000 0.007191 4.126195	2.000000	1.323306	0.676694	11.749837	1.532089	1.183000	0.349089	8.148290	-1.285575	-0.593000	-0.692575	9.038391	2497.773543
754304455699.000000 0.007368 4.133562	2.000000	1.323306	0.676694	11.770445	1.532089	1.183000	0.349089	8.158921	-1.285575	-0.593000	-0.692575	9.059483	2497.773543
754304469660.000000 0.006719 4.140279	2.000000	1.323306	0.676694	11.789271	1.532089	1.183000	0.349089	8.168633	-1.285575	-0.593000	-0.692575	9.078751	2497.773543
754304484203.000000 0.006999 4.147277	2.000000	1.382436	0.617564	11.807198	1.532089	1.229000	0.303089	8.177431	-1.285575	-0.633000	-0.652575	9.097694	333.648608
754304500044.000000 0.007624 4.154901	2.000000	1.382436	0.617564	11.826762	1.532089	1.229000	0.303089	8.187032	-1.285575	-0.633000	-0.652575	9.118367	333.648608
754304515393.000000 0.007387 4.162286	2.000000	1.382436	0.617564	11.845751	1.532089	1.229000	0.303089	8.196352	-1.285575	-0.633000	-0.652575	9.138432	333.648608
754304529777.000000 0.006923 4.169207	2.000000	1.382436	0.617564	11.863575	1.532089	1.229000	0.303089	8.205100	-1.285575	-0.633000	-0.652575	9.157267	333.648608
754304544739.000000 0.007202 4.176408	2.000000	1.382436	0.617564	11.882151	1.532089	1.229000	0.303089	8.214216	-1.285575	-0.633000	-0.652575	9.176896	333.648608
754304558473.000000 0.006611 4.183016	2.000000	1.382436	0.617564	11.899228	1.532089	1.229000	0.303089	8.222597	-1.285575	-0.633000	-0.652575	9.194941	333.648608
754304572451.000000 0.006728 4.189742	2.000000	1.382436	0.617564	11.916636	1.532089	1.229000	0.303089	8.231141	-1.285575	-0.633000	-0.652575	9.213336	333.648608
754304586896.000000 0.006953 4.196692	2.000000	1.382436	0.617564	11.934656	1.532089	1.229000	0.303089	8.239985	-1.285575	-0.633000	-0.652575	9.232378	333.648608
754304600621.000000 0.006606 4.203298	2.000000	1.382436	0.617564	11.951804	1.532089	1.229000	0.303089	8.248401	-1.285575	-0.633000	-0.652575	9.250498	333.648608
754304614557.000000 0.006708 4.210003	2.000000	1.382436	0.617564	11.969244	1.532089	1.229000	0.303089	8.256960	-1.285575	-0.633000	-0.652575	9.268927	333.648608
754304629949.000000 0.007408 4.217410	2.000000	1.382436	0.617564	11.988540	1.532089	1.229000	0.303089	8.266430	-1.285575	-0.633000	-0.652575	9.289316	333.648608
754304645661.000000 0.007562 4.224970	2.000000	1.382436	0.617564	12.008271	1.532089	1.229000	0.303089	8.276114	-1.285575	-0.633000	-0.652575	9.310167	333.648608
754304660448.000000 0.007117 4.232085	2.000000	1.382436	0.617564	12.026872	1.532089	1.229000	0.303089	8.285243	-1.285575	-0.633000	-0.652575	9.329822	333.648608
754304675080.000000 0.007042 4.239126	2.000000	1.382436	0.617564	12.045308	1.532089	1.229000	0.303089	8.294291	-1.285575	-0.633000	-0.652575	9.349303	333.648608
754304688889.000000 0.006647 4.245773	2.000000	1.441253	0.558747	12.061076	1.532089	1.275000	0.257089	8.301546	-1.285575	-0.672000	-0.613575	9.366618	333.648608
754304704064.000000 0.007304 4.253075	2.000000	1.441253	0.558747	12.078434	1.532089	1.275000	0.257089	8.309533	-1.285575	-0.672000	-0.613575	9.385680	-1417.648294
754304720314.000000 0.007822 4.260893	2.000000	1.441253	0.558747	12.097056	1.532089	1.275000	0.257089	8.318101	-1.285575	-0.672000	-0.613575	9.406129	-1417.648294
754304738444.000000 0.008726 4.269618	2.000000	1.441253	0.558747	12.117874	1.532089	1.275000	0.257089	8.327680	-1.285575	-0.672000	-0.613575	9.428990	-1417.648294
754304756747.000000 0.008809 4.278424	2.000000	1.441253	0.558747	12.138933	1.532089	1.275000	0.257089	8.337369	-1.285575	-0.672000	-0.613575	9.452115	-1417.648294
754304771290.000000 0.007000 4.285422	2.000000	1.441253	0.558747	12.155694	1.532089	1.275000	0.257089	8.345081	-1.285575	-0.672000	-0.613575	9.470521	-1417.648294
754304785484.000000 0.006832 4.292252	2.000000	1.441253	0.558747	12.172079	1.532089	1.275000	0.257089	8.352620	-1.285575	-0.672000	-0.613575	9.488514	-1417.648294
754304799609.000000 0.006798 4.299049	2.000000	1.441253	0.558747	12.188409	1.532089	1.275000	0.257089	8.360134	-1.285575	-0.672000	-0.613575	9.506446	-1417.648294
754304814313.000000 0.007077 4.306124	2.000000	1.441253	0.558747	12.205436	1.532089	1.275000	0.257089	8.367969	-1.285575	-0.672000	-0.613575	9.525144	-1417.648294
754304828746.000000 0.006946 4.313069	2.000000	1.441253	0.558747	12.222177	1.532089	1.275000	0.257089	8.375671	-1.285575	-0.672000	-0.613575	9.543527	-1417.648294
754304843414.000000 0.007061 4.320128	2.000000	1.441253	0.558747	12.239220	1.532089	1.275000	0.257089	8.383513	-1.285575	-0.672000	-0.613575	9.562243	-1417.648294
754304866474.000000 0.011099 4.331225	2.000000	1.441253	0.558747	12.266079	1.532089	1.275000	0.257089	8.395871	-1.285575	-0.672000	-0.613575	9.591738	-1417.648294
754304893522.000000 0.013017 4.344240	2.000000	1.500662	0.499338	12.294317	1.532089	1.321000	0.211089	8.407809	-1.285575	-0.712000	-0.573575	9.624174	-1417.648294
754304920735.000000 0.013097 4.357335	2.000000	1.500662	0.499338	12.322813	1.532089	1.321000	0.211089	8.419855	-1.285575	-0.712000	-0.573575	9.656907	-3186.590740
754304941820.000000 0.010148 4.367480	2.000000	1.500662	0.499338	12.344944	1.532089	1.321000	0.211089	8.429211	-1.285575	-0.712000	-0.573575	9.682328	-3186.590740
754304962980.000000 0.010184 4.377663	2.000000	1.500662	0.499338	12.367207	1.532089	1.321000	0.211089	8.438622	-1.285575	-0.712000	-0.573575	9.707900	-3186.590740
754304980320.000000 0.008346 4.386006	2.000000	1.500662	0.499338	12.385485	1.532089	1.321000	0.211089	8.446349	-1.285575	-0.712000	-0.573575	9.728896	-3186.590740
754305002541.000000 0.010695 4.396699	2.000000	1.500662	0.499338	12.408965	1.532089	1.321000	0.211089	8.456275	-1.285575	-0.712000	-0.573575	9.755867	-3186.590740
754305020758.000000 0.008768 4.405466	2.000000	1.500662	0.499338	12.428254	1.532089	1.321000	0.211089	8.464429	-1.285575	-0.712000	-0.573575	9.778023	-3186.590740
754305038471.000000 0.008526 4.413991	2.000000	1.500662	0.499338	12.447046	1.532089	1.321000	0.211089	8.472373	-1.285575	-0.712000	-0.573575	9.799609	-3186.590740
754305085699.000000 0.022728 4.436715	2.000000	1.500662	0.499338	12.497399	1.532089	1.321000	0.211089	8.493659	-1.285575	-0.712000	-0.573575	9.857448	-3186.590740
754305104200.000000 0.008905 4.445617	2.000000	1.558832	0.441168	12.514865	1.532089	1.366000	0.166089	8.500234	-1.285575	-0.751000	-0.534575	9.878611	-3186.590740
754305127943.000000 0.011428 4.457043	2.000000	1.558832	0.441168	12.537336	1.532089	1.366000	0.166089	8.508694	-1.285575	-0.751000	-0.534575	9.905841	-4918.655187
754305149493.000000 0.010372 4.467410	2.000000	1.558832	0.441168	12.557777	1.532089	1.366000	0.166089	8.516390	-1.285575	-0.751000	-0.534575	9.930610	-4918.655187
754305169073.000000 0.009424 4.476833	2.000000	1.558832	0.441168	12.576390	1.532089	1.366000	0.166089	8.523397	-1.285575	-0.751000	-0.534575	9.953164	-4918.655187
754305186224.000000 0.008255 4.485085	2.000000	1.558832	0.441168	12.592725	1.532089	1.366000	0.166089	8.529547	-1.285575	-0.751000	-0.534575	9.972957	-4918.655187
754305200422.000000 0.006833 4.491917	2.000000	1.558832	0.441168	12.606267	1.532089	1.366000	0.166089	8.534645	-1.285575	-0.751000	-0.534575	9.989366	-4918.655187
754305214890.000000 0.006964 4.498879	2.000000	1.558832	0.441168	12.620088	1.532089	1.366000	0.166089	8.539848	-1.285575	-0.751000	-0.534575	10.006114	-4918.655187
754305230645.000000 0.007583 4.506460	2.000000	1.558832	0.441168	12.635164	1.532089	1.366000	0.166089	8.545524	-1.285575	-0.751000	-0.534575	10.024382	-4918.655187
754305245682.000000 0.007237 4.513695	2.000000	1.558832	0.441168	12.649575	1.532089	1.366000	0.166089	8.550949	-1.285575	-0.751000	-0.534575	10.041844	-4918.655187
754305264509.000000 0.009062 4.522757	2.000000	1.558832	0.441168	12.667656	1.532089	1.366000	0.166089	8.557757	-1.285575	-0.751000	-0.534575	10.063753	-4918.655187
754305288145.000000 0.011376 4.534130	2.000000	1.558832	0.441168	12.690412	1.532089	1.366000	0.166089	8.566323	-1.285575	-0.751000	-0.534575	10.091327	-4918.655187
754305310580.000000 0.010797 4.544924	2.000000	1.618464	0.381536	12.709135	1.532089	1.412000	0.120089	8.572217	-1.285575	-0.791000	-0.494575	10.115597	-4918.655187
754305333019.000000 0.010799 4.555723	2.000000	1.618464	0.381536	12.727906	1.532089	1.412000	0.120089	8.578125	-1.285575	-0.791000	-0.494575	10.139930	-6694.234716
754305354476.000000 0.010326 4.566047	2.000000	1.618464	0.381536	12.745896	1.532089	1.412000	0.120089	8.583787	-1.285575	-0.791000	-0.494575	10.163249	-6694.234716
754305374996.000000 0.009876 4.575921	2.000000	1.618464	0.381536	12.763138	1.532089	1.412000	0.120089	8.589214	-1.285575	-0.791000	-0.494575	10.185600	-6694.234716
754305391927.000000 0.008149 4.584068	2.000000	1.618464	0.381536	12.777391	1.532089	1.412000	0.120089	8.593700	-1.285575	-0.791000	-0.494575	10.204075	-6694.234716
754305408879.000000 0.008160 4.592226	2.000000	1.618464	0.381536	12.791688	1.532089	1.412000	0.120089	8.598200	-1.285575	-0.791000	-0.494575	10.222608	-6694.234716
754305425879.000000 0.008182 4.600405	2.000000	1.618464	0.381536	12.806050	1.532089	1.412000	0.120089	8.602720	-1.285575	-0.791000	-0.494575	10.241225	-6694.234716
754305442789.000000 0.008138 4.608542	2.000000	1.618464	0.381536	12.820359	1.532089	1.412000	0.120089	8.607225	-1.285575	-0.791000	-0.494575	10.259774	-6694.234716
754305461116.000000 0.008821 4.617361	2.000000	1.618464	0.381536	12.835900	1.532089	1.412000	0.120089	8.612116	-1.285575	-0.791000	-0.494575	10.279919	-6694.234716
754305480214.000000 0.009191 4.626551	2.000000	1.618464	0.381536	12.852124	1.532089	1.412000	0.120089	8.617222	-1.285575	-0.791000	-0.494575	10.300950	-6694.234716
754305497163.000000 0.008158 4.634707	2.000000	1.618464	0.381536	12.866549	1.532089	1.412000	0.120089	8.621763	-1.285575	-0.791000	-0.494575	10.319649	-6694.234716
754305515566.000000 0.008857 4.643562	2.000000	1.618464	0.381536	12.882242	1.532089	1.412000	0.120089	8.626702	-1.285575	-0.791000	-0.494575	10.339991	-6694.234716
754305541319.000000 0.012394 4.655955	2.000000	1.677696	0.322304	12.900841	1.532089	1.458000	0.074089	8.630977	-1.285575	-0.830000	-0.455575	10.366280	-8457.916417
754305567761.000000 0.012726 4.668679	2.000000	1.677696	0.322304	12.919989	1.532089	1.458000	0.074089	8.635379	-1.285575	-0.830000	-0.455575	10.393347	-8457.916417
754305588232.000000 0.009852 4.678528	2.000000	1.677696	0.322304	12.934846	1.532089	1.458000	0.074089	8.638794	-1.285575	-0.830000	-0.455575	10.414346	-8457.916417
754305604989.000000 0.008065 4.686591	2.000000	1.677696	0.322304	12.947028	1.532089	1.458000	0.074089	8.641595	-1.285575	-0.830000	-0.455575	10.431566	-8457.916417
754305621529.000000 0.007961 4.694551	2.000000	1.677696	0.322304	12.959074	1.532089	1.458000	0.074089	8.644364	-1.285575	-0.830000	-0.455575	10.448593	-8457.916417
754305640165.000000 0.008969 4.703519	2.000000	1.677696	0.322304	12.972672	1.532089	1.458000	0.074089	8.647489	-1.285575	-0.830000	-0.455575	10.467813	-8457.916417
754305669309.000000 0.014026 4.717542	2.000000	1.677696	0.322304	12.993998	1.532089	1.458000	0.074089	8.652392	-1.285575	-0.830000	-0.455575	10.497958	-8457.916417
754305693023.000000 0.011413 4.728953	2.000000	1.677696	0.322304	13.011394	1.532089	1.458000	0.074089	8.656390	-1.285575	-0.830000	-0.455575	10.522546	-8457.916417
754305710450.000000 0.008388 4.737339	2.000000	1.677696	0.322304	13.024200	1.532089	1.458000	0.074089	8.659334	-1.285575	-0.830000	-0.455575	10.540649	-8457.916417
754305728735.000000 0.008801 4.746138	2.000000	1.737503	0.262497	13.035165	1.532089	1.504000	0.028089	8.660508	-1.285575	-0.870000	-0.415575	10.558008	-8457.916417
754305751353.000000 0.010886 4.757021	2.000000	1.737503	0.262497	13.048758	1.532089	1.504000	0.028089	8.661962	-1.285575	-0.870000	-0.415575	10.579527	-10238.704406
754305771351.000000 0.009625 4.766645	2.000000	1.737503	0.262497	13.060801	1.532089	1.504000	0.028089	8.663251	-1.285575	-0.870000	-0.415575	10.598594	-10238.704406
754305792237.000000 0.010052 4.776694	2.000000	1.737503	0.262497	13.073405	1.532089	1.504000	0.028089	8.664600	-1.285575	-0.870000	-0.415575	10.618548	-10238.704406
754305815076.000000 0.010992 4.787685	2.000000	1.737503	0.262497	13.087220	1.532089	1.504000	0.028089	8.666078	-1.285575	-0.870000	-0.415575	10.640419	-10238.704406
754305834015.000000 0.009115 4.796797	2.000000	1.737503	0.262497	13.098697	1.532089	1.504000	0.028089	8.667306	-1.285575	-0.870000	-0.415575	10.658589	-10238.704406
754305851104.000000 0.008226 4.805022	2.000000	1.737503	0.262497	13.109073	1.532089	1.504000	0.028089	8.668416	-1.285575	-0.870000	-0.415575	10.675015	-10238.704406
754305868777.000000 0.008507 4.813526	2.000000	1.737503	0.262497	13.119822	1.532089	1.504000	0.028089	8.669567	-1.285575	-0.870000	-0.415575	10.692033	-10238.704406
754305886778.000000 0.008664 4.822186	2.000000	1.737503	0.262497	13.130789	1.532089	1.504000	0.028089	8.670740	-1.285575	-0.870000	-0.415575	10.709395	-10238.704406
754305900421.000000 0.006566 4.828750	2.000000	1.737503	0.262497	13.139112	1.532089	1.504000	0.028089	8.671631	-1.285575	-0.870000	-0.415575	10.722572	-10238.704406
754305914509.000000 0.006781 4.835531	2.000000	1.737503	0.262497	13.147719	1.532089	1.504000	0.028089	8.672552	-1.285575	-0.870000	-0.415575	10.736199	-10238.704406
754305932722.000000 0.008766 4.844295	2.000000	1.737503	0.262497	13.158867	1.532089	1.504000	0.028089	8.673745	-1.285575	-0.870000	-0.415575	10.753847	-10238.704406
754305950668.000000 0.008637 4.852929	2.000000	1.796018	0.203982	13.167417	1.532089	1.549000	-0.016911	8.674453	-1.285575	-0.909000	-0.376575	10.769632	-11981.046072
754305968851.000000 0.008751 4.861679	2.000000	1.796018	0.203982	13.176096	1.532089	1.549000	-0.016911	8.675173	-1.285575	-0.909000	-0.376575	10.785654	-11981.046072
754305983294.000000 0.006951 4.868627	2.000000	1.796018	0.203982	13.182999	1.532089	1.549000	-0.016911	8.675745	-1.285575	-0.909000	-0.376575	10.798399	-11981.046072
754305996954.000000 0.006575 4.875201	2.000000	1.796018	0.203982	13.189537	1.532089	1.549000	-0.016911	8.676287	-1.285575	-0.909000	-0.376575	10.810469	-11981.046072
754306009516.000000 0.006046 4.881245	2.000000	1.796018	0.203982	13.195557	1.532089	1.549000	-0.016911	8.676786	-1.285575	-0.909000	-0.376575	10.821582	-11981.046072
754306021779.000000 0.005902 4.887147	2.000000	1.796018	0.203982	13.201441	1.532089	1.549000	-0.016911	8.677274	-1.285575	-0.909000	-0.376575	10.832445	-11981.046072
754306033974.000000 0.005870 4.893015	2.000000	1.796018	0.203982	13.207300	1.532089	1.549000	-0.016911	8.677760	-1.285575	-0.909000	-0.376575	10.843260	-11981.046072
754306046072.000000 0.005823 4.898836	2.000000	1.796018	0.203982	13.213118	1.532089	1.549000	-0.016911	8.678242	-1.285575	-0.909000	-0.376575	10.854002	-11981.046072
754306058524.000000 0.005993 4.904828	2.000000	1.796018	0.203982	13.219114	1.532089	1.549000	-0.016911	8.678739	-1.285575	-0.909000	-0.376575	10.865072	-11981.046072
754306070801.000000 0.005909 4.910736	2.000000	1.796018	0.203982	13.225034	1.532089	1.549000	-0.016911	8.679230	-1.285575	-0.909000	-0.376575	10.875999	-11981.046072
754306083571.000000 0.006146 4.916880	2.000000	1.796018	0.203982	13.231198	1.532089	1.549000	-0.016911	8.679741	-1.285575	-0.909000	-0.376575	10.887379	-11981.046072
754306096817.000000 0.006376 4.923255	2.000000	1.796018	0.203982	13.237601	1.532089	1.549000	-0.016911	8.680272	-1.285575	-0.909000	-0.376575	10.899200	-11981.046072
754306109109.000000 0.005916 4.929169	2.000000	1.796018	0.203982	13.243549	1.532089	1.549000	-0.016911	8.680765	-1.285575	-0.909000	-0.376575	10.910182	-11981.046072
754306121348.000000 0.005891 4.935058	2.000000	1.796018	0.203982	13.249479	1.532089	1.549000	-0.016911	8.681257	-1.285575	-0.909000	-0.376575	10.921129	-11981.046072
754306133616.000000 0.005905 4.940962	2.000000	1.796018	0.203982	13.255431	1.532089	1.549000	-0.016911	8.681750	-1.285575	-0.909000	-0.376575	10.932116	-11981.046072
754306145841.000000 0.005884 4.946846	2.000000	1.855970	0.144030	13.259623	1.532089	1.595000	-0.062911	8.683582	-1.285575	-0.949000	-0.336575	10.941913	-11981.046072
754306160759.000000 0.007180 4.954024	2.000000	1.855970	0.144030	13.264747	1.532089	1.595000	-0.062911	8.685819	-1.285575	-0.949000	-0.336575	10.953886	-13766.158253
754306176276.000000 0.007469 4.961490	2.000000	1.855970	0.144030	13.270084	1.532089	1.595000	-0.062911	8.688151	-1.285575	-0.949000	-0.336575	10.966358	-13766.158253
754306189550.000000 0.006389 4.967877	2.000000	1.855970	0.144030	13.274655	1.532089	1.595000	-0.062911	8.690147	-1.285575	-0.949000	-0.336575	10.977041	-13766.158253
754306203633.000000 0.006779 4.974654	2.000000	1.855970	0.144030	13.279512	1.532089	1.595000	-0.062911	8.692269	-1.285575	-0.949000	-0.336575	10.988391	-13766.158253
754306217654.000000 0.006749 4.981400	2.000000	1.855970	0.144030	13.284354	1.532089	1.595000	-0.062911	8.694384	-1.285575	-0.949000	-0.336575	10.999706	-13766.158253
754306230329.000000 0.006101 4.987499	2.000000	1.855970	0.144030	13.288736	1.532089	1.595000	-0.062911	8.696298	-1.285575	-0.949000	-0.336575	11.009947	-13766.158253
754306242626.000000 0.005919 4.993416	2.000000	1.855970	0.144030	13.292993	1.532089	1.595000	-0.062911	8.698157	-1.285575	-0.949000	-0.336575	11.019894	-13766.158253
754306255360.000000 0.006129 4.999544	2.000000	1.855970	0.144030	13.297407	1.532089	1.595000	-0.062911	8.700085	-1.285575	-0.949000	-0.336575	11.030208	-13766.158253
754306268228.000000 0.006194 5.005738	2.000000	1.855970	0.144030	13.301872	1.532089	1.595000	-0.062911	8.702036	-1.285575	-0.949000	-0.336575	11.040643	-13766.158253
754306282866.000000 0.007046 5.012780	2.000000	1.855970	0.144030	13.306960	1.532089	1.595000	-0.062911	8.704258	-1.285575	-0.949000	-0.336575	11.052531	-13766.158253
754306299096.000000 0.007812 5.020591	2.000000	1.855970	0.144030	13.312609	1.532089	1.595000	-0.062911	8.706725	-1.285575	-0.949000	-0.336575	11.065732	-13766.158253
754306317064.000000 0.008648 5.029236	2.000000	1.855970	0.144030	13.318873	1.532089	1.595000	-0.062911	8.709461	-1.285575	-0.949000	-0.336575	11.080371	-13766.158253
754306333942.000000 0.008123 5.037358	2.000000	1.855970	0.144030	13.324767	1.532089	1.595000	-0.062911	8.712036	-1.285575	-0.949000	-0.336575	11.094144	-13766.158253
754306350465.000000 0.007952 5.045308	2.000000	1.915470	0.084530	13.328158	1.532089	1.641000	-0.108911	8.716405	-1.285575	-0.988000	-0.297575	11.106083	-13766.158253
