749244868199.000000 0.000002 0.000004	0.000004	0.000000	0.000004	0.000000	0.000003	0.000000	0.000003	0.000000	-0.000003	0.000000	-0.000003	0.000000	1985426.299292
749244899847.000000 0.015231 0.015235	0.015238	0.000000	0.015238	0.000004	0.011673	0.000000	0.011673	0.000003	-0.009795	0.000000	-0.009795	0.000002	-19501.823782
749244932132.000000 0.015538 0.030771	0.046006	0.000000	0.046006	0.000026	0.035243	0.000000	0.035243	0.000020	-0.029572	0.000000	-0.029572	0.000016	-17967.294176
749244958527.000000 0.012703 0.043472	0.089474	0.000000	0.089474	0.000075	0.068541	0.000000	0.068541	0.000057	-0.057513	0.000000	-0.057513	0.000048	-16079.020639
749244988244.000000 0.014302 0.057771	0.147240	0.000000	0.147240	0.000197	0.112792	0.000000	0.112792	0.000151	-0.094644	0.000000	-0.094644	0.000126	-14459.490713
749245019672.000000 0.015125 0.072894	0.220127	0.000000	0.220127	0.000439	0.168627	0.000000	0.168627	0.000337	-0.141495	0.000000	-0.141495	0.000282	-12155.502580
749245055603.000000 0.017292 0.090185	0.310302	0.000000	0.310302	0.000923	0.237705	0.000000	0.237705	0.000707	-0.199458	0.000000	-0.199458	0.000593	-9638.256736
749245094945.000000 0.018934 0.109116	0.419407	0.000000	0.419407	0.001790	0.321284	0.000000	0.321284	0.001371	-0.269589	0.000000	-0.269589	0.001150	-6456.018926
749245133117.000000 0.018370 0.127483	0.546877	0.000000	0.546877	0.003070	0.418932	0.000000	0.418932	0.002352	-0.351526	0.000000	-0.351526	0.001974	-2446.965080
749245164573.000000 0.015138 0.142620	0.689482	0.000000	0.689482	0.004559	0.528174	0.000000	0.528174	0.003492	-0.443191	0.000000	-0.443191	0.002930	2668.645179
749245196737.000000 0.015479 0.158097	0.847563	0.000000	0.847563	0.006633	0.649271	0.000000	0.649271	0.005081	-0.544803	0.000000	-0.544803	0.004264	6953.542186
749245230320.000000 0.016162 0.174257	1.021803	0.000000	1.021803	0.009511	0.782746	0.000000	0.782746	0.007286	-0.656802	0.000000	-0.656802	0.006114	11843.595282
749245263685.000000 0.016057 0.190312	1.212095	0.000000	1.212095	0.013215	0.928519	0.000000	0.928519	0.010123	-0.779120	0.000000	-0.779120	0.008494	17496.629339
749245296222.000000 0.015658 0.205968	1.418043	0.000000	1.418043	0.017788	1.086284	0.000000	1.086284	0.013627	-0.911500	0.000000	-0.911500	0.011434	23624.677398
749245328605.000000 0.015584 0.221550	1.639571	0.000000	1.639571	0.023449	1.255984	0.000000	1.255984	0.017963	-1.053896	0.000000	-1.053896	0.015073	29993.275070
749245371898.000000 0.020834 0.242383	1.881929	0.000000	1.881929	0.032953	1.441642	0.000000	1.441642	0.025243	-1.209681	0.000000	-1.209681	0.021182	34984.441113
749245406309.000000 0.016560 0.258940	2.000000	0.000000	2.000000	0.041529	1.532089	0.000000	1.532089	0.031813	-1.285575	0.000000	-1.285575	0.026694	35574.922285
749245440293.000000 0.016355 0.275294	2.000000	-0.005000	2.005000	0.050556	1.532089	-0.005000	1.537089	0.038734	-1.285575	0.000000	-1.285575	0.032482	39831.268809
749245473967.000000 0.016206 0.291498	2.000000	-0.005000	2.005000	0.060028	1.532089	-0.005000	1.537089	0.045995	-1.285575	0.000000	-1.285575	0.038555	40149.943125
749245505252.000000 0.015056 0.306551	2.000000	-0.005000	2.005000	0.069282	1.532089	-0.005000	1.537089	0.053089	-1.285575	0.000000	-1.285575	0.044489	39256.370828
749245536316.000000 0.014950 0.321499	2.000000	-0.005000	2.005000	0.078918	1.532089	-0.005000	1.537089	0.060477	-1.285575	0.000000	-1.285575	0.050668	38319.225613
749245564880.000000 0.013747 0.335244	2.000000	-0.005000	2.005000	0.088158	1.532089	-0.005000	1.537089	0.067560	-1.285575	0.000000	-1.285575	0.056592	37342.015478
749245596423.000000 0.015180 0.350422	2.000000	-0.005000	2.005000	0.098824	1.532089	-0.005000	1.537089	0.075737	-1.285575	0.000000	-1.285575	0.063431	36320.563368
749245627941.000000 0.015168 0.365588	2.000000	-0.014000	2.014000	0.109992	1.532089	-0.014000	1.546089	0.084310	-1.285575	0.000000	-1.285575	0.070560	35254.901546
749245675240.000000 0.022762 0.388349	2.000000	-0.014000	2.014000	0.127795	1.532089	-0.014000	1.546089	0.097977	-1.285575	0.000000	-1.285575	0.081924	44503.588158
749245708264.000000 0.015893 0.404240	2.000000	-0.014000	2.014000	0.140735	1.532089	-0.014000	1.546089	0.107911	-1.285575	0.000000	-1.285575	0.090183	43224.877089
749245738159.000000 0.014388 0.418625	2.000000	-0.014000	2.014000	0.152865	1.532089	-0.014000	1.546089	0.117223	-1.285575	0.000000	-1.285575	0.097927	41900.661994
749245770612.000000 0.015619 0.434242	2.000000	-0.014000	2.014000	0.166525	1.532089	-0.014000	1.546089	0.127709	-1.285575	0.000000	-1.285575	0.106646	40527.047748
749245791953.000000 0.010272 0.444511	2.000000	-0.014000	2.014000	0.175720	1.532089	-0.014000	1.546089	0.134768	-1.285575	0.000000	-1.285575	0.112516	39120.951283
749245813503.000000 0.010372 0.454880	2.000000	-0.014000	2.014000	0.185223	1.532089	-0.014000	1.546089	0.142063	-1.285575	0.000000	-1.285575	0.118581	37682.052954
749245832739.000000 0.009259 0.464137	2.000000	-0.014000	2.014000	0.193877	1.532089	-0.014000	1.546089	0.148707	-1.285575	0.000000	-1.285575	0.124105	36213.874964
749245851258.000000 0.008914 0.473048	2.000000	-0.024021	2.024021	0.202412	1.532089	-0.024000	1.556089	0.155268	-1.285575	0.001000	-1.286575	0.129530	42660.175579
749245882279.000000 0.014929 0.487974	2.000000	-0.024021	2.024021	0.217157	1.532089	-0.024000	1.556089	0.166604	-1.285575	0.001000	-1.286575	0.138903	40968.214433
749245900686.000000 0.008859 0.496831	2.000000	-0.024021	2.024021	0.226066	1.532089	-0.024000	1.556089	0.173454	-1.285575	0.001000	-1.286575	0.144566	39245.545567
749245918438.000000 0.008545 0.505376	2.000000	-0.024021	2.024021	0.234806	1.532089	-0.024000	1.556089	0.180173	-1.285575	0.001000	-1.286575	0.150122	37493.248466
749245936142.000000 0.008521 0.513893	2.000000	-0.024021	2.024021	0.243669	1.532089	-0.024000	1.556089	0.186987	-1.285575	0.001000	-1.286575	0.155756	35711.419898
749245956456.000000 0.009777 0.523668	2.000000	-0.024021	2.024021	0.254032	1.532089	-0.024000	1.556089	0.194954	-1.285575	0.001000	-1.286575	0.162343	33895.698551
749245977715.000000 0.010232 0.533897	2.000000	-0.024021	2.024021	0.265089	1.532089	-0.024000	1.556089	0.203455	-1.285575	0.001000	-1.286575	0.169371	32044.507743
749245996268.000000 0.008930 0.542825	2.000000	-0.024021	2.024021	0.274900	1.532089	-0.024000	1.556089	0.210998	-1.285575	0.001000	-1.286575	0.175608	30162.360617
749246019666.000000 0.011262 0.554085	2.000000	-0.024021	2.024021	0.287530	1.532089	-0.024000	1.556089	0.220708	-1.285575	0.001000	-1.286575	0.183636	28241.173561
749246038286.000000 0.008962 0.563044	2.000000	-0.024021	2.024021	0.297744	1.532089	-0.024000	1.556089	0.228560	-1.285575	0.001000	-1.286575	0.190128	26288.923406
749246053303.000000 0.007228 0.570268	2.000000	-0.024021	2.024021	0.306086	1.532089	-0.024000	1.556089	0.234974	-1.285575	0.001000	-1.286575	0.195431	24311.623227
749246068831.000000 0.007474 0.577742	2.000000	-0.031064	2.031064	0.314856	1.532089	-0.031000	1.563089	0.241724	-1.285575	0.002000	-1.287575	0.200991	25330.835898
749246084251.000000 0.007421 0.585160	2.000000	-0.031064	2.031064	0.323677	1.532089	-0.031000	1.563089	0.248512	-1.285575	0.002000	-1.287575	0.206583	23171.424619
749246097716.000000 0.006481 0.591639	2.000000	-0.031064	2.031064	0.331465	1.532089	-0.031000	1.563089	0.254505	-1.285575	0.002000	-1.287575	0.211520	20988.103026
749246111086.000000 0.006435 0.598073	2.000000	-0.031064	2.031064	0.339282	1.532089	-0.031000	1.563089	0.260521	-1.285575	0.002000	-1.287575	0.216475	18781.038038
749246125413.000000 0.006895 0.604967	2.000000	-0.031064	2.031064	0.347754	1.532089	-0.031000	1.563089	0.267041	-1.285575	0.002000	-1.287575	0.221846	16548.533824
749246142178.000000 0.008069 0.613034	2.000000	-0.031064	2.031064	0.357801	1.532089	-0.031000	1.563089	0.274773	-1.285575	0.002000	-1.287575	0.228215	14286.261135
749246156869.000000 0.007071 0.620104	2.000000	-0.031064	2.031064	0.366707	1.532089	-0.031000	1.563089	0.281627	-1.285575	0.002000	-1.287575	0.233861	11997.897526
749246173918.000000 0.008206 0.628308	2.000000	-0.031064	2.031064	0.377178	1.532089	-0.031000	1.563089	0.289686	-1.285575	0.002000	-1.287575	0.240499	9679.257580
749246190073.000000 0.007776 0.636081	2.000000	-0.031064	2.031064	0.387224	1.532089	-0.031000	1.563089	0.297417	-1.285575	0.002000	-1.287575	0.246868	7331.932360
749246206276.000000 0.007798 0.643878	2.000000	-0.031064	2.031064	0.397422	1.532089	-0.031000	1.563089	0.305265	-1.285575	0.002000	-1.287575	0.253333	4955.834853
749246220121.000000 0.006664 0.650540	2.000000	-0.031064	2.031064	0.406227	1.532089	-0.031000	1.563089	0.312041	-1.285575	0.002000	-1.287575	0.258915	2555.152252
749246234980.000000 0.007152 0.657691	2.000000	-0.031064	2.031064	0.415781	1.532089	-0.031000	1.563089	0.319394	-1.285575	0.002000	-1.287575	0.264971	128.082181
749246252033.000000 0.008208 0.665897	2.000000	-0.031064	2.031064	0.426882	1.532089	-0.031000	1.563089	0.327937	-1.285575	0.002000	-1.287575	0.272009	-2329.271328
749246270833.000000 0.009049 0.674943	2.000000	-0.035128	2.035128	0.439311	1.532089	-0.035000	1.567089	0.337508	-1.285575	0.003000	-1.288575	0.279879	-1921.921625
749246292360.000000 0.010361 0.685302	2.000000	-0.035128	2.035128	0.453762	1.532089	-0.035000	1.567089	0.348635	-1.285575	0.003000	-1.288575	0.289028	-4633.164168
749246308889.000000 0.007956 0.693255	2.000000	-0.035128	2.035128	0.464986	1.532089	-0.035000	1.567089	0.357278	-1.285575	0.003000	-1.288575	0.296135	-7375.869609
749246326990.000000 0.008712 0.701965	2.000000	-0.035128	2.035128	0.477432	1.532089	-0.035000	1.567089	0.366862	-1.285575	0.003000	-1.288575	0.304015	-10153.034416
749246345641.000000 0.008977 0.710940	2.000000	-0.035128	2.035128	0.490420	1.532089	-0.035000	1.567089	0.376863	-1.285575	0.003000	-1.288575	0.312239	-12965.709446
749246366194.000000 0.009892 0.720831	2.000000	-0.035128	2.035128	0.504932	1.532089	-0.035000	1.567089	0.388038	-1.285575	0.003000	-1.288575	0.321427	-15817.513684
749246389100.000000 0.011024 0.731852	2.000000	-0.035128	2.035128	0.521352	1.532089	-0.035000	1.567089	0.400681	-1.285575	0.003000	-1.288575	0.331824	-18712.920890
749246404910.000000 0.007610 0.739460	2.000000	-0.035128	2.035128	0.532803	1.532089	-0.035000	1.567089	0.409499	-1.285575	0.003000	-1.288575	0.339074	-21638.426021
749246420724.000000 0.007611 0.747069	2.000000	-0.035128	2.035128	0.544376	1.532089	-0.035000	1.567089	0.418410	-1.285575	0.003000	-1.288575	0.346402	-24594.034791
749246437113.000000 0.007888 0.754954	2.000000	-0.035128	2.035128	0.556495	1.532089	-0.035000	1.567089	0.427742	-1.285575	0.003000	-1.288575	0.354075	-26097.676680
749246453902.000000 0.008081 0.763034	2.000000	-0.035128	2.035128	0.569043	1.532089	-0.035000	1.567089	0.437404	-1.285575	0.003000	-1.288575	0.362021	-26097.676680
749246469253.000000 0.007389 0.770420	2.000000	-0.035128	2.035128	0.580628	1.532089	-0.035000	1.567089	0.446325	-1.285575	0.003000	-1.288575	0.369356	-26097.676680
749246486453.000000 0.008279 0.778698	2.000000	-0.036125	2.036125	0.593755	1.532089	-0.036000	1.568089	0.456434	-1.285575	0.003000	-1.288575	0.377663	-19079.496301
749246506386.000000 0.009594 0.788289	2.000000	-0.036125	2.036125	0.609153	1.532089	-0.036000	1.568089	0.468293	-1.285575	0.003000	-1.288575	0.387408	-19079.496301
749246531021.000000 0.011857 0.800144	2.000000	-0.036125	2.036125	0.628469	1.532089	-0.036000	1.568089	0.483169	-1.285575	0.003000	-1.288575	0.399632	-19079.496301
749246545931.000000 0.007176 0.807318	2.000000	-0.036125	2.036125	0.640266	1.532089	-0.036000	1.568089	0.492254	-1.285575	0.003000	-1.288575	0.407098	-19079.496301
749246559916.000000 0.006732 0.814047	2.000000	-0.036125	2.036125	0.651424	1.532089	-0.036000	1.568089	0.500847	-1.285575	0.003000	-1.288575	0.414159	-19079.496301
749246572886.000000 0.006243 0.820287	2.000000	-0.036125	2.036125	0.661851	1.532089	-0.036000	1.568089	0.508878	-1.285575	0.003000	-1.288575	0.420758	-19079.496301
749246586658.000000 0.006628 0.826914	2.000000	-0.036125	2.036125	0.673012	1.532089	-0.036000	1.568089	0.517473	-1.285575	0.003000	-1.288575	0.427821	-19079.496301
749246601316.000000 0.007055 0.833969	2.000000	-0.036125	2.036125	0.684992	1.532089	-0.036000	1.568089	0.526699	-1.285575	0.003000	-1.288575	0.435403	-19079.496301
749246614802.000000 0.006491 0.840456	2.000000	-0.036125	2.036125	0.696099	1.532089	-0.036000	1.568089	0.535253	-1.285575	0.003000	-1.288575	0.442432	-19079.496301
749246628510.000000 0.006598 0.847053	2.000000	-0.036125	2.036125	0.707478	1.532089	-0.036000	1.568089	0.544017	-1.285575	0.003000	-1.288575	0.449634	-19079.496301
749246642117.000000 0.006550 0.853600	2.000000	-0.036125	2.036125	0.718862	1.532089	-0.036000	1.568089	0.552783	-1.285575	0.003000	-1.288575	0.456838	-19079.496301
749246655480.000000 0.006432 0.860031	2.000000	-0.036125	2.036125	0.730125	1.532089	-0.036000	1.568089	0.561458	-1.285575	0.003000	-1.288575	0.463966	-19079.496301
749246669263.000000 0.006634 0.866663	2.000000	-0.036125	2.036125	0.741831	1.532089	-0.036000	1.568089	0.570473	-1.285575	0.003000	-1.288575	0.471374	-19079.496301
749246682523.000000 0.006383 0.873044	2.000000	-0.034059	2.034059	0.753165	1.532089	-0.034000	1.566089	0.579199	-1.285575	0.002000	-1.287575	0.478549	-9768.153040
749246699580.000000 0.008210 0.881252	2.000000	-0.034059	2.034059	0.767881	1.532089	-0.034000	1.566089	0.590530	-1.285575	0.002000	-1.287575	0.487864	-9768.153040
749246714461.000000 0.007163 0.888413	2.000000	-0.034059	2.034059	0.780824	1.532089	-0.034000	1.566089	0.600495	-1.285575	0.002000	-1.287575	0.496057	-9768.153040
749246728012.000000 0.006522 0.894932	2.000000	-0.034059	2.034059	0.792697	1.532089	-0.034000	1.566089	0.609636	-1.285575	0.002000	-1.287575	0.503572	-9768.153040
749246741551.000000 0.006517 0.901448	2.000000	-0.034059	2.034059	0.804646	1.532089	-0.034000	1.566089	0.618836	-1.285575	0.002000	-1.287575	0.511136	-9768.153040
749246754810.000000 0.006382 0.907827	2.000000	-0.034059	2.034059	0.816430	1.532089	-0.034000	1.566089	0.627909	-1.285575	0.002000	-1.287575	0.518596	-9768.153040
749246768003.000000 0.006350 0.914176	2.000000	-0.034059	2.034059	0.828238	1.532089	-0.034000	1.566089	0.637001	-1.285575	0.002000	-1.287575	0.526071	-9768.153040
749246780766.000000 0.006143 0.920317	2.000000	-0.034059	2.034059	0.839738	1.532089	-0.034000	1.566089	0.645854	-1.285575	0.002000	-1.287575	0.533350	-9768.153040
749246794717.000000 0.006715 0.927031	2.000000	-0.034059	2.034059	0.852400	1.532089	-0.034000	1.566089	0.655603	-1.285575	0.002000	-1.287575	0.541365	-9768.153040
749246809310.000000 0.007024 0.934053	2.000000	-0.034059	2.034059	0.865745	1.532089	-0.034000	1.566089	0.665878	-1.285575	0.002000	-1.287575	0.549812	-9768.153040
749246822274.000000 0.006240 0.940290	2.000000	-0.034059	2.034059	0.877679	1.532089	-0.034000	1.566089	0.675066	-1.285575	0.002000	-1.287575	0.557367	-9768.153040
749246835017.000000 0.006133 0.946422	2.000000	-0.034059	2.034059	0.889486	1.532089	-0.034000	1.566089	0.684157	-1.285575	0.002000	-1.287575	0.564841	-9768.153040
749246847753.000000 0.006130 0.952551	2.000000	-0.034059	2.034059	0.901363	1.532089	-0.034000	1.566089	0.693301	-1.285575	0.002000	-1.287575	0.572359	-9768.153040
749246860556.000000 0.006162 0.958711	2.000000	-0.034059	2.034059	0.913379	1.532089	-0.034000	1.566089	0.702553	-1.285575	0.002000	-1.287575	0.579965	-9768.153040
749246873708.000000 0.006330 0.965040	2.000000	-0.034059	2.034059	0.925805	1.532089	-0.034000	1.566089	0.712120	-1.285575	0.002000	-1.287575	0.587831	-9768.153040
749246886699.000000 0.006253 0.971293	2.000000	-0.029017	2.029017	0.938128	1.532089	-0.029000	1.561089	0.721602	-1.285575	0.001000	-1.286575	0.595645	-9768.153040
749246903969.000000 0.008313 0.979603	2.000000	-0.029017	2.029017	0.954651	1.532089	-0.029000	1.561089	0.734314	-1.285575	0.001000	-1.286575	0.606122	1234.035276
749246917114.000000 0.006327 0.985927	2.000000	-0.029017	2.029017	0.967307	1.532089	-0.029000	1.561089	0.744051	-1.285575	0.001000	-1.286575	0.614147	1234.035276
749246930011.000000 0.006207 0.992133	2.000000	-0.029017	2.029017	0.979803	1.532089	-0.029000	1.561089	0.753665	-1.285575	0.001000	-1.286575	0.622070	1234.035276
749246943263.000000 0.006378 0.998509	2.000000	-0.029017	2.029017	0.992725	1.532089	-0.029000	1.561089	0.763607	-1.285575	0.001000	-1.286575	0.630264	1234.035276
749246956657.000000 0.006447 1.004955	2.000000	-0.029017	2.029017	1.005870	1.532089	-0.029000	1.561089	0.773721	-1.285575	0.001000	-1.286575	0.638599	1234.035276
749246969822.000000 0.006336 1.011290	2.000000	-0.029017	2.029017	1.018872	1.532089	-0.029000	1.561089	0.783724	-1.285575	0.001000	-1.286575	0.646843	1234.035276
749246982834.000000 0.006263 1.017551	2.000000	-0.029017	2.029017	1.031802	1.532089	-0.029000	1.561089	0.793672	-1.285575	0.001000	-1.286575	0.655042	1234.035276
749246995681.000000 0.006184 1.023733	2.000000	-0.029017	2.029017	1.044647	1.532089	-0.029000	1.561089	0.803555	-1.285575	0.001000	-1.286575	0.663187	1234.035276
749247010275.000000 0.007024 1.030756	2.000000	-0.029017	2.029017	1.059338	1.532089	-0.029000	1.561089	0.814858	-1.285575	0.001000	-1.286575	0.672502	1234.035276
749247023238.000000 0.006239 1.036993	2.000000	-0.029017	2.029017	1.072465	1.532089	-0.029000	1.561089	0.824958	-1.285575	0.001000	-1.286575	0.680826	1234.035276
749247036317.000000 0.006295 1.043287	2.000000	-0.029017	2.029017	1.085792	1.532089	-0.029000	1.561089	0.835211	-1.285575	0.001000	-1.286575	0.689277	1234.035276
749247049111.000000 0.006158 1.049444	2.000000	-0.029017	2.029017	1.098905	1.532089	-0.029000	1.561089	0.845300	-1.285575	0.001000	-1.286575	0.697591	1234.035276
749247062234.000000 0.006317 1.055758	2.000000	-0.029017	2.029017	1.112436	1.532089	-0.029000	1.561089	0.855711	-1.285575	0.001000	-1.286575	0.706171	1234.035276
749247075126.000000 0.006205 1.061961	2.000000	-0.029017	2.029017	1.125806	1.532089	-0.029000	1.561089	0.865998	-1.285575	0.001000	-1.286575	0.714649	1234.035276
749247087887.000000 0.006142 1.068102	2.000000	-0.029017	2.029017	1.139117	1.532089	-0.029000	1.561089	0.876239	-1.285575	0.001000	-1.286575	0.723089	1234.035276
749247101244.000000 0.006429 1.074529	2.000000	-0.021095	2.021095	1.153079	1.532089	-0.021000	1.553089	0.886968	-1.285575	-0.002000	-1.283575	0.731957	11559.826212
749247119187.000000 0.008636 1.083164	2.000000	-0.021095	2.021095	1.171985	1.532089	-0.021000	1.553089	0.901496	-1.285575	-0.002000	-1.283575	0.743964	11559.826212
749247133295.000000 0.006791 1.089952	2.000000	-0.021095	2.021095	1.186945	1.532089	-0.021000	1.553089	0.912992	-1.285575	-0.002000	-1.283575	0.753465	11559.826212
749247146213.000000 0.006218 1.096168	2.000000	-0.021095	2.021095	1.200721	1.532089	-0.021000	1.553089	0.923577	-1.285575	-0.002000	-1.283575	0.762213	11559.826212
749247158974.000000 0.006142 1.102309	2.000000	-0.021095	2.021095	1.214404	1.532089	-0.021000	1.553089	0.934092	-1.285575	-0.002000	-1.283575	0.770903	11559.826212
749247172703.000000 0.006608 1.108915	2.000000	-0.021095	2.021095	1.229215	1.532089	-0.021000	1.553089	0.945473	-1.285575	-0.002000	-1.283575	0.780309	11559.826212
749247185805.000000 0.006306 1.115219	2.000000	-0.021095	2.021095	1.243428	1.532089	-0.021000	1.553089	0.956395	-1.285575	-0.002000	-1.283575	0.789336	11559.826212
749247199752.000000 0.006714 1.121931	2.000000	-0.021095	2.021095	1.258651	1.532089	-0.021000	1.553089	0.968094	-1.285575	-0.002000	-1.283575	0.799004	11559.826212
749247213722.000000 0.006724 1.128652	2.000000	-0.021095	2.021095	1.273989	1.532089	-0.021000	1.553089	0.979880	-1.285575	-0.002000	-1.283575	0.808745	11559.826212
749247226732.000000 0.006263 1.134913	2.000000	-0.021095	2.021095	1.288354	1.532089	-0.021000	1.553089	0.990918	-1.285575	-0.002000	-1.283575	0.817868	11559.826212
749247239563.000000 0.006176 1.141087	2.000000	-0.021095	2.021095	1.302598	1.532089	-0.021000	1.553089	1.001864	-1.285575	-0.002000	-1.283575	0.826914	11559.826212
749247253140.000000 0.006535 1.147620	2.000000	-0.021095	2.021095	1.317754	1.532089	-0.021000	1.553089	1.013511	-1.285575	-0.002000	-1.283575	0.836540	11559.826212
749247266478.000000 0.006420 1.154037	2.000000	-0.021095	2.021095	1.332727	1.532089	-0.021000	1.553089	1.025017	-1.285575	-0.002000	-1.283575	0.846049	11559.826212
749247280429.000000 0.006715 1.160751	2.000000	-0.021095	2.021095	1.348480	1.532089	-0.021000	1.553089	1.037121	-1.285575	-0.002000	-1.283575	0.856053	11559.826212
749247293598.000000 0.006339 1.167089	2.000000	-0.021095	2.021095	1.363431	1.532089	-0.021000	1.553089	1.048611	-1.285575	-0.002000	-1.283575	0.865549	11559.826212
749247307947.000000 0.006907 1.173994	2.000000	-0.013038	2.013038	1.379754	1.532089	-0.011000	1.543089	1.061123	-1.285575	-0.007000	-1.278575	0.875916	-16001.606823
749247326301.000000 0.008833 1.182825	2.000000	-0.013038	2.013038	1.400786	1.532089	-0.011000	1.543089	1.077245	-1.285575	-0.007000	-1.278575	0.889275	-16001.606823
749247342208.000000 0.007656 1.190479	2.000000	-0.013038	2.013038	1.419134	1.532089	-0.011000	1.543089	1.091310	-1.285575	-0.007000	-1.278575	0.900929	-16001.606823
749247360207.000000 0.008663 1.199140	2.000000	-0.013038	2.013038	1.440046	1.532089	-0.011000	1.543089	1.107339	-1.285575	-0.007000	-1.278575	0.914210	-16001.606823
749247377792.000000 0.008464 1.207602	2.000000	-0.013038	2.013038	1.460621	1.532089	-0.011000	1.543089	1.123111	-1.285575	-0.007000	-1.278575	0.927279	-16001.606823
749247395255.000000 0.008404 1.216005	2.000000	-0.013038	2.013038	1.481194	1.532089	-0.011000	1.543089	1.138881	-1.285575	-0.007000	-1.278575	0.940345	-16001.606823
749247412064.000000 0.008090 1.224093	2.000000	-0.013038	2.013038	1.501128	1.532089	-0.011000	1.543089	1.154162	-1.285575	-0.007000	-1.278575	0.953007	-16001.606823
749247430764.000000 0.009001 1.233092	2.000000	-0.013038	2.013038	1.523470	1.532089	-0.011000	1.543089	1.171288	-1.285575	-0.007000	-1.278575	0.967197	-16001.606823
749247446217.000000 0.007437 1.240527	2.000000	-0.013038	2.013038	1.542043	1.532089	-0.011000	1.543089	1.185525	-1.285575	-0.007000	-1.278575	0.978994	-16001.606823
749247463100.000000 0.008126 1.248653	2.000000	-0.013038	2.013038	1.562469	1.532089	-0.011000	1.543089	1.201183	-1.285575	-0.007000	-1.278575	0.991967	-16001.606823
749247480401.000000 0.008327 1.256977	2.000000	-0.013038	2.013038	1.583539	1.532089	-0.011000	1.543089	1.217334	-1.285575	-0.007000	-1.278575	1.005350	-16001.606823
749247500170.000000 0.009515 1.266490	2.000000	-0.013038	2.013038	1.607797	1.532089	-0.011000	1.543089	1.235928	-1.285575	-0.007000	-1.278575	1.020757	-16001.606823
749247518729.000000 0.008932 1.275420	2.000000	0.012166	1.987834	1.630443	1.532089	0.002000	1.530089	1.253360	-1.285575	-0.012000	-1.273575	1.035266	-26516.644606
749247539724.000000 0.010105 1.285524	2.000000	0.012166	1.987834	1.656266	1.532089	0.002000	1.530089	1.273236	-1.285575	-0.012000	-1.273575	1.051810	-26516.644606
749247555174.000000 0.007436 1.292957	2.000000	0.012166	1.987834	1.675378	1.532089	0.002000	1.530089	1.287948	-1.285575	-0.012000	-1.273575	1.064056	-26516.644606
749247573999.000000 0.009060 1.302016	2.000000	0.012166	1.987834	1.698828	1.532089	0.002000	1.530089	1.305998	-1.285575	-0.012000	-1.273575	1.079080	-26516.644606
749247590055.000000 0.007728 1.309741	2.000000	0.012166	1.987834	1.718950	1.532089	0.002000	1.530089	1.321486	-1.285575	-0.012000	-1.273575	1.091971	-26516.644606
749247608915.000000 0.009081 1.318821	2.000000	0.012166	1.987834	1.742757	1.532089	0.002000	1.530089	1.339811	-1.285575	-0.012000	-1.273575	1.107224	-26516.644606
749247626295.000000 0.008366 1.327180	2.000000	0.012166	1.987834	1.764827	1.532089	0.002000	1.530089	1.356798	-1.285575	-0.012000	-1.273575	1.121364	-26516.644606
749247644397.000000 0.008713 1.335891	2.000000	0.012166	1.987834	1.787964	1.532089	0.002000	1.530089	1.374608	-1.285575	-0.012000	-1.273575	1.136188	-26516.644606
749247660179.000000 0.007596 1.343483	2.000000	0.012166	1.987834	1.808249	1.532089	0.002000	1.530089	1.390222	-1.285575	-0.012000	-1.273575	1.149184	-26516.644606
749247677454.000000 0.008315 1.351797	2.000000	0.012166	1.987834	1.830591	1.532089	0.002000	1.530089	1.407419	-1.285575	-0.012000	-1.273575	1.163498	-26516.644606
749247694806.000000 0.008352 1.360147	2.000000	0.012166	1.987834	1.853172	1.532089	0.002000	1.530089	1.424800	-1.285575	-0.012000	-1.273575	1.177965	-26516.644606
749247712139.000000 0.008342 1.368488	2.000000	0.012166	1.987834	1.875866	1.532089	0.002000	1.530089	1.442268	-1.285575	-0.012000	-1.273575	1.192505	-26516.644606
749247730819.000000 0.008991 1.377476	2.000000	0.025495	1.974505	1.900319	1.532089	0.019000	1.513089	1.461007	-1.285575	-0.017000	-1.268575	1.208215	167.157446
749247749025.000000 0.008763 1.386236	2.000000	0.025495	1.974505	1.924303	1.532089	0.019000	1.513089	1.479386	-1.285575	-0.017000	-1.268575	1.223625	167.157446
749247765303.000000 0.007834 1.394069	2.000000	0.025495	1.974505	1.945868	1.532089	0.019000	1.513089	1.495912	-1.285575	-0.017000	-1.268575	1.237479	167.157446
749247780824.000000 0.007470 1.401537	2.000000	0.025495	1.974505	1.966540	1.532089	0.019000	1.513089	1.511753	-1.285575	-0.017000	-1.268575	1.250761	167.157446
749247796429.000000 0.007510 1.409046	2.000000	0.025495	1.974505	1.987435	1.532089	0.019000	1.513089	1.527765	-1.285575	-0.017000	-1.268575	1.264186	167.157446
749247810999.000000 0.007013 1.416057	2.000000	0.025495	1.974505	2.007043	1.532089	0.019000	1.513089	1.542791	-1.285575	-0.017000	-1.268575	1.276783	167.157446
749247823448.000000 0.005992 1.422047	2.000000	0.025495	1.974505	2.023867	1.532089	0.019000	1.513089	1.555684	-1.285575	-0.017000	-1.268575	1.287592	167.157446
749247836839.000000 0.006445 1.428491	2.000000	0.025495	1.974505	2.042046	1.532089	0.019000	1.513089	1.569614	-1.285575	-0.017000	-1.268575	1.299272	167.157446
749247849710.000000 0.006195 1.434685	2.000000	0.025495	1.974505	2.059596	1.532089	0.019000	1.513089	1.583063	-1.285575	-0.017000	-1.268575	1.310547	167.157446
749247862745.000000 0.006274 1.440957	2.000000	0.025495	1.974505	2.077446	1.532089	0.019000	1.513089	1.596742	-1.285575	-0.017000	-1.268575	1.322016	167.157446
749247874978.000000 0.005888 1.446843	2.000000	0.025495	1.974505	2.094267	1.532089	0.019000	1.513089	1.609632	-1.285575	-0.017000	-1.268575	1.332822	167.157446
749247889007.000000 0.006753 1.453594	2.000000	0.025495	1.974505	2.113647	1.532089	0.019000	1.513089	1.624483	-1.285575	-0.017000	-1.268575	1.345274	167.157446
749247900839.000000 0.005695 1.459287	2.000000	0.025495	1.974505	2.130057	1.532089	0.019000	1.513089	1.637058	-1.285575	-0.017000	-1.268575	1.355817	167.157446
749247913006.000000 0.005856 1.465141	2.000000	0.025495	1.974505	2.146998	1.532089	0.019000	1.513089	1.650040	-1.285575	-0.017000	-1.268575	1.366701	167.157446
749247925309.000000 0.005922 1.471062	2.000000	0.044944	1.955056	2.164028	1.532089	0.038000	1.494089	1.663055	-1.285575	-0.024000	-1.261575	1.377691	167.157446
749247939662.000000 0.006908 1.477970	2.000000	0.044944	1.955056	2.183990	1.532089	0.038000	1.494089	1.678311	-1.285575	-0.024000	-1.261575	1.390572	5145.115556
749247952688.000000 0.006269 1.484236	2.000000	0.044944	1.955056	2.202183	1.532089	0.038000	1.494089	1.692214	-1.285575	-0.024000	-1.261575	1.402311	5145.115556
749247964390.000000 0.005633 1.489867	2.000000	0.044944	1.955056	2.218590	1.532089	0.038000	1.494089	1.704752	-1.285575	-0.024000	-1.261575	1.412899	5145.115556
749247976180.000000 0.005675 1.495540	2.000000	0.044944	1.955056	2.235182	1.532089	0.038000	1.494089	1.717432	-1.285575	-0.024000	-1.261575	1.423605	5145.115556
749247988174.000000 0.005773 1.501313	2.000000	0.044944	1.955056	2.252126	1.532089	0.038000	1.494089	1.730381	-1.285575	-0.024000	-1.261575	1.434539	5145.115556
749248000057.000000 0.005720 1.507030	2.000000	0.044944	1.955056	2.268979	1.532089	0.038000	1.494089	1.743260	-1.285575	-0.024000	-1.261575	1.445414	5145.115556
749248011736.000000 0.005621 1.512650	2.000000	0.044944	1.955056	2.285603	1.532089	0.038000	1.494089	1.755965	-1.285575	-0.024000	-1.261575	1.456141	5145.115556
749248023764.000000 0.005790 1.518438	2.000000	0.044944	1.955056	2.302790	1.532089	0.038000	1.494089	1.769100	-1.285575	-0.024000	-1.261575	1.467232	5145.115556
749248035495.000000 0.005646 1.524082	2.000000	0.044944	1.955056	2.319615	1.532089	0.038000	1.494089	1.781957	-1.285575	-0.024000	-1.261575	1.478089	5145.115556
749248048171.000000 0.006101 1.530183	2.000000	0.044944	1.955056	2.337866	1.532089	0.038000	1.494089	1.795905	-1.285575	-0.024000	-1.261575	1.489866	5145.115556
749248061275.000000 0.006307 1.536487	2.000000	0.044944	1.955056	2.356812	1.532089	0.038000	1.494089	1.810384	-1.285575	-0.024000	-1.261575	1.502092	5145.115556
749248073917.000000 0.006085 1.542571	2.000000	0.044944	1.955056	2.375164	1.532089	0.038000	1.494089	1.824409	-1.285575	-0.024000	-1.261575	1.513934	5145.115556
749248086379.000000 0.005998 1.548567	2.000000	0.044944	1.955056	2.393322	1.532089	0.038000	1.494089	1.838285	-1.285575	-0.024000	-1.261575	1.525651	5145.115556
749248098248.000000 0.005712 1.554279	2.000000	0.044944	1.955056	2.410679	1.532089	0.038000	1.494089	1.851550	-1.285575	-0.024000	-1.261575	1.536852	5145.115556
749248110348.000000 0.005824 1.560101	2.000000	0.044944	1.955056	2.428443	1.532089	0.038000	1.494089	1.865125	-1.285575	-0.024000	-1.261575	1.548314	5145.115556
749248122247.000000 0.005728 1.565827	2.000000	0.044944	1.955056	2.445976	1.532089	0.038000	1.494089	1.878525	-1.285575	-0.024000	-1.261575	1.559629	5145.115556
749248134007.000000 0.005660 1.571486	2.000000	0.068096	1.931904	2.463161	1.532089	0.059000	1.473089	1.891628	-1.285575	-0.034000	-1.251575	1.570761	5145.115556
749248149420.000000 0.007419 1.578903	2.000000	0.068096	1.931904	2.485789	1.532089	0.059000	1.473089	1.908883	-1.285575	-0.034000	-1.251575	1.585421	9796.328524
749248161911.000000 0.006012 1.584913	2.000000	0.068096	1.931904	2.504198	1.532089	0.059000	1.473089	1.922919	-1.285575	-0.034000	-1.251575	1.597347	9796.328524
749248174453.000000 0.006037 1.590948	2.000000	0.068096	1.931904	2.522751	1.532089	0.059000	1.473089	1.937066	-1.285575	-0.034000	-1.251575	1.609367	9796.328524
749248186642.000000 0.005867 1.596813	2.000000	0.068096	1.931904	2.540849	1.532089	0.059000	1.473089	1.950866	-1.285575	-0.034000	-1.251575	1.621092	9796.328524
749248198456.000000 0.005686 1.602498	2.000000	0.068096	1.931904	2.558453	1.532089	0.059000	1.473089	1.964289	-1.285575	-0.034000	-1.251575	1.632496	9796.328524
749248211044.000000 0.006059 1.608556	2.000000	0.068096	1.931904	2.577281	1.532089	0.059000	1.473089	1.978646	-1.285575	-0.034000	-1.251575	1.644694	9796.328524
749248223351.000000 0.005924 1.614478	2.000000	0.068096	1.931904	2.595758	1.532089	0.059000	1.473089	1.992734	-1.285575	-0.034000	-1.251575	1.656664	9796.328524
749248235415.000000 0.005807 1.620283	2.000000	0.068096	1.931904	2.613934	1.532089	0.059000	1.473089	2.006594	-1.285575	-0.034000	-1.251575	1.668439	9796.328524
749248247766.000000 0.005945 1.626227	2.000000	0.068096	1.931904	2.632612	1.532089	0.059000	1.473089	2.020836	-1.285575	-0.034000	-1.251575	1.680539	9796.328524
749248260302.000000 0.006034 1.632258	2.000000	0.068096	1.931904	2.651638	1.532089	0.059000	1.473089	2.035343	-1.285575	-0.034000	-1.251575	1.692865	9796.328524
749248272143.000000 0.005699 1.637956	2.000000	0.068096	1.931904	2.669673	1.532089	0.059000	1.473089	2.049095	-1.285575	-0.034000	-1.251575	1.704549	9796.328524
749248284340.000000 0.005871 1.643825	2.000000	0.068096	1.931904	2.688316	1.532089	0.059000	1.473089	2.063310	-1.285575	-0.034000	-1.251575	1.716627	9796.328524
749248296647.000000 0.005925 1.649748	2.000000	0.068096	1.931904	2.707199	1.532089	0.059000	1.473089	2.077709	-1.285575	-0.034000	-1.251575	1.728861	9796.328524
749248309149.000000 0.006018 1.655763	2.000000	0.068096	1.931904	2.726449	1.532089	0.059000	1.473089	2.092387	-1.285575	-0.034000	-1.251575	1.741331	9796.328524
749248321443.000000 0.005918 1.661679	2.000000	0.068096	1.931904	2.745446	1.532089	0.059000	1.473089	2.106872	-1.285575	-0.034000	-1.251575	1.753638	9796.328524
749248333703.000000 0.005900 1.667577	2.000000	0.068096	1.931904	2.764455	1.532089	0.059000	1.473089	2.121367	-1.285575	-0.034000	-1.251575	1.765953	9796.328524
749248345945.000000 0.005892 1.673468	2.000000	0.094895	1.905105	2.783240	1.532089	0.083000	1.449089	2.135655	-1.285575	-0.046000	-1.239575	1.778176	18371.225185
749248362511.000000 0.007974 1.681441	2.000000	0.094895	1.905105	2.808784	1.532089	0.083000	1.449089	2.155085	-1.285575	-0.046000	-1.239575	1.794796	18371.225185
749248374743.000000 0.005887 1.687326	2.000000	0.094895	1.905105	2.827709	1.532089	0.083000	1.449089	2.169480	-1.285575	-0.046000	-1.239575	1.807110	18371.225185
749248387139.000000 0.005967 1.693291	2.000000	0.094895	1.905105	2.846957	1.532089	0.083000	1.449089	2.184121	-1.285575	-0.046000	-1.239575	1.819634	18371.225185
749248399804.000000 0.006096 1.699385	2.000000	0.094895	1.905105	2.866694	1.532089	0.083000	1.449089	2.199133	-1.285575	-0.046000	-1.239575	1.832476	18371.225185
749248411851.000000 0.005798 1.705181	2.000000	0.094895	1.905105	2.885529	1.532089	0.083000	1.449089	2.213460	-1.285575	-0.046000	-1.239575	1.844731	18371.225185
749248423536.000000 0.005624 1.710805	2.000000	0.094895	1.905105	2.903859	1.532089	0.083000	1.449089	2.227403	-1.285575	-0.046000	-1.239575	1.856658	18371.225185
749248435106.000000 0.005568 1.716372	2.000000	0.094895	1.905105	2.922067	1.532089	0.083000	1.449089	2.241252	-1.285575	-0.046000	-1.239575	1.868505	18371.225185
749248446587.000000 0.005526 1.721897	2.000000	0.094895	1.905105	2.940195	1.532089	0.083000	1.449089	2.255041	-1.285575	-0.046000	-1.239575	1.880300	18371.225185
749248459006.000000 0.005977 1.727873	2.000000	0.094895	1.905105	2.959871	1.532089	0.083000	1.449089	2.270007	-1.285575	-0.046000	-1.239575	1.893103	18371.225185
749248471123.000000 0.005832 1.733704	2.000000	0.094895	1.905105	2.979133	1.532089	0.083000	1.449089	2.284659	-1.285575	-0.046000	-1.239575	1.905636	18371.225185
749248482740.000000 0.005591 1.739293	2.000000	0.094895	1.905105	2.997661	1.532089	0.083000	1.449089	2.298751	-1.285575	-0.046000	-1.239575	1.917691	18371.225185
749248494351.000000 0.005589 1.744880	2.000000	0.094895	1.905105	3.016238	1.532089	0.083000	1.449089	2.312882	-1.285575	-0.046000	-1.239575	1.929779	18371.225185
749248506504.000000 0.005849 1.750728	2.000000	0.094895	1.905105	3.035748	1.532089	0.083000	1.449089	2.327722	-1.285575	-0.046000	-1.239575	1.942473	18371.225185
749248518053.000000 0.005559 1.756286	2.000000	0.094895	1.905105	3.054348	1.532089	0.083000	1.449089	2.341870	-1.285575	-0.046000	-1.239575	1.954575	18371.225185
749248530298.000000 0.005894 1.762178	2.000000	0.094895	1.905105	3.074136	1.532089	0.083000	1.449089	2.356921	-1.285575	-0.046000	-1.239575	1.967450	18371.225185
749248542900.000000 0.006065 1.768242	2.000000	0.094895	1.905105	3.094568	1.532089	0.083000	1.449089	2.372462	-1.285575	-0.046000	-1.239575	1.980745	18371.225185
749248562946.000000 0.009649 1.777890	2.000000	0.124036	1.875964	3.126750	1.532089	0.108000	1.424089	2.396892	-1.285575	-0.061000	-1.224575	2.001752	20459.717279
749248585380.000000 0.010797 1.788684	2.000000	0.124036	1.875964	3.162977	1.532089	0.108000	1.424089	2.424393	-1.285575	-0.061000	-1.224575	2.025400	20459.717279
749248602567.000000 0.008272 1.796954	2.000000	0.124036	1.875964	3.190863	1.532089	0.108000	1.424089	2.445562	-1.285575	-0.061000	-1.224575	2.043603	20459.717279
749248620398.000000 0.008582 1.805534	2.000000	0.124036	1.875964	3.219931	1.532089	0.108000	1.424089	2.467629	-1.285575	-0.061000	-1.224575	2.062578	20459.717279
749248636647.000000 0.007821 1.813353	2.000000	0.124036	1.875964	3.246536	1.532089	0.108000	1.424089	2.487825	-1.285575	-0.061000	-1.224575	2.079945	20459.717279
749248653158.000000 0.007947 1.821297	2.000000	0.124036	1.875964	3.273688	1.532089	0.108000	1.424089	2.508437	-1.285575	-0.061000	-1.224575	2.097669	20459.717279
749248671342.000000 0.008752 1.830048	2.000000	0.124036	1.875964	3.303734	1.532089	0.108000	1.424089	2.531246	-1.285575	-0.061000	-1.224575	2.117282	20459.717279
749248687806.000000 0.007924 1.837971	2.000000	0.124036	1.875964	3.331057	1.532089	0.108000	1.424089	2.551987	-1.285575	-0.061000	-1.224575	2.135118	20459.717279
749248705153.000000 0.008350 1.846318	2.000000	0.124036	1.875964	3.359977	1.532089	0.108000	1.424089	2.573941	-1.285575	-0.061000	-1.224575	2.153996	20459.717279
749248722005.000000 0.008111 1.854427	2.000000	0.124036	1.875964	3.388194	1.532089	0.108000	1.424089	2.595361	-1.285575	-0.061000	-1.224575	2.172415	20459.717279
749248738601.000000 0.007989 1.862414	2.000000	0.124036	1.875964	3.416105	1.532089	0.108000	1.424089	2.616549	-1.285575	-0.061000	-1.224575	2.190635	20459.717279
749248757602.000000 0.009146 1.871556	2.000000	0.155913	1.844087	3.447669	1.532089	0.135000	1.397089	2.640462	-1.285575	-0.078000	-1.207575	2.211304	20459.717279
749248779690.000000 0.010631 1.882185	2.000000	0.155913	1.844087	3.484568	1.532089	0.135000	1.397089	2.668417	-1.285575	-0.078000	-1.207575	2.235467	31468.594266
749248797438.000000 0.008542 1.890724	2.000000	0.155913	1.844087	3.514352	1.532089	0.135000	1.397089	2.690981	-1.285575	-0.078000	-1.207575	2.254970	31468.594266
749248814816.000000 0.008364 1.899086	2.000000	0.155913	1.844087	3.543643	1.532089	0.135000	1.397089	2.713172	-1.285575	-0.078000	-1.207575	2.274152	31468.594266
749248831996.000000 0.008269 1.907353	2.000000	0.155913	1.844087	3.572728	1.532089	0.135000	1.397089	2.735207	-1.285575	-0.078000	-1.207575	2.293197	31468.594266
749248849177.000000 0.008269 1.915621	2.000000	0.155913	1.844087	3.601939	1.532089	0.135000	1.397089	2.757338	-1.285575	-0.078000	-1.207575	2.312326	31468.594266
749248865913.000000 0.008055 1.923673	2.000000	0.155913	1.844087	3.630514	1.532089	0.135000	1.397089	2.778986	-1.285575	-0.078000	-1.207575	2.331038	31468.594266
749248883773.000000 0.008596 1.932268	2.000000	0.155913	1.844087	3.661144	1.532089	0.135000	1.397089	2.802192	-1.285575	-0.078000	-1.207575	2.351095	31468.594266
749248900675.000000 0.008135 1.940401	2.000000	0.155913	1.844087	3.690254	1.532089	0.135000	1.397089	2.824245	-1.285575	-0.078000	-1.207575	2.370157	31468.594266
749248916852.000000 0.007787 1.948186	2.000000	0.155913	1.844087	3.718228	1.532089	0.135000	1.397089	2.845439	-1.285575	-0.078000	-1.207575	2.388476	31468.594266
749248933131.000000 0.007835 1.956019	2.000000	0.155913	1.844087	3.746490	1.532089	0.135000	1.397089	2.866850	-1.285575	-0.078000	-1.207575	2.406983	31468.594266
749248949503.000000 0.007880 1.963897	2.000000	0.155913	1.844087	3.775029	1.532089	0.135000	1.397089	2.888471	-1.285575	-0.078000	-1.207575	2.425671	31468.594266
749248966531.000000 0.008196 1.972090	2.000000	0.191565	1.808435	3.804258	1.532089	0.164000	1.368089	2.910583	-1.285575	-0.099000	-1.186575	2.444849	33363.259501
749248991366.000000 0.011952 1.984041	2.000000	0.191565	1.808435	3.847143	1.532089	0.164000	1.368089	2.943025	-1.285575	-0.099000	-1.186575	2.472987	33363.259501
749249007513.000000 0.007772 1.991811	2.000000	0.191565	1.808435	3.875137	1.532089	0.164000	1.368089	2.964203	-1.285575	-0.099000	-1.186575	2.491355	33363.259501
749249023392.000000 0.007643 1.999452	2.000000	0.191565	1.808435	3.902774	1.532089	0.164000	1.368089	2.985111	-1.285575	-0.099000	-1.186575	2.509489	33363.259501
749249039820.000000 0.007907 2.007356	2.000000	0.191565	1.808435	3.931478	1.532089	0.164000	1.368089	3.006825	-1.285575	-0.099000	-1.186575	2.528322	33363.259501
749249055917.000000 0.007747 2.015102	2.000000	0.191565	1.808435	3.959710	1.532089	0.164000	1.368089	3.028183	-1.285575	-0.099000	-1.186575	2.546846	33363.259501
749249072487.000000 0.007975 2.023076	2.000000	0.191565	1.808435	3.988888	1.532089	0.164000	1.368089	3.050256	-1.285575	-0.099000	-1.186575	2.565991	33363.259501
749249090364.000000 0.008605 2.031678	2.000000	0.191565	1.808435	4.020503	1.532089	0.164000	1.368089	3.074173	-1.285575	-0.099000	-1.186575	2.586735	33363.259501
749249107993.000000 0.008484 2.040161	2.000000	0.191565	1.808435	4.051806	1.532089	0.164000	1.368089	3.097854	-1.285575	-0.099000	-1.186575	2.607274	33363.259501
749249124139.000000 0.007772 2.047930	2.000000	0.191565	1.808435	4.080589	1.532089	0.164000	1.368089	3.119629	-1.285575	-0.099000	-1.186575	2.626159	33363.259501
749249140850.000000 0.008043 2.055971	2.000000	0.191565	1.808435	4.110494	1.532089	0.164000	1.368089	3.142252	-1.285575	-0.099000	-1.186575	2.645781	33363.259501
749249156878.000000 0.007714 2.063684	2.000000	0.191565	1.808435	4.139285	1.532089	0.164000	1.368089	3.164032	-1.285575	-0.099000	-1.186575	2.664672	33363.259501
749249173197.000000 0.007854 2.071536	2.000000	0.229706	1.770294	4.168087	1.532089	0.194000	1.338089	3.185803	-1.285575	-0.123000	-1.162575	2.683587	33363.259501
749249195590.000000 0.010777 2.082312	2.000000	0.229706	1.770294	4.207815	1.532089	0.194000	1.338089	3.215832	-1.285575	-0.123000	-1.162575	2.709677	39786.106409
749249213814.000000 0.008771 2.091081	2.000000	0.229706	1.770294	4.240285	1.532089	0.194000	1.338089	3.240374	-1.285575	-0.123000	-1.162575	2.731000	39786.106409
749249230224.000000 0.007900 2.098980	2.000000	0.229706	1.770294	4.269641	1.532089	0.194000	1.338089	3.262563	-1.285575	-0.123000	-1.162575	2.750278	39786.106409
749249246762.000000 0.007960 2.106935	2.000000	0.229706	1.770294	4.299330	1.532089	0.194000	1.338089	3.285004	-1.285575	-0.123000	-1.162575	2.769776	39786.106409
749249263321.000000 0.007970 2.114904	2.000000	0.229706	1.770294	4.329171	1.532089	0.194000	1.338089	3.307559	-1.285575	-0.123000	-1.162575	2.789373	39786.106409
749249280163.000000 0.008106 2.123008	2.000000	0.229706	1.770294	4.359637	1.532089	0.194000	1.338089	3.330587	-1.285575	-0.123000	-1.162575	2.809380	39786.106409
749249298747.000000 0.008944 2.131950	2.000000	0.229706	1.770294	4.393395	1.532089	0.194000	1.338089	3.356103	-1.285575	-0.123000	-1.162575	2.831549	39786.106409
749249314887.000000 0.007769 2.139716	2.000000	0.229706	1.770294	4.422823	1.532089	0.194000	1.338089	3.378346	-1.285575	-0.123000	-1.162575	2.850875	39786.106409
749249331004.000000 0.007757 2.147471	2.000000	0.229706	1.770294	4.452313	1.532089	0.194000	1.338089	3.400637	-1.285575	-0.123000	-1.162575	2.870242	39786.106409
749249347823.000000 0.008095 2.155565	2.000000	0.229706	1.770294	4.483204	1.532089	0.194000	1.338089	3.423986	-1.285575	-0.123000	-1.162575	2.890528	39786.106409
749249366990.000000 0.009226 2.164789	2.000000	0.229706	1.770294	4.518561	1.532089	0.194000	1.338089	3.450710	-1.285575	-0.123000	-1.162575	2.913747	39786.106409
749249391747.000000 0.011915 2.176702	2.000000	0.270697	1.729303	4.563412	1.532089	0.226000	1.306089	3.484585	-1.285575	-0.149000	-1.136575	2.943225	38920.704928
749249415035.000000 0.011208 2.187907	2.000000	0.270697	1.729303	4.605819	1.532089	0.226000	1.306089	3.516614	-1.285575	-0.149000	-1.136575	2.971097	38920.704928
749249432157.000000 0.008241 2.196147	2.000000	0.270697	1.729303	4.637118	1.532089	0.226000	1.306089	3.540254	-1.285575	-0.149000	-1.136575	2.991669	38920.704928
749249450562.000000 0.008858 2.205003	2.000000	0.270697	1.729303	4.670896	1.532089	0.226000	1.306089	3.565765	-1.285575	-0.149000	-1.136575	3.013869	38920.704928
749249467068.000000 0.007945 2.212946	2.000000	0.270697	1.729303	4.701300	1.532089	0.226000	1.306089	3.588728	-1.285575	-0.149000	-1.136575	3.033852	38920.704928
749249483342.000000 0.007833 2.220776	2.000000	0.270697	1.729303	4.731381	1.532089	0.226000	1.306089	3.611448	-1.285575	-0.149000	-1.136575	3.053623	38920.704928
749249500712.000000 0.008361 2.229134	2.000000	0.270697	1.729303	4.763611	1.532089	0.226000	1.306089	3.635789	-1.285575	-0.149000	-1.136575	3.074805	38920.704928
749249517282.000000 0.007975 2.237108	2.000000	0.270697	1.729303	4.794464	1.532089	0.226000	1.306089	3.659092	-1.285575	-0.149000	-1.136575	3.095083	38920.704928
749249533831.000000 0.007965 2.245070	2.000000	0.270697	1.729303	4.825388	1.532089	0.226000	1.306089	3.682448	-1.285575	-0.149000	-1.136575	3.115408	38920.704928
749249552660.000000 0.009063 2.254132	2.000000	0.270697	1.729303	4.860716	1.532089	0.226000	1.306089	3.709130	-1.285575	-0.149000	-1.136575	3.138627	38920.704928
749249573886.000000 0.010217 2.264346	2.000000	0.270697	1.729303	4.900721	1.532089	0.226000	1.306089	3.739345	-1.285575	-0.149000	-1.136575	3.164920	38920.704928
749249594398.000000 0.009872 2.274216	2.000000	0.314836	1.685164	4.938556	1.532089	0.259000	1.273089	3.767927	-1.285575	-0.179000	-1.106575	3.189764	38178.685026
749249617409.000000 0.011075 2.285288	2.000000	0.314836	1.685164	4.981205	1.532089	0.259000	1.273089	3.800148	-1.285575	-0.179000	-1.106575	3.217770	38178.685026
749249633892.000000 0.007933 2.293219	2.000000	0.314836	1.685164	5.011863	1.532089	0.259000	1.273089	3.823309	-1.285575	-0.179000	-1.106575	3.237902	38178.685026
749249650649.000000 0.008066 2.301283	2.000000	0.314836	1.685164	5.043144	1.532089	0.259000	1.273089	3.846941	-1.285575	-0.179000	-1.106575	3.258443	38178.685026
749249668411.000000 0.008549 2.309830	2.000000	0.314836	1.685164	5.076420	1.532089	0.259000	1.273089	3.872080	-1.285575	-0.179000	-1.106575	3.280294	38178.685026
749249686458.000000 0.008686 2.318514	2.000000	0.314836	1.685164	5.110357	1.532089	0.259000	1.273089	3.897718	-1.285575	-0.179000	-1.106575	3.302579	38178.685026
749249702860.000000 0.007895 2.326408	2.000000	0.314836	1.685164	5.141308	1.532089	0.259000	1.273089	3.921101	-1.285575	-0.179000	-1.106575	3.322903	38178.685026
749249721024.000000 0.008742 2.335146	2.000000	0.314836	1.685164	5.175708	1.532089	0.259000	1.273089	3.947089	-1.285575	-0.179000	-1.106575	3.345492	38178.685026
749249738456.000000 0.008390 2.343534	2.000000	0.314836	1.685164	5.208840	1.532089	0.259000	1.273089	3.972119	-1.285575	-0.179000	-1.106575	3.367249	38178.685026
749249755548.000000 0.008226 2.351759	2.000000	0.314836	1.685164	5.241443	1.532089	0.259000	1.273089	3.996749	-1.285575	-0.179000	-1.106575	3.388658	38178.685026
749249773312.000000 0.008550 2.360307	2.000000	0.314836	1.685164	5.275450	1.532089	0.259000	1.273089	4.022440	-1.285575	-0.179000	-1.106575	3.410988	38178.685026
749249790579.000000 0.008311 2.368615	2.000000	0.361880	1.638120	5.307696	1.532089	0.294000	1.238089	4.046812	-1.285575	-0.211000	-1.074575	3.432141	38178.685026
749249822228.000000 0.015231 2.383845	2.000000	0.361880	1.638120	5.367174	1.532089	0.294000	1.238089	4.091765	-1.285575	-0.211000	-1.074575	3.471158	32148.852132
749249839045.000000 0.008094 2.391938	2.000000	0.361880	1.638120	5.398889	1.532089	0.294000	1.238089	4.115736	-1.285575	-0.211000	-1.074575	3.491962	32148.852132
749249856028.000000 0.008174 2.400109	2.000000	0.361880	1.638120	5.431026	1.532089	0.294000	1.238089	4.140025	-1.285575	-0.211000	-1.074575	3.513044	32148.852132
749249872556.000000 0.007955 2.408062	2.000000	0.361880	1.638120	5.462405	1.532089	0.294000	1.238089	4.163741	-1.285575	-0.211000	-1.074575	3.533627	32148.852132
749249890446.000000 0.008611 2.416671	2.000000	0.361880	1.638120	5.496494	1.532089	0.294000	1.238089	4.189505	-1.285575	-0.211000	-1.074575	3.555989	32148.852132
749249910787.000000 0.009791 2.426461	2.000000	0.361880	1.638120	5.535410	1.532089	0.294000	1.238089	4.218918	-1.285575	-0.211000	-1.074575	3.581518	32148.852132
749249928484.000000 0.008518 2.434974	2.000000	0.361880	1.638120	5.569385	1.532089	0.294000	1.238089	4.244596	-1.285575	-0.211000	-1.074575	3.603804	32148.852132
749249945791.000000 0.008330 2.443304	2.000000	0.361880	1.638120	5.602727	1.532089	0.294000	1.238089	4.269796	-1.285575	-0.211000	-1.074575	3.625676	32148.852132
749249963155.000000 0.008357 2.451658	2.000000	0.361880	1.638120	5.636291	1.532089	0.294000	1.238089	4.295164	-1.285575	-0.211000	-1.074575	3.647693	32148.852132
749249980190.000000 0.008200 2.459855	2.000000	0.361880	1.638120	5.669331	1.532089	0.294000	1.238089	4.320136	-1.285575	-0.211000	-1.074575	3.669367	32148.852132
749249996188.000000 0.007700 2.467553	2.000000	0.361880	1.638120	5.700456	1.532089	0.294000	1.238089	4.343659	-1.285575	-0.211000	-1.074575	3.689784	32148.852132
749250013906.000000 0.008529 2.476080	2.000000	0.411808	1.588192	5.733995	1.532089	0.331000	1.201089	4.369024	-1.285575	-0.245000	-1.040575	3.711759	50297.876682
749250034728.000000 0.010022 2.486099	2.000000	0.411808	1.588192	5.773565	1.532089	0.331000	1.201089	4.398949	-1.285575	-0.245000	-1.040575	3.737685	50297.876682
749250050769.000000 0.007721 2.493817	2.000000	0.411808	1.588192	5.804144	1.532089	0.331000	1.201089	4.422075	-1.285575	-0.245000	-1.040575	3.757720	50297.876682
749250066702.000000 0.007669 2.501483	2.000000	0.411808	1.588192	5.834611	1.532089	0.331000	1.201089	4.445116	-1.285575	-0.245000	-1.040575	3.777682	50297.876682
749250083085.000000 0.007885 2.509367	2.000000	0.411808	1.588192	5.866036	1.532089	0.331000	1.201089	4.468882	-1.285575	-0.245000	-1.040575	3.798272	50297.876682
749250099131.000000 0.007723 2.517088	2.000000	0.411808	1.588192	5.896909	1.532089	0.331000	1.201089	4.492229	-1.285575	-0.245000	-1.040575	3.818499	50297.876682
749250116736.000000 0.008474 2.525561	2.000000	0.411808	1.588192	5.930898	1.532089	0.331000	1.201089	4.517934	-1.285575	-0.245000	-1.040575	3.840769	50297.876682
749250135748.000000 0.009150 2.534708	2.000000	0.411808	1.588192	5.967733	1.532089	0.331000	1.201089	4.545791	-1.285575	-0.245000	-1.040575	3.864903	50297.876682
749250152159.000000 0.007900 2.542607	2.000000	0.411808	1.588192	5.999633	1.532089	0.331000	1.201089	4.569916	-1.285575	-0.245000	-1.040575	3.885804	50297.876682
749250168346.000000 0.007791 2.550395	2.000000	0.411808	1.588192	6.031191	1.532089	0.331000	1.201089	4.593782	-1.285575	-0.245000	-1.040575	3.906480	50297.876682
749250184532.000000 0.007790 2.558182	2.000000	0.411808	1.588192	6.062841	1.532089	0.331000	1.201089	4.617717	-1.285575	-0.245000	-1.040575	3.927217	50297.876682
749250200774.000000 0.007817 2.565999	2.000000	0.411808	1.588192	6.094697	1.532089	0.331000	1.201089	4.641809	-1.285575	-0.245000	-1.040575	3.948089	50297.876682
749250217711.000000 0.008152 2.574149	2.000000	0.464844	1.535156	6.126913	1.532089	0.368000	1.164089	4.666238	-1.285575	-0.284000	-1.001575	3.969108	21396.753742
749250242551.000000 0.011955 2.586101	2.000000	0.464844	1.535156	6.174376	1.532089	0.368000	1.164089	4.702229	-1.285575	-0.284000	-1.001575	4.000074	21396.753742
749250264351.000000 0.010492 2.596592	2.000000	0.464844	1.535156	6.216201	1.532089	0.368000	1.164089	4.733944	-1.285575	-0.284000	-1.001575	4.027361	21396.753742
749250285952.000000 0.010396 2.606985	2.000000	0.464844	1.535156	6.257807	1.532089	0.368000	1.164089	4.765493	-1.285575	-0.284000	-1.001575	4.054506	21396.753742
749250307216.000000 0.010234 2.617219	2.000000	0.464844	1.535156	6.298928	1.532089	0.368000	1.164089	4.796675	-1.285575	-0.284000	-1.001575	4.081335	21396.753742
749250329123.000000 0.010544 2.627760	2.000000	0.464844	1.535156	6.341462	1.532089	0.368000	1.164089	4.828928	-1.285575	-0.284000	-1.001575	4.109085	21396.753742
749250352986.000000 0.011485 2.639242	2.000000	0.464844	1.535156	6.387994	1.532089	0.368000	1.164089	4.864212	-1.285575	-0.284000	-1.001575	4.139443	21396.753742
749250372442.000000 0.009365 2.648605	2.000000	0.464844	1.535156	6.426072	1.532089	0.368000	1.164089	4.893086	-1.285575	-0.284000	-1.001575	4.164286	21396.753742
749250396610.000000 0.011632 2.660235	2.000000	0.464844	1.535156	6.473575	1.532089	0.368000	1.164089	4.929107	-1.285575	-0.284000	-1.001575	4.195279	21396.753742
749250424265.000000 0.013310 2.673542	2.000000	0.521329	1.478671	6.526192	1.532089	0.410000	1.122089	4.969036	-1.285575	-0.322000	-0.963575	4.229567	47012.697176
749250462503.000000 0.018402 2.691941	2.000000	0.521329	1.478671	6.599442	1.532089	0.410000	1.122089	5.024621	-1.285575	-0.322000	-0.963575	4.277300	47012.697176
749250491054.000000 0.013741 2.705680	2.000000	0.521329	1.478671	6.654417	1.532089	0.410000	1.122089	5.066339	-1.285575	-0.322000	-0.963575	4.313124	47012.697176
749250530119.000000 0.018800 2.724477	2.000000	0.521329	1.478671	6.730153	1.532089	0.410000	1.122089	5.123812	-1.285575	-0.322000	-0.963575	4.362478	47012.697176
749250555736.000000 0.012329 2.736804	2.000000	0.521329	1.478671	6.780047	1.532089	0.410000	1.122089	5.161674	-1.285575	-0.322000	-0.963575	4.394991	47012.697176
749250581001.000000 0.012160 2.748962	2.000000	0.521329	1.478671	6.829476	1.532089	0.410000	1.122089	5.199183	-1.285575	-0.322000	-0.963575	4.427202	47012.697176
749250610528.000000 0.014211 2.763170	2.000000	0.521329	1.478671	6.887538	1.532089	0.410000	1.122089	5.243243	-1.285575	-0.322000	-0.963575	4.465038	47012.697176
749250631255.000000 0.009976 2.773142	2.000000	0.580972	1.419028	6.926793	1.532089	0.452000	1.080089	5.273122	-1.285575	-0.365000	-0.920575	4.490504	18316.895102
749250652515.000000 0.010660 2.783801	2.000000	0.580972	1.419028	6.968903	1.532089	0.452000	1.080089	5.305174	-1.285575	-0.365000	-0.920575	4.517822	18316.895102
749250673986.000000 0.010334 2.793704	2.000000	0.580972	1.419028	7.009871	1.532089	0.452000	1.080089	5.336356	-1.285575	-0.365000	-0.920575	4.544399	18316.895102
749250693194.000000 0.009246 2.802948	2.000000	0.580972	1.419028	7.046645	1.532089	0.452000	1.080089	5.364347	-1.285575	-0.365000	-0.920575	4.568256	18316.895102
749250712326.000000 0.009209 2.812153	2.000000	0.580972	1.419028	7.083392	1.532089	0.452000	1.080089	5.392317	-1.285575	-0.365000	-0.920575	4.592095	18316.895102
749250734175.000000 0.010516 2.822667	2.000000	0.580972	1.419028	7.125513	1.532089	0.452000	1.080089	5.424377	-1.285575	-0.365000	-0.920575	4.619421	18316.895102
749250752936.000000 0.009030 2.831695	2.000000	0.580972	1.419028	7.161798	1.532089	0.452000	1.080089	5.451995	-1.285575	-0.365000	-0.920575	4.642960	18316.895102
749250770547.000000 0.008476 2.840169	2.000000	0.580972	1.419028	7.195959	1.532089	0.452000	1.080089	5.477997	-1.285575	-0.365000	-0.920575	4.665122	18316.895102
749250787143.000000 0.007988 2.848155	2.000000	0.580972	1.419028	7.228245	1.532089	0.452000	1.080089	5.502571	-1.285575	-0.365000	-0.920575	4.686067	18316.895102
749250809519.000000 0.010770 2.858922	2.000000	0.580972	1.419028	7.271936	1.532089	0.452000	1.080089	5.535826	-1.285575	-0.365000	-0.920575	4.714411	18316.895102
749250828166.000000 0.008975 2.867895	2.000000	0.580972	1.419028	7.308459	1.532089	0.452000	1.080089	5.563626	-1.285575	-0.365000	-0.920575	4.738105	18316.895102
749250844386.000000 0.007807 2.875699	2.000000	0.641752	1.358248	7.338952	1.532089	0.497000	1.035089	5.586864	-1.285575	-0.406000	-0.879575	4.757851	6349.362486
749250863526.000000 0.009213 2.884910	2.000000	0.641752	1.358248	7.375052	1.532089	0.497000	1.035089	5.614375	-1.285575	-0.406000	-0.879575	4.781229	6349.362486
749250879461.000000 0.007670 2.892577	2.000000	0.641752	1.358248	7.405185	1.532089	0.497000	1.035089	5.637339	-1.285575	-0.406000	-0.879575	4.800743	6349.362486
749250895887.000000 0.007907 2.900483	2.000000	0.641752	1.358248	7.436337	1.532089	0.497000	1.035089	5.661079	-1.285575	-0.406000	-0.879575	4.820916	6349.362486
749250914774.000000 0.009090 2.909569	2.000000	0.641752	1.358248	7.472261	1.532089	0.497000	1.035089	5.688455	-1.285575	-0.406000	-0.879575	4.844180	6349.362486
749250929856.000000 0.007259 2.916826	2.000000	0.641752	1.358248	7.501021	1.532089	0.497000	1.035089	5.710372	-1.285575	-0.406000	-0.879575	4.862804	6349.362486
749250947408.000000 0.008448 2.925272	2.000000	0.641752	1.358248	7.534586	1.532089	0.497000	1.035089	5.735952	-1.285575	-0.406000	-0.879575	4.884540	6349.362486
749250967088.000000 0.009472 2.934743	2.000000	0.641752	1.358248	7.572341	1.532089	0.497000	1.035089	5.764724	-1.285575	-0.406000	-0.879575	4.908990	6349.362486
749250985506.000000 0.008865 2.943605	2.000000	0.641752	1.358248	7.607783	1.532089	0.497000	1.035089	5.791734	-1.285575	-0.406000	-0.879575	4.931941	6349.362486
749251004981.000000 0.009373 2.952976	2.000000	0.641752	1.358248	7.645378	1.532089	0.497000	1.035089	5.820383	-1.285575	-0.406000	-0.879575	4.956286	6349.362486
749251024625.000000 0.009454 2.962429	2.000000	0.641752	1.358248	7.683420	1.532089	0.497000	1.035089	5.849374	-1.285575	-0.406000	-0.879575	4.980922	6349.362486
749251043558.000000 0.009112 2.971539	2.000000	0.701559	1.298441	7.718576	1.532089	0.544000	0.988089	5.876128	-1.285575	-0.443000	-0.842575	5.003735	6349.362486
749251062544.000000 0.009138 2.980676	2.000000	0.701559	1.298441	7.753944	1.532089	0.544000	0.988089	5.903042	-1.285575	-0.443000	-0.842575	5.026686	-783.657679
749251081161.000000 0.008961 2.989634	2.000000	0.701559	1.298441	7.788728	1.532089	0.544000	0.988089	5.929512	-1.285575	-0.443000	-0.842575	5.049258	-783.657679
749251098596.000000 0.008392 2.998024	2.000000	0.701559	1.298441	7.821396	1.532089	0.544000	0.988089	5.954372	-1.285575	-0.443000	-0.842575	5.070457	-783.657679
749251115105.000000 0.007946 3.005967	2.000000	0.701559	1.298441	7.852410	1.532089	0.544000	0.988089	5.977973	-1.285575	-0.443000	-0.842575	5.090582	-783.657679
749251132714.000000 0.008475 3.014441	2.000000	0.701559	1.298441	7.885582	1.532089	0.544000	0.988089	6.003216	-1.285575	-0.443000	-0.842575	5.112108	-783.657679
749251148801.000000 0.007743 3.022181	2.000000	0.701559	1.298441	7.915966	1.532089	0.544000	0.988089	6.026338	-1.285575	-0.443000	-0.842575	5.131824	-783.657679
749251166454.000000 0.008496 3.030676	2.000000	0.701559	1.298441	7.949401	1.532089	0.544000	0.988089	6.051781	-1.285575	-0.443000	-0.842575	5.153521	-783.657679
749251184289.000000 0.008584 3.039258	2.000000	0.701559	1.298441	7.983276	1.532089	0.544000	0.988089	6.077559	-1.285575	-0.443000	-0.842575	5.175502	-783.657679
749251198921.000000 0.007043 3.046298	2.000000	0.701559	1.298441	8.011133	1.532089	0.544000	0.988089	6.098758	-1.285575	-0.443000	-0.842575	5.193579	-783.657679
749251213700.000000 0.007113 3.053410	2.000000	0.701559	1.298441	8.039336	1.532089	0.544000	0.988089	6.120220	-1.285575	-0.443000	-0.842575	5.211880	-783.657679
749251227947.000000 0.006857 3.060265	2.000000	0.701559	1.298441	8.066582	1.532089	0.544000	0.988089	6.140954	-1.285575	-0.443000	-0.842575	5.229561	-783.657679
749251242343.000000 0.006929 3.067192	2.000000	0.701559	1.298441	8.094178	1.532089	0.544000	0.988089	6.161954	-1.285575	-0.443000	-0.842575	5.247468	-783.657679
749251261151.000000 0.009053 3.076244	2.000000	0.761817	1.238183	8.128661	1.532089	0.594000	0.938089	6.188079	-1.285575	-0.477000	-0.808575	5.269987	4075.889180
749251279704.000000 0.008930 3.085171	2.000000	0.761817	1.238183	8.162774	1.532089	0.594000	0.938089	6.213924	-1.285575	-0.477000	-0.808575	5.292263	4075.889180
749251295107.000000 0.007414 3.092582	2.000000	0.761817	1.238183	8.191162	1.532089	0.594000	0.938089	6.235432	-1.285575	-0.477000	-0.808575	5.310802	4075.889180
749251310003.000000 0.007170 3.099750	2.000000	0.761817	1.238183	8.218680	1.532089	0.594000	0.938089	6.256281	-1.285575	-0.477000	-0.808575	5.328772	4075.889180
749251325095.000000 0.007264 3.107012	2.000000	0.761817	1.238183	8.246625	1.532089	0.594000	0.938089	6.277453	-1.285575	-0.477000	-0.808575	5.347021	4075.889180
749251340393.000000 0.007363 3.114375	2.000000	0.761817	1.238183	8.275019	1.532089	0.594000	0.938089	6.298965	-1.285575	-0.477000	-0.808575	5.365563	4075.889180
749251359545.000000 0.009219 3.123591	2.000000	0.761817	1.238183	8.310673	1.532089	0.594000	0.938089	6.325978	-1.285575	-0.477000	-0.808575	5.388847	4075.889180
749251378484.000000 0.009115 3.132703	2.000000	0.761817	1.238183	8.346030	1.532089	0.594000	0.938089	6.352765	-1.285575	-0.477000	-0.808575	5.411936	4075.889180
749251393118.000000 0.007044 3.139744	2.000000	0.761817	1.238183	8.373413	1.532089	0.594000	0.938089	6.373511	-1.285575	-0.477000	-0.808575	5.429818	4075.889180
749251407881.000000 0.007106 3.146848	2.000000	0.761817	1.238183	8.401099	1.532089	0.594000	0.938089	6.394487	-1.285575	-0.477000	-0.808575	5.447898	4075.889180
749251422736.000000 0.007150 3.153996	2.000000	0.761817	1.238183	8.429022	1.532089	0.594000	0.938089	6.415642	-1.285575	-0.477000	-0.808575	5.466132	4075.889180
749251437722.000000 0.007213 3.161207	2.000000	0.761817	1.238183	8.457253	1.532089	0.594000	0.938089	6.437031	-1.285575	-0.477000	-0.808575	5.484568	4075.889180
749251456775.000000 0.009171 3.170377	2.000000	0.822727	1.177273	8.491481	1.532089	0.644000	0.888089	6.462852	-1.285575	-0.512000	-0.773575	5.507059	4075.889180
749251478637.000000 0.010522 3.180896	2.000000	0.822727	1.177273	8.530883	1.532089	0.644000	0.888089	6.492575	-1.285575	-0.512000	-0.773575	5.532950	6662.746867
749251501299.000000 0.010907 3.191801	2.000000	0.822727	1.177273	8.571868	1.532089	0.644000	0.888089	6.523492	-1.285575	-0.512000	-0.773575	5.559881	6662.746867
749251520957.000000 0.009461 3.201259	2.000000	0.822727	1.177273	8.607523	1.532089	0.644000	0.888089	6.550389	-1.285575	-0.512000	-0.773575	5.583309	6662.746867
749251540824.000000 0.009562 3.210819	2.000000	0.822727	1.177273	8.643666	1.532089	0.644000	0.888089	6.577654	-1.285575	-0.512000	-0.773575	5.607059	6662.746867
749251561738.000000 0.010066 3.220883	2.000000	0.822727	1.177273	8.681834	1.532089	0.644000	0.888089	6.606446	-1.285575	-0.512000	-0.773575	5.632138	6662.746867
749251580545.000000 0.009053 3.229935	2.000000	0.822727	1.177273	8.716257	1.532089	0.644000	0.888089	6.632414	-1.285575	-0.512000	-0.773575	5.654757	6662.746867
749251599034.000000 0.008899 3.238830	2.000000	0.822727	1.177273	8.750189	1.532089	0.644000	0.888089	6.658011	-1.285575	-0.512000	-0.773575	5.677054	6662.746867
749251616669.000000 0.008488 3.247315	2.000000	0.822727	1.177273	8.782637	1.532089	0.644000	0.888089	6.682489	-1.285575	-0.512000	-0.773575	5.698375	6662.746867
749251635381.000000 0.009006 3.256320	2.000000	0.822727	1.177273	8.817164	1.532089	0.644000	0.888089	6.708535	-1.285575	-0.512000	-0.773575	5.721063	6662.746867
749251655266.000000 0.009571 3.265889	2.000000	0.822727	1.177273	8.853963	1.532089	0.644000	0.888089	6.736294	-1.285575	-0.512000	-0.773575	5.745243	6662.746867
749251673860.000000 0.008950 3.274835	2.000000	0.882869	1.117131	8.886705	1.532089	0.693000	0.839089	6.760887	-1.285575	-0.547000	-0.738575	5.766890	2855.421255
749251695163.000000 0.010253 3.285087	2.000000	0.882869	1.117131	8.924333	1.532089	0.693000	0.839089	6.789150	-1.285575	-0.547000	-0.738575	5.791767	2855.421255
749251718106.000000 0.011043 3.296128	2.000000	0.882869	1.117131	8.964995	1.532089	0.693000	0.839089	6.819691	-1.285575	-0.547000	-0.738575	5.818650	2855.421255
749251743513.000000 0.012228 3.308354	2.000000	0.882869	1.117131	9.010188	1.532089	0.693000	0.839089	6.853636	-1.285575	-0.547000	-0.738575	5.848529	2855.421255
749251765107.000000 0.010393 3.318742	2.000000	0.882869	1.117131	9.048719	1.532089	0.693000	0.839089	6.882577	-1.285575	-0.547000	-0.738575	5.874003	2855.421255
749251784835.000000 0.009495 3.328235	2.000000	0.882869	1.117131	9.084022	1.532089	0.693000	0.839089	6.909094	-1.285575	-0.547000	-0.738575	5.897343	2855.421255
749251803186.000000 0.008832 3.337066	2.000000	0.882869	1.117131	9.116948	1.532089	0.693000	0.839089	6.933825	-1.285575	-0.547000	-0.738575	5.919112	2855.421255
749251820981.000000 0.008565 3.345630	2.000000	0.882869	1.117131	9.148960	1.532089	0.693000	0.839089	6.957870	-1.285575	-0.547000	-0.738575	5.940276	2855.421255
749251841049.000000 0.009659 3.355287	2.000000	0.882869	1.117131	9.185167	1.532089	0.693000	0.839089	6.985065	-1.285575	-0.547000	-0.738575	5.964214	2855.421255
749251862315.000000 0.010235 3.365520	2.000000	0.882869	1.117131	9.223649	1.532089	0.693000	0.839089	7.013969	-1.285575	-0.547000	-0.738575	5.989656	2855.421255
749251883930.000000 0.010404 3.375921	2.000000	0.943021	1.056979	9.260773	1.532089	0.742000	0.790089	7.041719	-1.285575	-0.582000	-0.703575	6.014367	5464.871932
749251905685.000000 0.010470 3.386388	2.000000	0.943021	1.056979	9.298250	1.532089	0.742000	0.790089	7.069733	-1.285575	-0.582000	-0.703575	6.039313	5464.871932
749251925222.000000 0.009404 3.395791	2.000000	0.943021	1.056979	9.332003	1.532089	0.742000	0.790089	7.094964	-1.285575	-0.582000	-0.703575	6.061781	5464.871932
749251945877.000000 0.009942 3.405729	2.000000	0.943021	1.056979	9.367792	1.532089	0.742000	0.790089	7.121715	-1.285575	-0.582000	-0.703575	6.085604	5464.871932
749251961883.000000 0.007703 3.413429	2.000000	0.943021	1.056979	9.395585	1.532089	0.742000	0.790089	7.142491	-1.285575	-0.582000	-0.703575	6.104104	5464.871932
749251976772.000000 0.007166 3.420593	2.000000	0.943021	1.056979	9.421493	1.532089	0.742000	0.790089	7.161857	-1.285575	-0.582000	-0.703575	6.121350	5464.871932
749251993353.000000 0.007981 3.428574	2.000000	0.943021	1.056979	9.450416	1.532089	0.742000	0.790089	7.183477	-1.285575	-0.582000	-0.703575	6.140602	5464.871932
749252008408.000000 0.007246 3.435816	2.000000	0.943021	1.056979	9.476732	1.532089	0.742000	0.790089	7.203148	-1.285575	-0.582000	-0.703575	6.158119	5464.871932
749252025416.000000 0.008186 3.444002	2.000000	0.943021	1.056979	9.506531	1.532089	0.742000	0.790089	7.225422	-1.285575	-0.582000	-0.703575	6.177955	5464.871932
749252043226.000000 0.008572 3.452572	2.000000	0.943021	1.056979	9.537812	1.532089	0.742000	0.790089	7.248805	-1.285575	-0.582000	-0.703575	6.198777	5464.871932
749252058496.000000 0.007349 3.459918	2.000000	0.943021	1.056979	9.564689	1.532089	0.742000	0.790089	7.268896	-1.285575	-0.582000	-0.703575	6.216668	5464.871932
749252073079.000000 0.007020 3.466937	2.000000	0.943021	1.056979	9.590412	1.532089	0.742000	0.790089	7.288124	-1.285575	-0.582000	-0.703575	6.233790	5464.871932
749252090577.000000 0.008422 3.475356	2.000000	1.003795	0.996205	9.619570	1.532089	0.791000	0.741089	7.309814	-1.285575	-0.618000	-0.667575	6.253330	1638.710054
749252108571.000000 0.008661 3.484016	2.000000	1.003795	0.996205	9.649630	1.532089	0.791000	0.741089	7.332177	-1.285575	-0.618000	-0.667575	6.273474	1638.710054
749252127498.000000 0.009109 3.493122	2.000000	1.003795	0.996205	9.681328	1.532089	0.791000	0.741089	7.355757	-1.285575	-0.618000	-0.667575	6.294715	1638.710054
749252142781.000000 0.007358 3.500479	2.000000	1.003795	0.996205	9.706987	1.532089	0.791000	0.741089	7.374845	-1.285575	-0.618000	-0.667575	6.311909	1638.710054
749252158556.000000 0.007593 3.508066	2.000000	1.003795	0.996205	9.733522	1.532089	0.791000	0.741089	7.394584	-1.285575	-0.618000	-0.667575	6.329691	1638.710054
749252172979.000000 0.006942 3.515007	2.000000	1.003795	0.996205	9.757829	1.532089	0.791000	0.741089	7.412667	-1.285575	-0.618000	-0.667575	6.345979	1638.710054
749252187077.000000 0.006785 3.521790	2.000000	1.003795	0.996205	9.781635	1.532089	0.791000	0.741089	7.430376	-1.285575	-0.618000	-0.667575	6.361932	1638.710054
749252203225.000000 0.007773 3.529562	2.000000	1.003795	0.996205	9.808965	1.532089	0.791000	0.741089	7.450707	-1.285575	-0.618000	-0.667575	6.380247	1638.710054
749252221154.000000 0.008629 3.538189	2.000000	1.003795	0.996205	9.839381	1.532089	0.791000	0.741089	7.473334	-1.285575	-0.618000	-0.667575	6.400629	1638.710054
749252237231.000000 0.007738 3.545924	2.000000	1.003795	0.996205	9.866715	1.532089	0.791000	0.741089	7.493669	-1.285575	-0.618000	-0.667575	6.418946	1638.710054
749252252406.000000 0.007304 3.553226	2.000000	1.003795	0.996205	9.892568	1.532089	0.791000	0.741089	7.512901	-1.285575	-0.618000	-0.667575	6.436270	1638.710054
749252267448.000000 0.007240 3.560464	2.000000	1.003795	0.996205	9.918246	1.532089	0.791000	0.741089	7.532003	-1.285575	-0.618000	-0.667575	6.453478	1638.710054
749252282279.000000 0.007138 3.567600	2.000000	1.003795	0.996205	9.943615	1.532089	0.791000	0.741089	7.550875	-1.285575	-0.618000	-0.667575	6.470478	1638.710054
749252299382.000000 0.008231 3.575831	2.000000	1.064399	0.935601	9.971153	1.532089	0.839000	0.693089	7.571275	-1.285575	-0.655000	-0.630575	6.489038	-4364.283676
749252318211.000000 0.009062 3.584894	2.000000	1.064399	0.935601	10.001548	1.532089	0.839000	0.693089	7.593792	-1.285575	-0.655000	-0.630575	6.509524	-4364.283676
749252333824.000000 0.007515 3.592404	2.000000	1.064399	0.935601	10.026806	1.532089	0.839000	0.693089	7.612503	-1.285575	-0.655000	-0.630575	6.526547	-4364.283676
749252348390.000000 0.007010 3.599413	2.000000	1.064399	0.935601	10.050414	1.532089	0.839000	0.693089	7.629992	-1.285575	-0.655000	-0.630575	6.542459	-4364.283676
749252363047.000000 0.007055 3.606467	2.000000	1.064399	0.935601	10.074220	1.532089	0.839000	0.693089	7.647627	-1.285575	-0.655000	-0.630575	6.558503	-4364.283676
749252379673.000000 0.008002 3.614467	2.000000	1.064399	0.935601	10.101281	1.532089	0.839000	0.693089	7.667674	-1.285575	-0.655000	-0.630575	6.576742	-4364.283676
749252398330.000000 0.008980 3.623445	2.000000	1.064399	0.935601	10.131724	1.532089	0.839000	0.693089	7.690226	-1.285575	-0.655000	-0.630575	6.597260	-4364.283676
749252414755.000000 0.007906 3.631347	2.000000	1.064399	0.935601	10.158583	1.532089	0.839000	0.693089	7.710123	-1.285575	-0.655000	-0.630575	6.615362	-4364.283676
749252429928.000000 0.007303 3.638648	2.000000	1.064399	0.935601	10.183443	1.532089	0.839000	0.693089	7.728539	-1.285575	-0.655000	-0.630575	6.632117	-4364.283676
749252445603.000000 0.007545 3.646191	2.000000	1.064399	0.935601	10.209181	1.532089	0.839000	0.693089	7.747606	-1.285575	-0.655000	-0.630575	6.649464	-4364.283676
749252460490.000000 0.007165 3.653355	2.000000	1.064399	0.935601	10.233673	1.532089	0.839000	0.693089	7.765749	-1.285575	-0.655000	-0.630575	6.665971	-4364.283676
749252477333.000000 0.008107 3.661460	2.000000	1.064399	0.935601	10.261444	1.532089	0.839000	0.693089	7.786321	-1.285575	-0.655000	-0.630575	6.684688	-4364.283676
749252495860.000000 0.008918 3.670376	2.000000	1.064399	0.935601	10.292068	1.532089	0.839000	0.693089	7.809008	-1.285575	-0.655000	-0.630575	6.705328	-4364.283676
749252515473.000000 0.009441 3.679814	2.000000	1.124564	0.875436	10.322480	1.532089	0.888000	0.644089	7.831383	-1.285575	-0.690000	-0.595575	6.726018	14298.553732
749252605831.000000 0.043481 3.723292	2.000000	1.124564	0.875436	10.464208	1.532089	0.888000	0.644089	7.935657	-1.285575	-0.690000	-0.595575	6.822438	14298.553732
749252625654.000000 0.009541 3.732831	2.000000	1.124564	0.875436	10.495385	1.532089	0.888000	0.644089	7.958595	-1.285575	-0.690000	-0.595575	6.843649	14298.553732
749252642968.000000 0.008333 3.741162	2.000000	1.124564	0.875436	10.522678	1.532089	0.888000	0.644089	7.978676	-1.285575	-0.690000	-0.595575	6.862216	14298.553732
749252657366.000000 0.006930 3.748091	2.000000	1.124564	0.875436	10.545417	1.532089	0.888000	0.644089	7.995406	-1.285575	-0.690000	-0.595575	6.877686	14298.553732
749252671885.000000 0.006988 3.755077	2.000000	1.124564	0.875436	10.568390	1.532089	0.888000	0.644089	8.012308	-1.285575	-0.690000	-0.595575	6.893315	14298.553732
749252685878.000000 0.006736 3.761810	2.000000	1.124564	0.875436	10.590572	1.532089	0.888000	0.644089	8.028628	-1.285575	-0.690000	-0.595575	6.908406	14298.553732
749252699894.000000 0.006746 3.768554	2.000000	1.124564	0.875436	10.612829	1.532089	0.888000	0.644089	8.045003	-1.285575	-0.690000	-0.595575	6.923548	14298.553732
749252720762.000000 0.010044 3.778597	2.000000	1.184819	0.815181	10.643767	1.532089	0.934000	0.598089	8.067702	-1.285575	-0.729000	-0.556575	6.944671	22256.918369
749252741771.000000 0.010111 3.788705	2.000000	1.184819	0.815181	10.674995	1.532089	0.934000	0.598089	8.090614	-1.285575	-0.729000	-0.556575	6.965993	22256.918369
749252755777.000000 0.006741 3.795444	2.000000	1.184819	0.815181	10.695853	1.532089	0.934000	0.598089	8.105917	-1.285575	-0.729000	-0.556575	6.980234	22256.918369
749252771215.000000 0.007431 3.802873	2.000000	1.184819	0.815181	10.718888	1.532089	0.934000	0.598089	8.122818	-1.285575	-0.729000	-0.556575	6.995961	22256.918369
749252785625.000000 0.006936 3.809808	2.000000	1.184819	0.815181	10.740431	1.532089	0.934000	0.598089	8.138623	-1.285575	-0.729000	-0.556575	7.010669	22256.918369
749252800239.000000 0.007034 3.816840	2.000000	1.184819	0.815181	10.762317	1.532089	0.934000	0.598089	8.154680	-1.285575	-0.729000	-0.556575	7.025612	22256.918369
749252817062.000000 0.008097 3.824935	2.000000	1.184819	0.815181	10.787563	1.532089	0.934000	0.598089	8.173203	-1.285575	-0.729000	-0.556575	7.042850	22256.918369
749252832338.000000 0.007353 3.832285	2.000000	1.184819	0.815181	10.810533	1.532089	0.934000	0.598089	8.190056	-1.285575	-0.729000	-0.556575	7.058533	22256.918369
749252846551.000000 0.006841 3.839125	2.000000	1.184819	0.815181	10.831943	1.532089	0.934000	0.598089	8.205764	-1.285575	-0.729000	-0.556575	7.073150	22256.918369
749252861004.000000 0.006956 3.846079	2.000000	1.184819	0.815181	10.853752	1.532089	0.934000	0.598089	8.221765	-1.285575	-0.729000	-0.556575	7.088041	22256.918369
749252875095.000000 0.006782 3.852859	2.000000	1.184819	0.815181	10.875054	1.532089	0.934000	0.598089	8.237394	-1.285575	-0.729000	-0.556575	7.102585	22256.918369
749252890916.000000 0.007615 3.860473	2.000000	1.184819	0.815181	10.899017	1.532089	0.934000	0.598089	8.254976	-1.285575	-0.729000	-0.556575	7.118947	22256.918369
749252908918.000000 0.008664 3.869135	2.000000	1.184819	0.815181	10.926344	1.532089	0.934000	0.598089	8.275025	-1.285575	-0.729000	-0.556575	7.137604	22256.918369
749252923848.000000 0.007186 3.876319	2.000000	1.244576	0.755424	10.947387	1.532089	0.977000	0.555089	8.290488	-1.285575	-0.771000	-0.514575	7.151938	28430.498550
749252940561.000000 0.008045 3.884362	2.000000	1.244576	0.755424	10.970992	1.532089	0.977000	0.555089	8.307833	-1.285575	-0.771000	-0.514575	7.168017	28430.498550
749252956564.000000 0.007702 3.892062	2.000000	1.244576	0.755424	10.993637	1.532089	0.977000	0.555089	8.324473	-1.285575	-0.771000	-0.514575	7.183442	28430.498550
749252970850.000000 0.006876 3.898937	2.000000	1.244576	0.755424	11.013890	1.532089	0.977000	0.555089	8.339355	-1.285575	-0.771000	-0.514575	7.197238	28430.498550
749252987644.000000 0.008084 3.907019	2.000000	1.244576	0.755424	11.037748	1.532089	0.977000	0.555089	8.356886	-1.285575	-0.771000	-0.514575	7.213490	28430.498550
749253003957.000000 0.007851 3.914867	2.000000	1.244576	0.755424	11.060967	1.532089	0.977000	0.555089	8.373947	-1.285575	-0.771000	-0.514575	7.229306	28430.498550
749253018960.000000 0.007222 3.922086	2.000000	1.244576	0.755424	11.082364	1.532089	0.977000	0.555089	8.389669	-1.285575	-0.771000	-0.514575	7.243881	28430.498550
749253034852.000000 0.007649 3.929733	2.000000	1.244576	0.755424	11.105069	1.532089	0.977000	0.555089	8.406354	-1.285575	-0.771000	-0.514575	7.259347	28430.498550
749253049999.000000 0.007291 3.937022	2.000000	1.244576	0.755424	11.126752	1.532089	0.977000	0.555089	8.422286	-1.285575	-0.771000	-0.514575	7.274117	28430.498550
749253069260.000000 0.009271 3.946292	2.000000	1.244576	0.755424	11.154391	1.532089	0.977000	0.555089	8.442595	-1.285575	-0.771000	-0.514575	7.292944	28430.498550
749253085855.000000 0.007987 3.954275	2.000000	1.244576	0.755424	11.178250	1.532089	0.977000	0.555089	8.460127	-1.285575	-0.771000	-0.514575	7.309196	28430.498550
749253101097.000000 0.007336 3.961610	2.000000	1.244576	0.755424	11.200205	1.532089	0.977000	0.555089	8.476260	-1.285575	-0.771000	-0.514575	7.324151	28430.498550
749253116627.000000 0.007474 3.969082	2.000000	1.244576	0.755424	11.222616	1.532089	0.977000	0.555089	8.492727	-1.285575	-0.771000	-0.514575	7.339417	28430.498550
749253136037.000000 0.009342 3.978423	2.000000	1.304676	0.695324	11.248458	1.532089	1.018000	0.514089	8.511834	-1.285575	-0.816000	-0.469575	7.356869	29392.521198
749253157367.000000 0.010266 3.988687	2.000000	1.304676	0.695324	11.276929	1.532089	1.018000	0.514089	8.532884	-1.285575	-0.816000	-0.469575	7.376097	29392.521198
749253173089.000000 0.007568 3.996252	2.000000	1.304676	0.695324	11.297958	1.532089	1.018000	0.514089	8.548431	-1.285575	-0.816000	-0.469575	7.390298	29392.521198
749253190195.000000 0.008233 4.004484	2.000000	1.304676	0.695324	11.320882	1.532089	1.018000	0.514089	8.565381	-1.285575	-0.816000	-0.469575	7.405779	29392.521198
749253204242.000000 0.006761 4.011243	2.000000	1.304676	0.695324	11.339740	1.532089	1.018000	0.514089	8.579323	-1.285575	-0.816000	-0.469575	7.418515	29392.521198
749253218836.000000 0.007024 4.018264	2.000000	1.304676	0.695324	11.359365	1.532089	1.018000	0.514089	8.593833	-1.285575	-0.816000	-0.469575	7.431768	29392.521198
749253233587.000000 0.007100 4.025363	2.000000	1.304676	0.695324	11.379239	1.532089	1.018000	0.514089	8.608527	-1.285575	-0.816000	-0.469575	7.445190	29392.521198
749253249272.000000 0.007549 4.032912	2.000000	1.304676	0.695324	11.400409	1.532089	1.018000	0.514089	8.624179	-1.285575	-0.816000	-0.469575	7.459486	29392.521198
749253266415.000000 0.008251 4.041160	2.000000	1.304676	0.695324	11.423593	1.532089	1.018000	0.514089	8.641320	-1.285575	-0.816000	-0.469575	7.475144	29392.521198
749253282664.000000 0.007821 4.048981	2.000000	1.304676	0.695324	11.445613	1.532089	1.018000	0.514089	8.657601	-1.285575	-0.816000	-0.469575	7.490014	29392.521198
749253296533.000000 0.006677 4.055654	2.000000	1.304676	0.695324	11.464441	1.532089	1.018000	0.514089	8.671521	-1.285575	-0.816000	-0.469575	7.502729	29392.521198
749253311562.000000 0.007234 4.062884	2.000000	1.304676	0.695324	11.484876	1.532089	1.018000	0.514089	8.686630	-1.285575	-0.816000	-0.469575	7.516530	29392.521198
749253325366.000000 0.006644 4.069526	2.000000	1.304676	0.695324	11.503677	1.532089	1.018000	0.514089	8.700530	-1.285575	-0.816000	-0.469575	7.529227	29392.521198
749253340619.000000 0.007342 4.076867	2.000000	1.363926	0.636074	11.522716	1.532089	1.057000	0.475089	8.714751	-1.285575	-0.862000	-0.423575	7.541906	28212.645633
749253360647.000000 0.009639 4.086504	2.000000	1.363926	0.636074	11.547772	1.532089	1.057000	0.475089	8.733465	-1.285575	-0.862000	-0.423575	7.558591	28212.645633
749253380174.000000 0.009398 4.095900	2.000000	1.363926	0.636074	11.572257	1.532089	1.057000	0.475089	8.751753	-1.285575	-0.862000	-0.423575	7.574896	28212.645633
749253394459.000000 0.006876 4.102773	2.000000	1.363926	0.636074	11.590200	1.532089	1.057000	0.475089	8.765155	-1.285575	-0.862000	-0.423575	7.586845	28212.645633
749253408147.000000 0.006588 4.109360	2.000000	1.363926	0.636074	11.607422	1.532089	1.057000	0.475089	8.778018	-1.285575	-0.862000	-0.423575	7.598313	28212.645633
749253422715.000000 0.007012 4.116370	2.000000	1.363926	0.636074	11.625782	1.532089	1.057000	0.475089	8.791732	-1.285575	-0.862000	-0.423575	7.610539	28212.645633
749253439299.000000 0.007982 4.124351	2.000000	1.363926	0.636074	11.646724	1.532089	1.057000	0.475089	8.807373	-1.285575	-0.862000	-0.423575	7.624485	28212.645633
749253459946.000000 0.009937 4.134286	2.000000	1.363926	0.636074	11.672855	1.532089	1.057000	0.475089	8.826891	-1.285575	-0.862000	-0.423575	7.641886	28212.645633
749253474429.000000 0.006971 4.141254	2.000000	1.363926	0.636074	11.691218	1.532089	1.057000	0.475089	8.840606	-1.285575	-0.862000	-0.423575	7.654114	28212.645633
749253488813.000000 0.006923 4.148175	2.000000	1.363926	0.636074	11.709486	1.532089	1.057000	0.475089	8.854251	-1.285575	-0.862000	-0.423575	7.666279	28212.645633
749253503679.000000 0.007155 4.155329	2.000000	1.363926	0.636074	11.728398	1.532089	1.057000	0.475089	8.868376	-1.285575	-0.862000	-0.423575	7.678873	28212.645633
749253518842.000000 0.007298 4.162626	2.000000	1.363926	0.636074	11.747722	1.532089	1.057000	0.475089	8.882809	-1.285575	-0.862000	-0.423575	7.691741	28212.645633
749253534669.000000 0.007618 4.170241	2.000000	1.363926	0.636074	11.767928	1.532089	1.057000	0.475089	8.897902	-1.285575	-0.862000	-0.423575	7.705197	28212.645633
749253554619.000000 0.009602 4.179842	2.000000	1.423132	0.576868	11.791081	1.532089	1.095000	0.437089	8.915445	-1.285575	-0.909000	-0.376575	7.720312	26817.313117
749253572186.000000 0.008455 4.188295	2.000000	1.423132	0.576868	11.811510	1.532089	1.095000	0.437089	8.930923	-1.285575	-0.909000	-0.376575	7.733647	26817.313117
749253588113.000000 0.007666 4.195959	2.000000	1.423132	0.576868	11.830065	1.532089	1.095000	0.437089	8.944982	-1.285575	-0.909000	-0.376575	7.745760	26817.313117
749253602799.000000 0.007069 4.203024	2.000000	1.423132	0.576868	11.847204	1.532089	1.095000	0.437089	8.957968	-1.285575	-0.909000	-0.376575	7.756948	26817.313117
749253616720.000000 0.006701 4.209724	2.000000	1.423132	0.576868	11.863476	1.532089	1.095000	0.437089	8.970297	-1.285575	-0.909000	-0.376575	7.767570	26817.313117
749253635020.000000 0.008808 4.218530	2.000000	1.423132	0.576868	11.884911	1.532089	1.095000	0.437089	8.986539	-1.285575	-0.909000	-0.376575	7.781563	26817.313117
749253651510.000000 0.007937 4.226465	2.000000	1.423132	0.576868	11.904263	1.532089	1.095000	0.437089	9.001201	-1.285575	-0.909000	-0.376575	7.794195	26817.313117
749253667297.000000 0.007598 4.234060	2.000000	1.423132	0.576868	11.922821	1.532089	1.095000	0.437089	9.015263	-1.285575	-0.909000	-0.376575	7.806310	26817.313117
749253681060.000000 0.006625 4.240684	2.000000	1.423132	0.576868	11.939027	1.532089	1.095000	0.437089	9.027542	-1.285575	-0.909000	-0.376575	7.816889	26817.313117
749253695186.000000 0.006799 4.247481	2.000000	1.423132	0.576868	11.955686	1.532089	1.095000	0.437089	9.040165	-1.285575	-0.909000	-0.376575	7.827764	26817.313117
749253710099.000000 0.007178 4.254658	2.000000	1.423132	0.576868	11.973305	1.532089	1.095000	0.437089	9.053514	-1.285575	-0.909000	-0.376575	7.839266	26817.313117
749253727457.000000 0.008354 4.263009	2.000000	1.423132	0.576868	11.993850	1.532089	1.095000	0.437089	9.069081	-1.285575	-0.909000	-0.376575	7.852677	26817.313117
749253743093.000000 0.007526 4.270533	2.000000	1.423132	0.576868	12.012390	1.532089	1.095000	0.437089	9.083129	-1.285575	-0.909000	-0.376575	7.864780	26817.313117
749253759480.000000 0.007888 4.278419	2.000000	1.482320	0.517680	12.029860	1.532089	1.132000	0.400089	9.096631	-1.285575	-0.957000	-0.328575	7.875869	24449.851529
749253777913.000000 0.008872 4.287288	2.000000	1.482320	0.517680	12.049551	1.532089	1.132000	0.400089	9.111848	-1.285575	-0.957000	-0.328575	7.888366	24449.851529
749253792261.000000 0.006906 4.294192	2.000000	1.482320	0.517680	12.064902	1.532089	1.132000	0.400089	9.123713	-1.285575	-0.957000	-0.328575	7.898110	24449.851529
749253810192.000000 0.008630 4.302821	2.000000	1.482320	0.517680	12.084125	1.532089	1.132000	0.400089	9.138569	-1.285575	-0.957000	-0.328575	7.910311	24449.851529
749253826894.000000 0.008039 4.310859	2.000000	1.482320	0.517680	12.102065	1.532089	1.132000	0.400089	9.152434	-1.285575	-0.957000	-0.328575	7.921698	24449.851529
749253841432.000000 0.006997 4.317853	2.000000	1.482320	0.517680	12.117706	1.532089	1.132000	0.400089	9.164523	-1.285575	-0.957000	-0.328575	7.931625	24449.851529
749253855622.000000 0.006830 4.324681	2.000000	1.482320	0.517680	12.132997	1.532089	1.132000	0.400089	9.176340	-1.285575	-0.957000	-0.328575	7.941331	24449.851529
749253870624.000000 0.007220 4.331900	2.000000	1.482320	0.517680	12.149189	1.532089	1.132000	0.400089	9.188854	-1.285575	-0.957000	-0.328575	7.951608	24449.851529
749253884875.000000 0.006859 4.338757	2.000000	1.482320	0.517680	12.164595	1.532089	1.132000	0.400089	9.200760	-1.285575	-0.957000	-0.328575	7.961386	24449.851529
749253900948.000000 0.007736 4.346493	2.000000	1.482320	0.517680	12.182002	1.532089	1.132000	0.400089	9.214213	-1.285575	-0.957000	-0.328575	7.972434	24449.851529
749253917995.000000 0.008204 4.354694	2.000000	1.482320	0.517680	12.200497	1.532089	1.132000	0.400089	9.228507	-1.285575	-0.957000	-0.328575	7.984173	24449.851529
749253931864.000000 0.006676 4.361368	2.000000	1.482320	0.517680	12.215569	1.532089	1.132000	0.400089	9.240156	-1.285575	-0.957000	-0.328575	7.993740	24449.851529
749253946392.000000 0.006993 4.368359	2.000000	1.482320	0.517680	12.231383	1.532089	1.132000	0.400089	9.252377	-1.285575	-0.957000	-0.328575	8.003776	24449.851529
749253966863.000000 0.009853 4.378211	2.000000	1.541725	0.458275	12.251152	1.532089	1.170000	0.362089	9.267997	-1.285575	-1.004000	-0.281575	8.015923	22681.030376
749253987349.000000 0.009860 4.388068	2.000000	1.541725	0.458275	12.270980	1.532089	1.170000	0.362089	9.283663	-1.285575	-1.004000	-0.281575	8.028106	22681.030376
749254006417.000000 0.009178 4.397244	2.000000	1.541725	0.458275	12.289474	1.532089	1.170000	0.362089	9.298276	-1.285575	-1.004000	-0.281575	8.039469	22681.030376
749254023187.000000 0.008072 4.405314	2.000000	1.541725	0.458275	12.305770	1.532089	1.170000	0.362089	9.311152	-1.285575	-1.004000	-0.281575	8.049482	22681.030376
749254038516.000000 0.007378 4.412688	2.000000	1.541725	0.458275	12.320690	1.532089	1.170000	0.362089	9.322940	-1.285575	-1.004000	-0.281575	8.058649	22681.030376
749254052990.000000 0.006967 4.419653	2.000000	1.541725	0.458275	12.334800	1.532089	1.170000	0.362089	9.334089	-1.285575	-1.004000	-0.281575	8.067319	22681.030376
749254068230.000000 0.007336 4.426988	2.000000	1.541725	0.458275	12.349683	1.532089	1.170000	0.362089	9.345848	-1.285575	-1.004000	-0.281575	8.076463	22681.030376
749254088417.000000 0.009716 4.436701	2.000000	1.541725	0.458275	12.369437	1.532089	1.170000	0.362089	9.361456	-1.285575	-1.004000	-0.281575	8.088600	22681.030376
749254105257.000000 0.008105 4.444803	2.000000	1.541725	0.458275	12.385946	1.532089	1.170000	0.362089	9.374500	-1.285575	-1.004000	-0.281575	8.098744	22681.030376
749254120295.000000 0.007239 4.452040	2.000000	1.541725	0.458275	12.400714	1.532089	1.170000	0.362089	9.386168	-1.285575	-1.004000	-0.281575	8.107818	22681.030376
749254136250.000000 0.007679 4.459717	2.000000	1.541725	0.458275	12.416408	1.532089	1.170000	0.362089	9.398568	-1.285575	-1.004000	-0.281575	8.117461	22681.030376
749254150815.000000 0.007010 4.466725	2.000000	1.541725	0.458275	12.430758	1.532089	1.170000	0.362089	9.409906	-1.285575	-1.004000	-0.281575	8.126277	22681.030376
749254166398.000000 0.007501 4.474225	2.000000	1.601207	0.398793	12.444141	1.532089	1.208000	0.324089	9.420783	-1.285575	-1.051000	-0.234575	8.134150	20909.902142
749254192958.000000 0.012782 4.487006	2.000000	1.601207	0.398793	12.467014	1.532089	1.208000	0.324089	9.439371	-1.285575	-1.051000	-0.234575	8.147604	20909.902142
749254209120.000000 0.007779 4.494781	2.000000	1.601207	0.398793	12.480958	1.532089	1.208000	0.324089	9.450702	-1.285575	-1.051000	-0.234575	8.155806	20909.902142
749254223728.000000 0.007031 4.501810	2.000000	1.601207	0.398793	12.493581	1.532089	1.208000	0.324089	9.460961	-1.285575	-1.051000	-0.234575	8.163231	20909.902142
749254237436.000000 0.006598 4.508407	2.000000	1.601207	0.398793	12.505443	1.532089	1.208000	0.324089	9.470601	-1.285575	-1.051000	-0.234575	8.170209	20909.902142
749254252322.000000 0.007165 4.515571	2.000000	1.601207	0.398793	12.518347	1.532089	1.208000	0.324089	9.481088	-1.285575	-1.051000	-0.234575	8.177798	20909.902142
749254269791.000000 0.008407 4.523976	2.000000	1.601207	0.398793	12.533515	1.532089	1.208000	0.324089	9.493414	-1.285575	-1.051000	-0.234575	8.186720	20909.902142
749254285990.000000 0.007796 4.531770	2.000000	1.601207	0.398793	12.547604	1.532089	1.208000	0.324089	9.504865	-1.285575	-1.051000	-0.234575	8.195008	20909.902142
749254301693.000000 0.007558 4.539327	2.000000	1.601207	0.398793	12.561286	1.532089	1.208000	0.324089	9.515984	-1.285575	-1.051000	-0.234575	8.203056	20909.902142
749254315895.000000 0.006836 4.546161	2.000000	1.601207	0.398793	12.573680	1.532089	1.208000	0.324089	9.526055	-1.285575	-1.051000	-0.234575	8.210346	20909.902142
749254330273.000000 0.006920 4.553079	2.000000	1.601207	0.398793	12.586245	1.532089	1.208000	0.324089	9.536266	-1.285575	-1.051000	-0.234575	8.217737	20909.902142
749254344289.000000 0.006747 4.559824	2.000000	1.601207	0.398793	12.598513	1.532089	1.208000	0.324089	9.546237	-1.285575	-1.051000	-0.234575	8.224953	20909.902142
749254361693.000000 0.008377 4.568200	2.000000	1.601207	0.398793	12.613774	1.532089	1.208000	0.324089	9.558639	-1.285575	-1.051000	-0.234575	8.233930	20909.902142
749254376691.000000 0.007219 4.575416	2.000000	1.660670	0.339330	12.624983	1.532089	1.245000	0.287089	9.568122	-1.285575	-1.099000	-0.186575	8.240093	19139.350350
749254394925.000000 0.008776 4.584190	2.000000	1.660670	0.339330	12.638635	1.532089	1.245000	0.287089	9.579672	-1.285575	-1.099000	-0.186575	8.247599	19139.350350
749254410082.000000 0.007296 4.591483	2.000000	1.660670	0.339330	12.650002	1.532089	1.245000	0.287089	9.589289	-1.285575	-1.099000	-0.186575	8.253849	19139.350350
749254425292.000000 0.007321 4.598801	2.000000	1.660670	0.339330	12.661426	1.532089	1.245000	0.287089	9.598955	-1.285575	-1.099000	-0.186575	8.260131	19139.350350
749254441340.000000 0.007725 4.606526	2.000000	1.660670	0.339330	12.673501	1.532089	1.245000	0.287089	9.609171	-1.285575	-1.099000	-0.186575	8.266770	19139.350350
749254456197.000000 0.007151 4.613673	2.000000	1.660670	0.339330	12.684696	1.532089	1.245000	0.287089	9.618642	-1.285575	-1.099000	-0.186575	8.272925	19139.350350
749254474399.000000 0.008761 4.622432	2.000000	1.660670	0.339330	12.698438	1.532089	1.245000	0.287089	9.630269	-1.285575	-1.099000	-0.186575	8.280481	19139.350350
749254496806.000000 0.010785 4.633216	2.000000	1.660670	0.339330	12.715395	1.532089	1.245000	0.287089	9.644615	-1.285575	-1.099000	-0.186575	8.289805	19139.350350
749254514992.000000 0.008753 4.641966	2.000000	1.660670	0.339330	12.729183	1.532089	1.245000	0.287089	9.656280	-1.285575	-1.099000	-0.186575	8.297386	19139.350350
749254531460.000000 0.007926 4.649890	2.000000	1.660670	0.339330	12.741689	1.532089	1.245000	0.287089	9.666861	-1.285575	-1.099000	-0.186575	8.304262	19139.350350
749254548678.000000 0.008288 4.658176	2.000000	1.660670	0.339330	12.754790	1.532089	1.245000	0.287089	9.677945	-1.285575	-1.099000	-0.186575	8.311465	19139.350350
749254567161.000000 0.008896 4.667068	2.000000	1.660670	0.339330	12.768878	1.532089	1.245000	0.287089	9.689864	-1.285575	-1.099000	-0.186575	8.319211	19139.350350
749254588678.000000 0.010356 4.677423	2.000000	1.720292	0.279708	12.782427	1.532089	1.283000	0.249089	9.701930	-1.285575	-1.146000	-0.139575	8.325972	17364.070469
749254612117.000000 0.011281 4.688702	2.000000	1.720292	0.279708	12.797222	1.532089	1.283000	0.249089	9.715105	-1.285575	-1.146000	-0.139575	8.333355	17364.070469
749254632412.000000 0.009768 4.698467	2.000000	1.720292	0.279708	12.810058	1.532089	1.283000	0.249089	9.726536	-1.285575	-1.146000	-0.139575	8.339761	17364.070469
749254651793.000000 0.009328 4.707793	2.000000	1.720292	0.279708	12.822342	1.532089	1.283000	0.249089	9.737475	-1.285575	-1.146000	-0.139575	8.345890	17364.070469
749254672766.000000 0.010094 4.717885	2.000000	1.720292	0.279708	12.835662	1.532089	1.283000	0.249089	9.749338	-1.285575	-1.146000	-0.139575	8.352537	17364.070469
749254692232.000000 0.009369 4.727253	2.000000	1.720292	0.279708	12.848051	1.532089	1.283000	0.249089	9.760370	-1.285575	-1.146000	-0.139575	8.358719	17364.070469
749254720543.000000 0.013625 4.740876	2.000000	1.720292	0.279708	12.866119	1.532089	1.283000	0.249089	9.776460	-1.285575	-1.146000	-0.139575	8.367735	17364.070469
749254782911.000000 0.030014 4.770887	2.000000	1.720292	0.279708	12.906171	1.532089	1.283000	0.249089	9.812128	-1.285575	-1.146000	-0.139575	8.387721	17364.070469
749254827722.000000 0.021565 4.792449	2.000000	1.779227	0.220773	12.928987	1.532089	1.320000	0.212089	9.834047	-1.285575	-1.193000	-0.092575	8.397289	15609.241332
749254850607.000000 0.011014 4.803461	2.000000	1.779227	0.220773	12.940668	1.532089	1.320000	0.212089	9.845268	-1.285575	-1.193000	-0.092575	8.402187	15609.241332
749254881495.000000 0.014865 4.818325	2.000000	1.779227	0.220773	12.956481	1.532089	1.320000	0.212089	9.860459	-1.285575	-1.193000	-0.092575	8.408817	15609.241332
749254904458.000000 0.011052 4.829373	2.000000	1.779227	0.220773	12.968264	1.532089	1.320000	0.212089	9.871779	-1.285575	-1.193000	-0.092575	8.413758	15609.241332
749254923065.000000 0.008956 4.838327	2.000000	1.779227	0.220773	12.977831	1.532089	1.320000	0.212089	9.880969	-1.285575	-1.193000	-0.092575	8.417770	15609.241332
749254941140.000000 0.008700 4.847025	2.000000	1.779227	0.220773	12.987140	1.532089	1.320000	0.212089	9.889913	-1.285575	-1.193000	-0.092575	8.421674	15609.241332
749254958641.000000 0.008423 4.855445	2.000000	1.779227	0.220773	12.996170	1.532089	1.320000	0.212089	9.898587	-1.285575	-1.193000	-0.092575	8.425460	15609.241332
749254975817.000000 0.008267 4.863710	2.000000	1.779227	0.220773	13.005047	1.532089	1.320000	0.212089	9.907114	-1.285575	-1.193000	-0.092575	8.429182	15609.241332
749254994039.000000 0.008771 4.872480	2.000000	1.779227	0.220773	13.014482	1.532089	1.320000	0.212089	9.916178	-1.285575	-1.193000	-0.092575	8.433138	15609.241332
749255020628.000000 0.012797 4.885274	2.000000	1.839632	0.160368	13.024507	1.532089	1.358000	0.174089	9.927062	-1.285575	-1.241000	-0.044575	8.435925	13810.650136
749255042923.000000 0.010731 4.896002	2.000000	1.839632	0.160368	13.032933	1.532089	1.358000	0.174089	9.936208	-1.285575	-1.241000	-0.044575	8.438267	13810.650136
749255062154.000000 0.009257 4.905256	2.000000	1.839632	0.160368	13.040215	1.532089	1.358000	0.174089	9.944113	-1.285575	-1.241000	-0.044575	8.440291	13810.650136
749255081469.000000 0.009297 4.914550	2.000000	1.839632	0.160368	13.047542	1.532089	1.358000	0.174089	9.952067	-1.285575	-1.241000	-0.044575	8.442328	13810.650136
749255101004.000000 0.009402 4.923950	2.000000	1.839632	0.160368	13.054967	1.532089	1.358000	0.174089	9.960127	-1.285575	-1.241000	-0.044575	8.444392	13810.650136
749255122772.000000 0.010477 4.934425	2.000000	1.839632	0.160368	13.063257	1.532089	1.358000	0.174089	9.969127	-1.285575	-1.241000	-0.044575	8.446696	13810.650136
749255143203.000000 0.009834 4.944256	2.000000	1.839632	0.160368	13.071055	1.532089	1.358000	0.174089	9.977591	-1.285575	-1.241000	-0.044575	8.448863	13810.650136
749255164505.000000 0.010254 4.954508	2.000000	1.839632	0.160368	13.079202	1.532089	1.358000	0.174089	9.986435	-1.285575	-1.241000	-0.044575	8.451128	13810.650136
749255182489.000000 0.008656 4.963159	2.000000	1.839632	0.160368	13.086091	1.532089	1.358000	0.174089	9.993914	-1.285575	-1.241000	-0.044575	8.453043	13810.650136
749255201087.000000 0.008951 4.972109	2.000000	1.839632	0.160368	13.093228	1.532089	1.358000	0.174089	10.001662	-1.285575	-1.241000	-0.044575	8.455027	13810.650136
749255222127.000000 0.010127 4.982233	2.000000	1.898676	0.101324	13.098341	1.532089	1.395000	0.137089	10.008579	-1.285575	-1.288000	0.002425	8.455149	52405.604880
749255242718.000000 0.009910 4.992141	2.000000	1.898676	0.101324	13.103354	1.532089	1.395000	0.137089	10.015361	-1.285575	-1.288000	0.002425	8.455269	52401.866967
749255259499.000000 0.008076 5.000215	2.000000	1.898676	0.101324	13.107445	1.532089	1.395000	0.137089	10.020897	-1.285575	-1.288000	0.002425	8.455367	52401.866967
749255276580.000000 0.008221 5.008435	2.000000	1.898676	0.101324	13.111617	1.532089	1.395000	0.137089	10.026542	-1.285575	-1.288000	0.002425	8.455467	52401.866967
749255293854.000000 0.008314 5.016747	2.000000	1.898676	0.101324	13.115844	1.532089	1.395000	0.137089	10.032260	-1.285575	-1.288000	0.002425	8.455568	52401.866967
749255310915.000000 0.008211 5.024957	2.000000	1.898676	0.101324	13.120024	1.532089	1.395000	0.137089	10.037916	-1.285575	-1.288000	0.002425	8.455668	52401.866967
749255331504.000000 0.009909 5.034864	2.000000	1.898676	0.101324	13.125079	1.532089	1.395000	0.137089	10.044756	-1.285575	-1.288000	0.002425	8.455789	52401.866967
749255348370.000000 0.008118 5.042980	2.000000	1.898676	0.101324	13.129227	1.532089	1.395000	0.137089	10.050368	-1.285575	-1.288000	0.002425	8.455888	52401.866967
749255369548.000000 0.010193 5.053172	2.000000	1.898676	0.101324	13.134446	1.532089	1.395000	0.137089	10.057429	-1.285575	-1.288000	0.002425	8.456013	52280.148403
749255389448.000000 0.009578 5.062746	2.000000	1.898676	0.101324	13.139359	1.532089	1.395000	0.137089	10.064076	-1.285575	-1.288000	0.002425	8.456130	52405.303487
749255406323.000000 0.008123 5.070867	2.000000	1.898676	0.101324	13.143533	1.532089	1.395000	0.137089	10.069723	-1.285575	-1.288000	0.002425	8.456230	52401.866967
