747819188712.000000 0.000002 0.000005	0.000005	0.000000	0.000005	0.000000	0.000004	0.000000	0.000004	0.000000	-0.000003	0.000000	-0.000003	0.000000	2208271.263869
747819226231.000000 0.018056 0.018061	0.018064	0.000000	0.018064	0.000006	0.013838	0.000000	0.013838	0.000005	-0.011611	0.000000	-0.011611	0.000004	-19433.202090
747819255478.000000 0.014075 0.032134	0.050194	0.000000	0.050194	0.000029	0.038451	0.000000	0.038451	0.000022	-0.032264	0.000000	-0.032264	0.000018	-17657.404342
747819282485.000000 0.012998 0.045130	0.095319	0.000000	0.095319	0.000085	0.073019	0.000000	0.073019	0.000065	-0.061270	0.000000	-0.061270	0.000054	-15960.071656
747819308984.000000 0.012753 0.057881	0.153194	0.000000	0.153194	0.000198	0.117354	0.000000	0.117354	0.000151	-0.098471	0.000000	-0.098471	0.000127	-13989.690763
747819332645.000000 0.011387 0.069266	0.222453	0.000000	0.222453	0.000373	0.170409	0.000000	0.170409	0.000286	-0.142990	0.000000	-0.142990	0.000240	-11359.637256
747819362378.000000 0.014309 0.083573	0.306018	0.000000	0.306018	0.000739	0.234423	0.000000	0.234423	0.000566	-0.196705	0.000000	-0.196705	0.000475	-9609.368378
747819391063.000000 0.013805 0.097376	0.403385	0.000000	0.403385	0.001281	0.309011	0.000000	0.309011	0.000982	-0.259291	0.000000	-0.259291	0.000824	-6211.767109
747819424282.000000 0.015987 0.113361	0.516734	0.000000	0.516734	0.002218	0.395842	0.000000	0.395842	0.001699	-0.332151	0.000000	-0.332151	0.001426	-3365.466633
747819454509.000000 0.014547 0.127906	0.644627	0.000000	0.644627	0.003417	0.493813	0.000000	0.493813	0.002618	-0.414358	0.000000	-0.414358	0.002196	1079.060859
747819489386.000000 0.016785 0.144690	0.789302	0.000000	0.789302	0.005334	0.604641	0.000000	0.604641	0.004086	-0.507354	0.000000	-0.507354	0.003429	4575.179975
747819530077.000000 0.019582 0.164269	0.953555	0.000000	0.953555	0.008401	0.730465	0.000000	0.730465	0.006436	-0.612933	0.000000	-0.612933	0.005400	8913.024529
747819566968.000000 0.017754 0.182020	1.135557	0.000000	1.135557	0.012071	0.869887	0.000000	0.869887	0.009247	-0.729922	0.000000	-0.729922	0.007759	14889.594357
747819599515.000000 0.015663 0.197682	1.333220	0.000000	1.333220	0.016199	1.021305	0.000000	1.021305	0.012409	-0.856977	0.000000	-0.856977	0.010413	21302.503586
747819631437.000000 0.015363 0.213042	1.546241	0.000000	1.546241	0.021260	1.184489	0.000000	1.184489	0.016286	-0.993904	0.000000	-0.993904	0.013665	27367.943747
747819662155.000000 0.014783 0.227824	1.774042	0.000000	1.774042	0.027235	1.358995	0.000000	1.358995	0.020863	-1.140332	0.000000	-1.140332	0.017506	34201.528679
747819689918.000000 0.013362 0.241183	2.000000	0.000000	2.000000	0.033680	1.532089	0.000000	1.532089	0.025800	-1.285575	0.000000	-1.285575	0.021649	40885.508244
747819717249.000000 0.013153 0.254335	2.000000	0.000000	2.000000	0.040371	1.532089	0.000000	1.532089	0.030926	-1.285575	0.000000	-1.285575	0.025950	29634.774108
747819747907.000000 0.014755 0.269087	2.000000	0.000000	2.000000	0.048311	1.532089	0.000000	1.532089	0.037009	-1.285575	0.000000	-1.285575	0.031054	32334.011479
747819776890.000000 0.013948 0.283033	2.000000	0.000000	2.000000	0.056207	1.532089	0.000000	1.532089	0.043057	-1.285575	0.000000	-1.285575	0.036129	31548.874822
747819806320.000000 0.014163 0.297195	2.000000	0.000000	2.000000	0.064625	1.532089	0.000000	1.532089	0.049506	-1.285575	0.000000	-1.285575	0.041540	30724.452699
747819833721.000000 0.013188 0.310380	2.000000	0.003000	1.997000	0.072799	1.532089	0.003000	1.529089	0.055765	-1.285575	0.000000	-1.285575	0.046802	34141.043996
747819864677.000000 0.014898 0.325276	2.000000	0.003000	1.997000	0.082476	1.532089	0.003000	1.529089	0.063174	-1.285575	0.000000	-1.285575	0.053032	33216.375591
747819893257.000000 0.013755 0.339028	2.000000	0.003000	1.997000	0.091789	1.532089	0.003000	1.529089	0.070305	-1.285575	0.000000	-1.285575	0.059027	32252.612742
747819922222.000000 0.013940 0.352965	2.000000	0.003000	1.997000	0.101615	1.532089	0.003000	1.529089	0.077828	-1.285575	0.000000	-1.285575	0.065352	31249.230178
747819951594.000000 0.014135 0.367099	2.000000	0.003000	1.997000	0.111977	1.532089	0.003000	1.529089	0.085763	-1.285575	0.000000	-1.285575	0.072023	30205.668429
747819981214.000000 0.014268 0.381366	2.000000	0.003000	1.997000	0.122844	1.532089	0.003000	1.529089	0.094083	-1.285575	0.000000	-1.285575	0.079019	29121.551324
747820006611.000000 0.012223 0.393573	2.000000	0.003000	1.997000	0.132451	1.532089	0.003000	1.529089	0.101439	-1.285575	0.000000	-1.285575	0.085203	28002.732087
747820028435.000000 0.010503 0.404075	2.000000	0.009000	1.991000	0.140901	1.532089	0.009000	1.523089	0.107904	-1.285575	0.000000	-1.285575	0.090660	26854.059905
747820052353.000000 0.011511 0.415584	2.000000	0.009000	1.991000	0.150426	1.532089	0.009000	1.523089	0.115190	-1.285575	0.000000	-1.285575	0.096809	32418.403388
747820073307.000000 0.010085 0.425667	2.000000	0.009000	1.991000	0.158973	1.532089	0.009000	1.523089	0.121728	-1.285575	0.000000	-1.285575	0.102328	31142.260189
747820090627.000000 0.008336 0.434000	2.000000	0.009000	1.991000	0.166176	1.532089	0.009000	1.523089	0.127239	-1.285575	0.000000	-1.285575	0.106979	29841.132479
747820106491.000000 0.007635 0.441634	2.000000	0.009000	1.991000	0.172889	1.532089	0.009000	1.523089	0.132374	-1.285575	0.000000	-1.285575	0.111314	28517.120693
747820123234.000000 0.008059 0.449692	2.000000	0.009000	1.991000	0.180104	1.532089	0.009000	1.523089	0.137894	-1.285575	0.000000	-1.285575	0.115973	27168.949566
747820146946.000000 0.011412 0.461101	2.000000	0.009000	1.991000	0.190582	1.532089	0.009000	1.523089	0.145909	-1.285575	0.000000	-1.285575	0.122738	25786.574226
747820170982.000000 0.011568 0.472667	2.000000	0.009000	1.991000	0.201468	1.532089	0.009000	1.523089	0.154237	-1.285575	0.000000	-1.285575	0.129767	24369.524382
747820192215.000000 0.010220 0.482885	2.000000	0.009000	1.991000	0.211293	1.532089	0.009000	1.523089	0.161753	-1.285575	0.000000	-1.285575	0.136111	22921.840777
747820213668.000000 0.010324 0.493207	2.000000	0.009000	1.991000	0.221432	1.532089	0.009000	1.523089	0.169508	-1.285575	0.000000	-1.285575	0.142657	21443.213250
747820230002.000000 0.007862 0.501066	2.000000	0.009000	1.991000	0.229275	1.532089	0.009000	1.523089	0.175508	-1.285575	0.000000	-1.285575	0.147722	19941.023622
747820245976.000000 0.007689 0.508754	2.000000	0.018028	1.981972	0.237028	1.532089	0.018000	1.514089	0.181431	-1.285575	-0.001000	-1.284575	0.152747	27586.707176
747820269114.000000 0.011136 0.519888	2.000000	0.018028	1.981972	0.248502	1.532089	0.018000	1.514089	0.190197	-1.285575	-0.001000	-1.284575	0.160184	25891.194485
747820289172.000000 0.009654 0.529539	2.000000	0.018028	1.981972	0.258634	1.532089	0.018000	1.514089	0.197937	-1.285575	-0.001000	-1.284575	0.166751	24164.207648
747820315680.000000 0.012758 0.542295	2.000000	0.018028	1.981972	0.272347	1.532089	0.018000	1.514089	0.208412	-1.285575	-0.001000	-1.284575	0.175638	22395.619886
747820340871.000000 0.012124 0.554416	2.000000	0.018028	1.981972	0.285668	1.532089	0.018000	1.514089	0.218589	-1.285575	-0.001000	-1.284575	0.184272	20587.499555
747820365529.000000 0.011867 0.566282	2.000000	0.018028	1.981972	0.298988	1.532089	0.018000	1.514089	0.228764	-1.285575	-0.001000	-1.284575	0.192905	18740.683098
747820390560.000000 0.012047 0.578326	2.000000	0.018028	1.981972	0.312796	1.532089	0.018000	1.514089	0.239313	-1.285575	-0.001000	-1.284575	0.201854	16854.586731
747820415586.000000 0.012045 0.590368	2.000000	0.018028	1.981972	0.326889	1.532089	0.018000	1.514089	0.250079	-1.285575	-0.001000	-1.284575	0.210989	14929.216731
747820440576.000000 0.012027 0.602394	2.000000	0.018028	1.981972	0.341249	1.532089	0.018000	1.514089	0.261049	-1.285575	-0.001000	-1.284575	0.220296	12964.628025
747820470241.000000 0.014277 0.616669	2.000000	0.031064	1.968936	0.358584	1.532089	0.031000	1.501089	0.274265	-1.285575	-0.002000	-1.283575	0.231596	22057.570945
747820496105.000000 0.012447 0.629114	2.000000	0.031064	1.968936	0.374002	1.532089	0.031000	1.501089	0.286020	-1.285575	-0.002000	-1.283575	0.241648	19735.958414
747820515623.000000 0.009394 0.638507	2.000000	0.031064	1.968936	0.385813	1.532089	0.031000	1.501089	0.295024	-1.285575	-0.002000	-1.283575	0.249347	17379.683473
747820535463.000000 0.009550 0.648053	2.000000	0.031064	1.968936	0.397998	1.532089	0.031000	1.501089	0.304314	-1.285575	-0.002000	-1.283575	0.257291	14988.177887
747820562243.000000 0.012889 0.660939	2.000000	0.031064	1.968936	0.414771	1.532089	0.031000	1.501089	0.317101	-1.285575	-0.002000	-1.283575	0.268225	12549.121583
747820593492.000000 0.015039 0.675976	2.000000	0.031064	1.968936	0.434787	1.532089	0.031000	1.501089	0.332361	-1.285575	-0.002000	-1.283575	0.281274	10054.573462
747820620900.000000 0.013190 0.689164	2.000000	0.031064	1.968936	0.452685	1.532089	0.031000	1.501089	0.346006	-1.285575	-0.002000	-1.283575	0.292942	7511.357683
747820641329.000000 0.009833 0.698994	2.000000	0.031064	1.968936	0.466218	1.532089	0.031000	1.501089	0.356323	-1.285575	-0.002000	-1.283575	0.301764	4931.865350
747820659791.000000 0.008886 0.707878	2.000000	0.045277	1.954723	0.478513	1.532089	0.045000	1.487089	0.365677	-1.285575	-0.005000	-1.280575	0.309819	2319.591114
747820677935.000000 0.008733 0.716608	2.000000	0.045277	1.954723	0.490745	1.532089	0.045000	1.487089	0.374983	-1.285575	-0.005000	-1.280575	0.317833	9201.938182
747820693434.000000 0.007460 0.724066	2.000000	0.045277	1.954723	0.501304	1.532089	0.045000	1.487089	0.383016	-1.285575	-0.005000	-1.280575	0.324750	6114.827036
747820708125.000000 0.007071 0.731135	2.000000	0.045277	1.954723	0.511410	1.532089	0.045000	1.487089	0.390704	-1.285575	-0.005000	-1.280575	0.331370	2997.575845
747820722045.000000 0.006700 0.737833	2.000000	0.045277	1.954723	0.521072	1.532089	0.045000	1.487089	0.398055	-1.285575	-0.005000	-1.280575	0.337701	-148.231556
747820736085.000000 0.006758 0.744591	2.000000	0.045277	1.954723	0.530908	1.532089	0.045000	1.487089	0.405538	-1.285575	-0.005000	-1.280575	0.344144	-3322.851617
747820749857.000000 0.006629 0.751216	2.000000	0.045277	1.954723	0.540642	1.532089	0.045000	1.487089	0.412943	-1.285575	-0.005000	-1.280575	0.350521	-6525.720148
747820775071.000000 0.012135 0.763350	2.000000	0.045277	1.954723	0.558749	1.532089	0.045000	1.487089	0.426718	-1.285575	-0.005000	-1.280575	0.362384	-9780.323857
747820802823.000000 0.013357 0.776705	2.000000	0.045277	1.954723	0.579029	1.532089	0.045000	1.487089	0.442146	-1.285575	-0.005000	-1.280575	0.375669	-13091.865600
747820827480.000000 0.011867 0.788569	2.000000	0.045277	1.954723	0.597320	1.532089	0.045000	1.487089	0.456062	-1.285575	-0.005000	-1.280575	0.387652	-16453.989523
747820844305.000000 0.008097 0.796664	2.000000	0.045277	1.954723	0.609930	1.532089	0.045000	1.487089	0.465655	-1.285575	-0.005000	-1.280575	0.395913	-17534.497341
747820863067.000000 0.009030 0.805693	2.000000	0.045277	1.954723	0.624152	1.532089	0.045000	1.487089	0.476474	-1.285575	-0.005000	-1.280575	0.405230	-17534.497341
747820877698.000000 0.007042 0.812733	2.000000	0.063640	1.936360	0.635234	1.532089	0.063000	1.469089	0.484882	-1.285575	-0.009000	-1.276575	0.412536	-5740.135298
747820894783.000000 0.008223 0.820954	2.000000	0.063640	1.936360	0.648306	1.532089	0.063000	1.469089	0.494800	-1.285575	-0.009000	-1.276575	0.421154	-5740.135298
747820910447.000000 0.007539 0.828491	2.000000	0.063640	1.936360	0.660401	1.532089	0.063000	1.469089	0.503976	-1.285575	-0.009000	-1.276575	0.429128	-5740.135298
747820925349.000000 0.007172 0.835661	2.000000	0.063640	1.936360	0.672007	1.532089	0.063000	1.469089	0.512781	-1.285575	-0.009000	-1.276575	0.436779	-5740.135298
747820939475.000000 0.006799 0.842460	2.000000	0.063640	1.936360	0.683098	1.532089	0.063000	1.469089	0.521196	-1.285575	-0.009000	-1.276575	0.444091	-5740.135298
747820953701.000000 0.006847 0.849304	2.000000	0.063640	1.936360	0.694358	1.532089	0.063000	1.469089	0.529739	-1.285575	-0.009000	-1.276575	0.451514	-5740.135298
747820968197.000000 0.006977 0.856280	2.000000	0.063640	1.936360	0.705927	1.532089	0.063000	1.469089	0.538516	-1.285575	-0.009000	-1.276575	0.459141	-5740.135298
747820982256.000000 0.006767 0.863046	2.000000	0.063640	1.936360	0.717236	1.532089	0.063000	1.469089	0.547096	-1.285575	-0.009000	-1.276575	0.466597	-5740.135298
747820996416.000000 0.006815 0.869858	2.000000	0.063640	1.936360	0.728715	1.532089	0.063000	1.469089	0.555805	-1.285575	-0.009000	-1.276575	0.474165	-5740.135298
747821011456.000000 0.007239 0.877095	2.000000	0.063640	1.936360	0.741009	1.532089	0.063000	1.469089	0.565132	-1.285575	-0.009000	-1.276575	0.482270	-5740.135298
747821025796.000000 0.006902 0.883996	2.000000	0.063640	1.936360	0.752824	1.532089	0.063000	1.469089	0.574096	-1.285575	-0.009000	-1.276575	0.490059	-5740.135298
747821040168.000000 0.006917 0.890911	2.000000	0.063640	1.936360	0.764757	1.532089	0.063000	1.469089	0.583149	-1.285575	-0.009000	-1.276575	0.497926	-5740.135298
747821055030.000000 0.007154 0.898063	2.000000	0.063640	1.936360	0.777197	1.532089	0.063000	1.469089	0.592588	-1.285575	-0.009000	-1.276575	0.506127	-5740.135298
747821069644.000000 0.007034 0.905095	2.000000	0.063640	1.936360	0.789524	1.532089	0.063000	1.469089	0.601940	-1.285575	-0.009000	-1.276575	0.514254	-5740.135298
747821088080.000000 0.008874 0.913968	2.000000	0.084528	1.915472	0.805059	1.532089	0.083000	1.449089	0.613692	-1.285575	-0.016000	-1.269575	0.524551	3378.348855
747821104761.000000 0.008029 0.921994	2.000000	0.084528	1.915472	0.819238	1.532089	0.083000	1.449089	0.624419	-1.285575	-0.016000	-1.269575	0.533949	3378.348855
747821120173.000000 0.007419 0.929410	2.000000	0.084528	1.915472	0.832445	1.532089	0.083000	1.449089	0.634410	-1.285575	-0.016000	-1.269575	0.542702	3378.348855
747821134544.000000 0.006917 0.936324	2.000000	0.084528	1.915472	0.844850	1.532089	0.083000	1.449089	0.643795	-1.285575	-0.016000	-1.269575	0.550924	3378.348855
747821149189.000000 0.007048 0.943371	2.000000	0.084528	1.915472	0.857587	1.532089	0.083000	1.449089	0.653431	-1.285575	-0.016000	-1.269575	0.559366	3378.348855
747821163702.000000 0.006985 0.950354	2.000000	0.084528	1.915472	0.870302	1.532089	0.083000	1.449089	0.663050	-1.285575	-0.016000	-1.269575	0.567794	3378.348855
747821178048.000000 0.006905 0.957258	2.000000	0.084528	1.915472	0.882962	1.532089	0.083000	1.449089	0.672628	-1.285575	-0.016000	-1.269575	0.576185	3378.348855
747821192510.000000 0.006960 0.964218	2.000000	0.084528	1.915472	0.895818	1.532089	0.083000	1.449089	0.682353	-1.285575	-0.016000	-1.269575	0.584706	3378.348855
747821206786.000000 0.006871 0.971087	2.000000	0.084528	1.915472	0.908599	1.532089	0.083000	1.449089	0.692022	-1.285575	-0.016000	-1.269575	0.593177	3378.348855
747821220924.000000 0.006805 0.977890	2.000000	0.084528	1.915472	0.921346	1.532089	0.083000	1.449089	0.701666	-1.285575	-0.016000	-1.269575	0.601626	3378.348855
747821235741.000000 0.007132 0.985020	2.000000	0.084528	1.915472	0.934802	1.532089	0.083000	1.449089	0.711845	-1.285575	-0.016000	-1.269575	0.610544	3378.348855
747821249901.000000 0.006815 0.991833	2.000000	0.084528	1.915472	0.947749	1.532089	0.083000	1.449089	0.721640	-1.285575	-0.016000	-1.269575	0.619126	3378.348855
747821263832.000000 0.006705 0.998536	2.000000	0.084528	1.915472	0.960574	1.532089	0.083000	1.449089	0.731342	-1.285575	-0.016000	-1.269575	0.627626	3378.348855
747821277439.000000 0.006549 1.005083	2.000000	0.084528	1.915472	0.973182	1.532089	0.083000	1.449089	0.740880	-1.285575	-0.016000	-1.269575	0.635983	3378.348855
747821292432.000000 0.007216 1.012299	2.000000	0.108908	1.891092	0.986997	1.532089	0.106000	1.426089	0.751298	-1.285575	-0.025000	-1.260575	0.645191	12609.790972
747821308675.000000 0.007818 1.020116	2.000000	0.108908	1.891092	1.002079	1.532089	0.106000	1.426089	0.762672	-1.285575	-0.025000	-1.260575	0.655245	12609.790972
747821323637.000000 0.007202 1.027314	2.000000	0.108908	1.891092	1.016069	1.532089	0.106000	1.426089	0.773222	-1.285575	-0.025000	-1.260575	0.664571	12609.790972
747821338058.000000 0.006941 1.034254	2.000000	0.108908	1.891092	1.029645	1.532089	0.106000	1.426089	0.783460	-1.285575	-0.025000	-1.260575	0.673620	12609.790972
747821352505.000000 0.006953 1.041205	2.000000	0.108908	1.891092	1.043336	1.532089	0.106000	1.426089	0.793784	-1.285575	-0.025000	-1.260575	0.682747	12609.790972
747821366694.000000 0.006829 1.048033	2.000000	0.108908	1.891092	1.056870	1.532089	0.106000	1.426089	0.803990	-1.285575	-0.025000	-1.260575	0.691768	12609.790972
747821381151.000000 0.006959 1.054990	2.000000	0.108908	1.891092	1.070753	1.532089	0.106000	1.426089	0.814460	-1.285575	-0.025000	-1.260575	0.701022	12609.790972
747821395583.000000 0.006946 1.061934	2.000000	0.108908	1.891092	1.084703	1.532089	0.106000	1.426089	0.824979	-1.285575	-0.025000	-1.260575	0.710321	12609.790972
747821410082.000000 0.006978 1.068911	2.000000	0.108908	1.891092	1.098809	1.532089	0.106000	1.426089	0.835617	-1.285575	-0.025000	-1.260575	0.719724	12609.790972
747821424517.000000 0.006947 1.075857	2.000000	0.108908	1.891092	1.112944	1.532089	0.106000	1.426089	0.846276	-1.285575	-0.025000	-1.260575	0.729146	12609.790972
747821446094.000000 0.010386 1.086242	2.000000	0.108908	1.891092	1.134278	1.532089	0.106000	1.426089	0.862364	-1.285575	-0.025000	-1.260575	0.743367	12609.790972
747821467504.000000 0.010304 1.096542	2.000000	0.108908	1.891092	1.155645	1.532089	0.106000	1.426089	0.878478	-1.285575	-0.025000	-1.260575	0.757610	12609.790972
747821484365.000000 0.008115 1.104656	2.000000	0.108908	1.891092	1.172598	1.532089	0.106000	1.426089	0.891262	-1.285575	-0.025000	-1.260575	0.768911	12609.790972
747821505606.000000 0.010224 1.114879	2.000000	0.135440	1.864560	1.193851	1.532089	0.130000	1.402089	0.907243	-1.285575	-0.038000	-1.247575	0.783131	19543.887138
747821527643.000000 0.010606 1.125481	2.000000	0.135440	1.864560	1.216108	1.532089	0.130000	1.402089	0.923980	-1.285575	-0.038000	-1.247575	0.798023	19543.887138
747821546864.000000 0.009251 1.134730	2.000000	0.135440	1.864560	1.235681	1.532089	0.130000	1.402089	0.938698	-1.285575	-0.038000	-1.247575	0.811119	19543.887138
747821565677.000000 0.009055 1.143784	2.000000	0.135440	1.864560	1.254992	1.532089	0.130000	1.402089	0.953219	-1.285575	-0.038000	-1.247575	0.824040	19543.887138
747821585219.000000 0.009405 1.153186	2.000000	0.135440	1.864560	1.275215	1.532089	0.130000	1.402089	0.968427	-1.285575	-0.038000	-1.247575	0.837572	19543.887138
747821604676.000000 0.009365 1.162550	2.000000	0.135440	1.864560	1.295515	1.532089	0.130000	1.402089	0.983692	-1.285575	-0.038000	-1.247575	0.851154	19543.887138
747821624503.000000 0.009542 1.172090	2.000000	0.135440	1.864560	1.316369	1.532089	0.130000	1.402089	0.999373	-1.285575	-0.038000	-1.247575	0.865107	19543.887138
747821643049.000000 0.008927 1.181014	2.000000	0.135440	1.864560	1.336026	1.532089	0.130000	1.402089	1.014154	-1.285575	-0.038000	-1.247575	0.878260	19543.887138
747821661843.000000 0.009045 1.190057	2.000000	0.135440	1.864560	1.356097	1.532089	0.130000	1.402089	1.029247	-1.285575	-0.038000	-1.247575	0.891689	19543.887138
747821679170.000000 0.008339 1.198394	2.000000	0.135440	1.864560	1.374730	1.532089	0.130000	1.402089	1.043259	-1.285575	-0.038000	-1.247575	0.904157	19543.887138
747821697141.000000 0.008649 1.207042	2.000000	0.164757	1.835243	1.393891	1.532089	0.156000	1.376089	1.057625	-1.285575	-0.053000	-1.232575	0.917025	19543.887138
747821720262.000000 0.011127 1.218167	2.000000	0.164757	1.835243	1.418767	1.532089	0.156000	1.376089	1.076278	-1.285575	-0.053000	-1.232575	0.933733	21627.145641
747821740208.000000 0.009600 1.227766	2.000000	0.164757	1.835243	1.440397	1.532089	0.156000	1.376089	1.092497	-1.285575	-0.053000	-1.232575	0.948260	21627.145641
747821760119.000000 0.009583 1.237346	2.000000	0.164757	1.835243	1.462159	1.532089	0.156000	1.376089	1.108814	-1.285575	-0.053000	-1.232575	0.962875	21627.145641
747821781845.000000 0.010456 1.247801	2.000000	0.164757	1.835243	1.486103	1.532089	0.156000	1.376089	1.126767	-1.285575	-0.053000	-1.232575	0.978956	21627.145641
747821799178.000000 0.008342 1.256141	2.000000	0.164757	1.835243	1.505335	1.532089	0.156000	1.376089	1.141188	-1.285575	-0.053000	-1.232575	0.991873	21627.145641
747821813554.000000 0.006919 1.263058	2.000000	0.164757	1.835243	1.521373	1.532089	0.156000	1.376089	1.153214	-1.285575	-0.053000	-1.232575	1.002645	21627.145641
747821827524.000000 0.006724 1.269781	2.000000	0.164757	1.835243	1.537043	1.532089	0.156000	1.376089	1.164963	-1.285575	-0.053000	-1.232575	1.013169	21627.145641
747821848611.000000 0.010149 1.279929	2.000000	0.164757	1.835243	1.560882	1.532089	0.156000	1.376089	1.182838	-1.285575	-0.053000	-1.232575	1.029179	21627.145641
747821866070.000000 0.008404 1.288330	2.000000	0.164757	1.835243	1.580752	1.532089	0.156000	1.376089	1.197736	-1.285575	-0.053000	-1.232575	1.042524	21627.145641
747821883464.000000 0.008372 1.296700	2.000000	0.164757	1.835243	1.600675	1.532089	0.156000	1.376089	1.212675	-1.285575	-0.053000	-1.232575	1.055905	21627.145641
747821901247.000000 0.008559 1.305257	2.000000	0.164757	1.835243	1.621179	1.532089	0.156000	1.376089	1.228050	-1.285575	-0.053000	-1.232575	1.069676	21627.145641
747821917316.000000 0.007734 1.312988	2.000000	0.197223	1.802777	1.639485	1.532089	0.184000	1.348089	1.241738	-1.285575	-0.071000	-1.214575	1.082009	29831.677856
747821934675.000000 0.008355 1.321342	2.000000	0.197223	1.802777	1.659389	1.532089	0.184000	1.348089	1.256622	-1.285575	-0.071000	-1.214575	1.095418	29831.677856
747821950185.000000 0.007466 1.328806	2.000000	0.197223	1.802777	1.677273	1.532089	0.184000	1.348089	1.269995	-1.285575	-0.071000	-1.214575	1.107467	29831.677856
747821964768.000000 0.007019 1.335822	2.000000	0.197223	1.802777	1.694175	1.532089	0.184000	1.348089	1.282635	-1.285575	-0.071000	-1.214575	1.118855	29831.677856
747821979375.000000 0.007030 1.342850	2.000000	0.197223	1.802777	1.711194	1.532089	0.184000	1.348089	1.295361	-1.285575	-0.071000	-1.214575	1.130321	29831.677856
747821994804.000000 0.007426 1.350275	2.000000	0.197223	1.802777	1.729272	1.532089	0.184000	1.348089	1.308879	-1.285575	-0.071000	-1.214575	1.142500	29831.677856
747822010193.000000 0.007407 1.357680	2.000000	0.197223	1.802777	1.747400	1.532089	0.184000	1.348089	1.322435	-1.285575	-0.071000	-1.214575	1.154714	29831.677856
747822025396.000000 0.007317 1.364996	2.000000	0.197223	1.802777	1.765406	1.532089	0.184000	1.348089	1.335900	-1.285575	-0.071000	-1.214575	1.166845	29831.677856
747822044075.000000 0.008991 1.373984	2.000000	0.197223	1.802777	1.787676	1.532089	0.184000	1.348089	1.352553	-1.285575	-0.071000	-1.214575	1.181849	29831.677856
747822067452.000000 0.011251 1.385234	2.000000	0.197223	1.802777	1.815773	1.532089	0.184000	1.348089	1.373564	-1.285575	-0.071000	-1.214575	1.200779	29831.677856
747822085813.000000 0.008837 1.394068	2.000000	0.197223	1.802777	1.837983	1.532089	0.184000	1.348089	1.390172	-1.285575	-0.071000	-1.214575	1.215742	29831.677856
747822102794.000000 0.008173 1.402238	2.000000	0.197223	1.802777	1.858643	1.532089	0.184000	1.348089	1.405622	-1.285575	-0.071000	-1.214575	1.229661	29831.677856
747822117613.000000 0.007133 1.409369	2.000000	0.232418	1.767582	1.876412	1.532089	0.213000	1.319089	1.418882	-1.285575	-0.093000	-1.192575	1.241650	31740.342736
747822137469.000000 0.009557 1.418926	2.000000	0.232418	1.767582	1.900383	1.532089	0.213000	1.319089	1.436770	-1.285575	-0.093000	-1.192575	1.257823	31740.342736
747822153300.000000 0.007619 1.426543	2.000000	0.232418	1.767582	1.919595	1.532089	0.213000	1.319089	1.451108	-1.285575	-0.093000	-1.192575	1.270785	31740.342736
747822168068.000000 0.007108 1.433648	2.000000	0.232418	1.767582	1.937607	1.532089	0.213000	1.319089	1.464549	-1.285575	-0.093000	-1.192575	1.282937	31740.342736
747822183079.000000 0.007226 1.440872	2.000000	0.232418	1.767582	1.956009	1.532089	0.213000	1.319089	1.478282	-1.285575	-0.093000	-1.192575	1.295353	31740.342736
747822198044.000000 0.007202 1.448072	2.000000	0.232418	1.767582	1.974444	1.532089	0.213000	1.319089	1.492040	-1.285575	-0.093000	-1.192575	1.307791	31740.342736
747822212411.000000 0.006915 1.454985	2.000000	0.232418	1.767582	1.992228	1.532089	0.213000	1.319089	1.505311	-1.285575	-0.093000	-1.192575	1.319790	31740.342736
747822227504.000000 0.007265 1.462248	2.000000	0.232418	1.767582	2.011004	1.532089	0.213000	1.319089	1.519323	-1.285575	-0.093000	-1.192575	1.332458	31740.342736
747822242066.000000 0.007009 1.469255	2.000000	0.232418	1.767582	2.029206	1.532089	0.213000	1.319089	1.532906	-1.285575	-0.093000	-1.192575	1.344738	31740.342736
747822258356.000000 0.007841 1.477094	2.000000	0.232418	1.767582	2.049676	1.532089	0.213000	1.319089	1.548183	-1.285575	-0.093000	-1.192575	1.358550	31740.342736
747822272683.000000 0.006896 1.483988	2.000000	0.232418	1.767582	2.067765	1.532089	0.213000	1.319089	1.561682	-1.285575	-0.093000	-1.192575	1.370754	31740.342736
747822289005.000000 0.007856 1.491842	2.000000	0.232418	1.767582	2.088481	1.532089	0.213000	1.319089	1.577142	-1.285575	-0.093000	-1.192575	1.384731	31740.342736
747822303338.000000 0.006899 1.498739	2.000000	0.232418	1.767582	2.106757	1.532089	0.213000	1.319089	1.590780	-1.285575	-0.093000	-1.192575	1.397061	31740.342736
747822317840.000000 0.006980 1.505716	2.000000	0.232418	1.767582	2.125333	1.532089	0.213000	1.319089	1.604643	-1.285575	-0.093000	-1.192575	1.409595	31740.342736
747822332573.000000 0.007091 1.512807	2.000000	0.270601	1.729399	2.143886	1.532089	0.244000	1.288089	1.618462	-1.285575	-0.117000	-1.168575	1.422131	33559.205514
747822350467.000000 0.008613 1.521418	2.000000	0.270601	1.729399	2.166547	1.532089	0.244000	1.288089	1.635340	-1.285575	-0.117000	-1.168575	1.437444	33559.205514
747822364646.000000 0.006824 1.528240	2.000000	0.270601	1.729399	2.184583	1.532089	0.244000	1.288089	1.648774	-1.285575	-0.117000	-1.168575	1.449631	33559.205514
747822378688.000000 0.006758 1.534996	2.000000	0.270601	1.729399	2.202524	1.532089	0.244000	1.288089	1.662137	-1.285575	-0.117000	-1.168575	1.461754	33559.205514
747822392915.000000 0.006848 1.541843	2.000000	0.270601	1.729399	2.220784	1.532089	0.244000	1.288089	1.675737	-1.285575	-0.117000	-1.168575	1.474092	33559.205514
747822407024.000000 0.006791 1.548631	2.000000	0.270601	1.729399	2.238971	1.532089	0.244000	1.288089	1.689283	-1.285575	-0.117000	-1.168575	1.486382	33559.205514
747822421718.000000 0.007072 1.555702	2.000000	0.270601	1.729399	2.257998	1.532089	0.244000	1.288089	1.703455	-1.285575	-0.117000	-1.168575	1.499238	33559.205514
747822435663.000000 0.006712 1.562412	2.000000	0.270601	1.729399	2.276134	1.532089	0.244000	1.288089	1.716962	-1.285575	-0.117000	-1.168575	1.511492	33559.205514
747822450950.000000 0.007357 1.569768	2.000000	0.270601	1.729399	2.296107	1.532089	0.244000	1.288089	1.731839	-1.285575	-0.117000	-1.168575	1.524989	33559.205514
747822465051.000000 0.006787 1.576554	2.000000	0.270601	1.729399	2.314612	1.532089	0.244000	1.288089	1.745622	-1.285575	-0.117000	-1.168575	1.537493	33559.205514
747822479569.000000 0.006987 1.583539	2.000000	0.270601	1.729399	2.333748	1.532089	0.244000	1.288089	1.759875	-1.285575	-0.117000	-1.168575	1.550423	33559.205514
747822493987.000000 0.006940 1.590477	2.000000	0.270601	1.729399	2.352836	1.532089	0.244000	1.288089	1.774092	-1.285575	-0.117000	-1.168575	1.563321	33559.205514
747822508172.000000 0.006828 1.597303	2.000000	0.270601	1.729399	2.371697	1.532089	0.244000	1.288089	1.788139	-1.285575	-0.117000	-1.168575	1.576066	33559.205514
747822522782.000000 0.007032 1.604334	2.000000	0.270601	1.729399	2.391208	1.532089	0.244000	1.288089	1.802672	-1.285575	-0.117000	-1.168575	1.589249	33559.205514
747822538342.000000 0.007490 1.611822	2.000000	0.312194	1.687806	2.411583	1.532089	0.277000	1.255089	1.817823	-1.285575	-0.144000	-1.141575	1.603031	30292.340675
747822554656.000000 0.007852 1.619672	2.000000	0.312194	1.687806	2.433048	1.532089	0.277000	1.255089	1.833785	-1.285575	-0.144000	-1.141575	1.617549	30292.340675
747822572740.000000 0.008703 1.628373	2.000000	0.312194	1.687806	2.456968	1.532089	0.277000	1.255089	1.851573	-1.285575	-0.144000	-1.141575	1.633728	30292.340675
747822589215.000000 0.007929 1.636300	2.000000	0.312194	1.687806	2.478866	1.532089	0.277000	1.255089	1.867857	-1.285575	-0.144000	-1.141575	1.648539	30292.340675
747822603717.000000 0.006980 1.643278	2.000000	0.312194	1.687806	2.498225	1.532089	0.277000	1.255089	1.882252	-1.285575	-0.144000	-1.141575	1.661632	30292.340675
747822618473.000000 0.007102 1.650378	2.000000	0.312194	1.687806	2.518007	1.532089	0.277000	1.255089	1.896963	-1.285575	-0.144000	-1.141575	1.675012	30292.340675
747822633114.000000 0.007047 1.657424	2.000000	0.312194	1.687806	2.537721	1.532089	0.277000	1.255089	1.911622	-1.285575	-0.144000	-1.141575	1.688346	30292.340675
747822648940.000000 0.007617 1.665040	2.000000	0.312194	1.687806	2.559127	1.532089	0.277000	1.255089	1.927540	-1.285575	-0.144000	-1.141575	1.702825	30292.340675
747822663546.000000 0.007030 1.672068	2.000000	0.312194	1.687806	2.578966	1.532089	0.277000	1.255089	1.942293	-1.285575	-0.144000	-1.141575	1.716243	30292.340675
747822678699.000000 0.007293 1.679360	2.000000	0.312194	1.687806	2.599639	1.532089	0.277000	1.255089	1.957666	-1.285575	-0.144000	-1.141575	1.730225	30292.340675
747822693153.000000 0.006957 1.686314	2.000000	0.312194	1.687806	2.619438	1.532089	0.277000	1.255089	1.972389	-1.285575	-0.144000	-1.141575	1.743617	30292.340675
747822707612.000000 0.006959 1.693272	2.000000	0.312194	1.687806	2.639327	1.532089	0.277000	1.255089	1.987178	-1.285575	-0.144000	-1.141575	1.757069	30292.340675
747822722706.000000 0.007265 1.700536	2.000000	0.312194	1.687806	2.660179	1.532089	0.277000	1.255089	2.002684	-1.285575	-0.144000	-1.141575	1.771172	30292.340675
747822736780.000000 0.006774 1.707307	2.000000	0.312194	1.687806	2.679698	1.532089	0.277000	1.255089	2.017199	-1.285575	-0.144000	-1.141575	1.784374	30292.340675
747822753117.000000 0.007863 1.715170	2.000000	0.356753	1.643247	2.701860	1.532089	0.312000	1.220089	2.033654	-1.285575	-0.173000	-1.112575	1.799379	24336.464132
747822769549.000000 0.007908 1.723076	2.000000	0.356753	1.643247	2.724252	1.532089	0.312000	1.220089	2.050280	-1.285575	-0.173000	-1.112575	1.814540	24336.464132
747822783917.000000 0.006915 1.729989	2.000000	0.356753	1.643247	2.743910	1.532089	0.312000	1.220089	2.064876	-1.285575	-0.173000	-1.112575	1.827850	24336.464132
747822798192.000000 0.006870 1.736858	2.000000	0.356753	1.643247	2.763519	1.532089	0.312000	1.220089	2.079436	-1.285575	-0.173000	-1.112575	1.841127	24336.464132
747822812273.000000 0.006777 1.743633	2.000000	0.356753	1.643247	2.782937	1.532089	0.312000	1.220089	2.093853	-1.285575	-0.173000	-1.112575	1.854274	24336.464132
747822826174.000000 0.006690 1.750323	2.000000	0.356753	1.643247	2.802180	1.532089	0.312000	1.220089	2.108141	-1.285575	-0.173000	-1.112575	1.867302	24336.464132
747822840701.000000 0.006992 1.757314	2.000000	0.356753	1.643247	2.822370	1.532089	0.312000	1.220089	2.123132	-1.285575	-0.173000	-1.112575	1.880972	24336.464132
747822854763.000000 0.006768 1.764080	2.000000	0.356753	1.643247	2.841990	1.532089	0.312000	1.220089	2.137699	-1.285575	-0.173000	-1.112575	1.894256	24336.464132
747822868968.000000 0.006837 1.770915	2.000000	0.356753	1.643247	2.861885	1.532089	0.312000	1.220089	2.152471	-1.285575	-0.173000	-1.112575	1.907726	24336.464132
747822883237.000000 0.006868 1.777781	2.000000	0.356753	1.643247	2.881947	1.532089	0.312000	1.220089	2.167367	-1.285575	-0.173000	-1.112575	1.921309	24336.464132
747822897578.000000 0.006903 1.784683	2.000000	0.356753	1.643247	2.902191	1.532089	0.312000	1.220089	2.182397	-1.285575	-0.173000	-1.112575	1.935015	24336.464132
747822913116.000000 0.007479 1.792159	2.000000	0.356753	1.643247	2.924215	1.532089	0.312000	1.220089	2.198750	-1.285575	-0.173000	-1.112575	1.949927	24336.464132
747822927183.000000 0.006771 1.798928	2.000000	0.356753	1.643247	2.944230	1.532089	0.312000	1.220089	2.213611	-1.285575	-0.173000	-1.112575	1.963479	24336.464132
747822940984.000000 0.006642 1.805568	2.000000	0.356753	1.643247	2.963938	1.532089	0.312000	1.220089	2.228244	-1.285575	-0.173000	-1.112575	1.976822	24336.464132
747822955510.000000 0.006992 1.812558	2.000000	0.404249	1.595751	2.984161	1.532089	0.349000	1.183089	2.243237	-1.285575	-0.204000	-1.081575	1.990529	24523.082138
747822971802.000000 0.007841 1.820398	2.000000	0.404249	1.595751	3.006938	1.532089	0.349000	1.183089	2.260124	-1.285575	-0.204000	-1.081575	2.005967	24523.082138
747822986090.000000 0.006877 1.827273	2.000000	0.404249	1.595751	3.026991	1.532089	0.349000	1.183089	2.274992	-1.285575	-0.204000	-1.081575	2.019558	24523.082138
747823000801.000000 0.007081 1.834352	2.000000	0.404249	1.595751	3.047718	1.532089	0.349000	1.183089	2.290358	-1.285575	-0.204000	-1.081575	2.033607	24523.082138
747823016215.000000 0.007419 1.841769	2.000000	0.404249	1.595751	3.069522	1.532089	0.349000	1.183089	2.306524	-1.285575	-0.204000	-1.081575	2.048385	24523.082138
747823030551.000000 0.006900 1.848668	2.000000	0.404249	1.595751	3.089878	1.532089	0.349000	1.183089	2.321616	-1.285575	-0.204000	-1.081575	2.062182	24523.082138
747823045232.000000 0.007066 1.855732	2.000000	0.404249	1.595751	3.110802	1.532089	0.349000	1.183089	2.337129	-1.285575	-0.204000	-1.081575	2.076364	24523.082138
747823060445.000000 0.007322 1.863052	2.000000	0.404249	1.595751	3.132571	1.532089	0.349000	1.183089	2.353268	-1.285575	-0.204000	-1.081575	2.091119	24523.082138
747823075410.000000 0.007202 1.870254	2.000000	0.404249	1.595751	3.154067	1.532089	0.349000	1.183089	2.369205	-1.285575	-0.204000	-1.081575	2.105688	24523.082138
747823089819.000000 0.006935 1.877187	2.000000	0.404249	1.595751	3.174841	1.532089	0.349000	1.183089	2.384607	-1.285575	-0.204000	-1.081575	2.119768	24523.082138
747823104455.000000 0.007044 1.884229	2.000000	0.404249	1.595751	3.196021	1.532089	0.349000	1.183089	2.400310	-1.285575	-0.204000	-1.081575	2.134124	24523.082138
747823119216.000000 0.007104 1.891333	2.000000	0.404249	1.595751	3.217462	1.532089	0.349000	1.183089	2.416206	-1.285575	-0.204000	-1.081575	2.148657	24523.082138
747823134853.000000 0.007526 1.898856	2.000000	0.404249	1.595751	3.240266	1.532089	0.349000	1.183089	2.433113	-1.285575	-0.204000	-1.081575	2.164113	24523.082138
747823149144.000000 0.006878 1.905733	2.000000	0.404249	1.595751	3.261183	1.532089	0.349000	1.183089	2.448621	-1.285575	-0.204000	-1.081575	2.178290	24523.082138
747823164910.000000 0.007588 1.913320	2.000000	0.454991	1.545009	3.283615	1.532089	0.389000	1.143089	2.465218	-1.285575	-0.236000	-1.049575	2.193529	23000.530399
747823181904.000000 0.008179 1.921498	2.000000	0.454991	1.545009	3.307897	1.532089	0.389000	1.143089	2.483183	-1.285575	-0.236000	-1.049575	2.210025	23000.530399
747823196618.000000 0.007082 1.928578	2.000000	0.454991	1.545009	3.329000	1.532089	0.389000	1.143089	2.498796	-1.285575	-0.236000	-1.049575	2.224360	23000.530399
747823211204.000000 0.007021 1.935597	2.000000	0.454991	1.545009	3.349995	1.532089	0.389000	1.143089	2.514330	-1.285575	-0.236000	-1.049575	2.238623	23000.530399
747823225867.000000 0.007057 1.942652	2.000000	0.454991	1.545009	3.371177	1.532089	0.389000	1.143089	2.530001	-1.285575	-0.236000	-1.049575	2.253012	23000.530399
747823240153.000000 0.006876 1.949526	2.000000	0.454991	1.545009	3.391887	1.532089	0.389000	1.143089	2.545323	-1.285575	-0.236000	-1.049575	2.267081	23000.530399
747823255057.000000 0.007173 1.956698	2.000000	0.454991	1.545009	3.413572	1.532089	0.389000	1.143089	2.561367	-1.285575	-0.236000	-1.049575	2.281813	23000.530399
747823268808.000000 0.006619 1.963315	2.000000	0.454991	1.545009	3.433649	1.532089	0.389000	1.143089	2.576221	-1.285575	-0.236000	-1.049575	2.295452	23000.530399
747823282888.000000 0.006777 1.970090	2.000000	0.454991	1.545009	3.454276	1.532089	0.389000	1.143089	2.591482	-1.285575	-0.236000	-1.049575	2.309464	23000.530399
747823296691.000000 0.006643 1.976731	2.000000	0.454991	1.545009	3.474565	1.532089	0.389000	1.143089	2.606494	-1.285575	-0.236000	-1.049575	2.323247	23000.530399
747823310499.000000 0.006646 1.983376	2.000000	0.454991	1.545009	3.494930	1.532089	0.389000	1.143089	2.621561	-1.285575	-0.236000	-1.049575	2.337082	23000.530399
747823324227.000000 0.006607 1.989982	2.000000	0.454991	1.545009	3.515244	1.532089	0.389000	1.143089	2.636590	-1.285575	-0.236000	-1.049575	2.350882	23000.530399
747823338120.000000 0.006687 1.996667	2.000000	0.454991	1.545009	3.535871	1.532089	0.389000	1.143089	2.651852	-1.285575	-0.236000	-1.049575	2.364895	23000.530399
747823352467.000000 0.006905 2.003570	2.000000	0.454991	1.545009	3.557246	1.532089	0.389000	1.143089	2.667666	-1.285575	-0.236000	-1.049575	2.379415	23000.530399
747823367043.000000 0.007028 2.010598	2.000000	0.509435	1.490565	3.578308	1.532089	0.432000	1.100089	2.683210	-1.285575	-0.270000	-1.015575	2.393766	21367.369389
747823382919.000000 0.007642 2.018226	2.000000	0.509435	1.490565	3.601297	1.532089	0.432000	1.100089	2.700177	-1.285575	-0.270000	-1.015575	2.409429	21367.369389
747823397789.000000 0.007157 2.025379	2.000000	0.509435	1.490565	3.622903	1.532089	0.432000	1.100089	2.716123	-1.285575	-0.270000	-1.015575	2.424150	21367.369389
747823411728.000000 0.006709 2.032088	2.000000	0.509435	1.490565	3.643225	1.532089	0.432000	1.100089	2.731121	-1.285575	-0.270000	-1.015575	2.437996	21367.369389
747823425528.000000 0.006642 2.038727	2.000000	0.509435	1.490565	3.663409	1.532089	0.432000	1.100089	2.746018	-1.285575	-0.270000	-1.015575	2.451748	21367.369389
747823439274.000000 0.006616 2.045341	2.000000	0.509435	1.490565	3.683579	1.532089	0.432000	1.100089	2.760904	-1.285575	-0.270000	-1.015575	2.465490	21367.369389
747823453161.000000 0.006684 2.052023	2.000000	0.509435	1.490565	3.704022	1.532089	0.432000	1.100089	2.775992	-1.285575	-0.270000	-1.015575	2.479419	21367.369389
747823466874.000000 0.006601 2.058623	2.000000	0.509435	1.490565	3.724276	1.532089	0.432000	1.100089	2.790940	-1.285575	-0.270000	-1.015575	2.493219	21367.369389
747823480782.000000 0.006694 2.065315	2.000000	0.509435	1.490565	3.744883	1.532089	0.432000	1.100089	2.806148	-1.285575	-0.270000	-1.015575	2.507259	21367.369389
747823495518.000000 0.007092 2.072405	2.000000	0.509435	1.490565	3.766791	1.532089	0.432000	1.100089	2.822318	-1.285575	-0.270000	-1.015575	2.522186	21367.369389
747823509437.000000 0.006700 2.079104	2.000000	0.509435	1.490565	3.787554	1.532089	0.432000	1.100089	2.837641	-1.285575	-0.270000	-1.015575	2.536332	21367.369389
747823523594.000000 0.006814 2.085915	2.000000	0.509435	1.490565	3.808739	1.532089	0.432000	1.100089	2.853276	-1.285575	-0.270000	-1.015575	2.550766	21367.369389
747823537717.000000 0.006798 2.092712	2.000000	0.509435	1.490565	3.829943	1.532089	0.432000	1.100089	2.868926	-1.285575	-0.270000	-1.015575	2.565214	21367.369389
747823551913.000000 0.006832 2.099542	2.000000	0.509435	1.490565	3.851325	1.532089	0.432000	1.100089	2.884707	-1.285575	-0.270000	-1.015575	2.579782	21367.369389
747823566389.000000 0.006968 2.106509	2.000000	0.509435	1.490565	3.873203	1.532089	0.432000	1.100089	2.900853	-1.285575	-0.270000	-1.015575	2.594688	21367.369389
747823581747.000000 0.007392 2.113900	2.000000	0.565873	1.434127	3.895613	1.532089	0.476000	1.056089	2.917356	-1.285575	-0.306000	-0.979575	2.609995	19674.432944
747823599811.000000 0.008695 2.122592	2.000000	0.565873	1.434127	3.922080	1.532089	0.476000	1.056089	2.936846	-1.285575	-0.306000	-0.979575	2.628073	19674.432944
747823615231.000000 0.007422 2.130012	2.000000	0.565873	1.434127	3.944753	1.532089	0.476000	1.056089	2.953543	-1.285575	-0.306000	-0.979575	2.643560	19674.432944
747823629393.000000 0.006816 2.136825	2.000000	0.565873	1.434127	3.965641	1.532089	0.476000	1.056089	2.968924	-1.285575	-0.306000	-0.979575	2.657827	19674.432944
747823643613.000000 0.006844 2.143668	2.000000	0.565873	1.434127	3.986681	1.532089	0.476000	1.056089	2.984419	-1.285575	-0.306000	-0.979575	2.672199	19674.432944
747823657496.000000 0.006683 2.150349	2.000000	0.565873	1.434127	4.007290	1.532089	0.476000	1.056089	2.999595	-1.285575	-0.306000	-0.979575	2.686276	19674.432944
747823671671.000000 0.006822 2.157169	2.000000	0.565873	1.434127	4.028396	1.532089	0.476000	1.056089	3.015137	-1.285575	-0.306000	-0.979575	2.700692	19674.432944
747823686144.000000 0.006966 2.164134	2.000000	0.565873	1.434127	4.050015	1.532089	0.476000	1.056089	3.031058	-1.285575	-0.306000	-0.979575	2.715459	19674.432944
747823700214.000000 0.006773 2.170904	2.000000	0.565873	1.434127	4.071101	1.532089	0.476000	1.056089	3.046585	-1.285575	-0.306000	-0.979575	2.729862	19674.432944
747823714499.000000 0.006876 2.177778	2.000000	0.565873	1.434127	4.092576	1.532089	0.476000	1.056089	3.062399	-1.285575	-0.306000	-0.979575	2.744530	19674.432944
747823728958.000000 0.006959 2.184735	2.000000	0.565873	1.434127	4.114381	1.532089	0.476000	1.056089	3.078456	-1.285575	-0.306000	-0.979575	2.759424	19674.432944
747823743048.000000 0.006781 2.191515	2.000000	0.565873	1.434127	4.135695	1.532089	0.476000	1.056089	3.094152	-1.285575	-0.306000	-0.979575	2.773982	19674.432944
747823758379.000000 0.007379 2.198892	2.000000	0.565873	1.434127	4.158963	1.532089	0.476000	1.056089	3.111286	-1.285575	-0.306000	-0.979575	2.789875	19674.432944
747823772634.000000 0.006861 2.205751	2.000000	0.565873	1.434127	4.180666	1.532089	0.476000	1.056089	3.127269	-1.285575	-0.306000	-0.979575	2.804700	19674.432944
747823787882.000000 0.007339 2.213089	2.000000	0.625991	1.374009	4.202982	1.532089	0.523000	1.009089	3.143657	-1.285575	-0.344000	-0.941575	2.819992	17872.706860
747823805722.000000 0.008586 2.221675	2.000000	0.625991	1.374009	4.229192	1.532089	0.523000	1.009089	3.162907	-1.285575	-0.344000	-0.941575	2.837953	17872.706860
747823821451.000000 0.007571 2.229244	2.000000	0.625991	1.374009	4.252383	1.532089	0.523000	1.009089	3.179938	-1.285575	-0.344000	-0.941575	2.853845	17872.706860
747823836188.000000 0.007093 2.236334	2.000000	0.625991	1.374009	4.274178	1.532089	0.523000	1.009089	3.195945	-1.285575	-0.344000	-0.941575	2.868781	17872.706860
747823850935.000000 0.007098 2.243430	2.000000	0.625991	1.374009	4.296058	1.532089	0.523000	1.009089	3.212014	-1.285575	-0.344000	-0.941575	2.883775	17872.706860
747823864813.000000 0.006679 2.250107	2.000000	0.625991	1.374009	4.316709	1.532089	0.523000	1.009089	3.227180	-1.285575	-0.344000	-0.941575	2.897926	17872.706860
747823878852.000000 0.006757 2.256863	2.000000	0.625991	1.374009	4.337663	1.532089	0.523000	1.009089	3.242569	-1.285575	-0.344000	-0.941575	2.912286	17872.706860
747823892692.000000 0.006661 2.263522	2.000000	0.625991	1.374009	4.358380	1.532089	0.523000	1.009089	3.257784	-1.285575	-0.344000	-0.941575	2.926482	17872.706860
747823906614.000000 0.006701 2.270222	2.000000	0.625991	1.374009	4.379282	1.532089	0.523000	1.009089	3.273135	-1.285575	-0.344000	-0.941575	2.940806	17872.706860
747823920434.000000 0.006652 2.276872	2.000000	0.625991	1.374009	4.400091	1.532089	0.523000	1.009089	3.288417	-1.285575	-0.344000	-0.941575	2.955066	17872.706860
747823934552.000000 0.006795 2.283665	2.000000	0.625991	1.374009	4.421412	1.532089	0.523000	1.009089	3.304075	-1.285575	-0.344000	-0.941575	2.969677	17872.706860
747823948385.000000 0.006658 2.290322	2.000000	0.625991	1.374009	4.442364	1.532089	0.523000	1.009089	3.319462	-1.285575	-0.344000	-0.941575	2.984035	17872.706860
747823962407.000000 0.006749 2.297069	2.000000	0.625991	1.374009	4.463664	1.532089	0.523000	1.009089	3.335106	-1.285575	-0.344000	-0.941575	2.998631	17872.706860
747823976318.000000 0.006695 2.303763	2.000000	0.625991	1.374009	4.484857	1.532089	0.523000	1.009089	3.350670	-1.285575	-0.344000	-0.941575	3.013154	17872.706860
747823990117.000000 0.006642 2.310403	2.000000	0.686166	1.313834	4.505019	1.532089	0.570000	0.962089	3.365434	-1.285575	-0.382000	-0.903575	3.027020	16080.956053
747824006731.000000 0.007996 2.318398	2.000000	0.686166	1.313834	4.529376	1.532089	0.570000	0.962089	3.383270	-1.285575	-0.382000	-0.903575	3.043771	16080.956053
747824021646.000000 0.007179 2.325575	2.000000	0.686166	1.313834	4.551310	1.532089	0.570000	0.962089	3.399332	-1.285575	-0.382000	-0.903575	3.058857	16080.956053
747824037262.000000 0.007516 2.333089	2.000000	0.686166	1.313834	4.574350	1.532089	0.570000	0.962089	3.416203	-1.285575	-0.382000	-0.903575	3.074702	16080.956053
747824053019.000000 0.007584 2.340671	2.000000	0.686166	1.313834	4.597672	1.532089	0.570000	0.962089	3.433282	-1.285575	-0.382000	-0.903575	3.090742	16080.956053
747824067039.000000 0.006748 2.347417	2.000000	0.686166	1.313834	4.618483	1.532089	0.570000	0.962089	3.448521	-1.285575	-0.382000	-0.903575	3.105054	16080.956053
747824081421.000000 0.006922 2.354338	2.000000	0.686166	1.313834	4.639894	1.532089	0.570000	0.962089	3.464200	-1.285575	-0.382000	-0.903575	3.119780	16080.956053
747824095942.000000 0.006989 2.361326	2.000000	0.686166	1.313834	4.661578	1.532089	0.570000	0.962089	3.480078	-1.285575	-0.382000	-0.903575	3.134692	16080.956053
747824111180.000000 0.007334 2.368657	2.000000	0.686166	1.313834	4.684401	1.532089	0.570000	0.962089	3.496791	-1.285575	-0.382000	-0.903575	3.150388	16080.956053
747824125834.000000 0.007053 2.375709	2.000000	0.686166	1.313834	4.706416	1.532089	0.570000	0.962089	3.512913	-1.285575	-0.382000	-0.903575	3.165529	16080.956053
747824140268.000000 0.006947 2.382654	2.000000	0.686166	1.313834	4.728163	1.532089	0.570000	0.962089	3.528837	-1.285575	-0.382000	-0.903575	3.180486	16080.956053
747824154918.000000 0.007051 2.389703	2.000000	0.686166	1.313834	4.750301	1.532089	0.570000	0.962089	3.545048	-1.285575	-0.382000	-0.903575	3.195710	16080.956053
747824169021.000000 0.006788 2.396494	2.000000	0.686166	1.313834	4.771674	1.532089	0.570000	0.962089	3.560699	-1.285575	-0.382000	-0.903575	3.210410	16080.956053
747824183356.000000 0.006899 2.403388	2.000000	0.686166	1.313834	4.793460	1.532089	0.570000	0.962089	3.576652	-1.285575	-0.382000	-0.903575	3.225392	16080.956053
747824198022.000000 0.007059 2.410445	2.000000	0.746384	1.253616	4.814789	1.532089	0.617000	0.915089	3.592222	-1.285575	-0.420000	-0.865575	3.240120	14287.929590
747824219095.000000 0.010142 2.420586	2.000000	0.746384	1.253616	4.845565	1.532089	0.617000	0.915089	3.614687	-1.285575	-0.420000	-0.865575	3.261369	14287.929590
747824233394.000000 0.006882 2.427466	2.000000	0.746384	1.253616	4.866509	1.532089	0.617000	0.915089	3.629976	-1.285575	-0.420000	-0.865575	3.275831	14287.929590
747824248521.000000 0.007281 2.434745	2.000000	0.746384	1.253616	4.888732	1.532089	0.617000	0.915089	3.646198	-1.285575	-0.420000	-0.865575	3.291175	14287.929590
747824263111.000000 0.007023 2.441765	2.000000	0.746384	1.253616	4.910229	1.532089	0.617000	0.915089	3.661889	-1.285575	-0.420000	-0.865575	3.306017	14287.929590
747824278390.000000 0.007354 2.449118	2.000000	0.746384	1.253616	4.932806	1.532089	0.617000	0.915089	3.678369	-1.285575	-0.420000	-0.865575	3.321606	14287.929590
747824292730.000000 0.006902 2.456019	2.000000	0.746384	1.253616	4.954057	1.532089	0.617000	0.915089	3.693882	-1.285575	-0.420000	-0.865575	3.336279	14287.929590
747824306699.000000 0.006723 2.462740	2.000000	0.746384	1.253616	4.974814	1.532089	0.617000	0.915089	3.709034	-1.285575	-0.420000	-0.865575	3.350611	14287.929590
747824323634.000000 0.008151 2.470890	2.000000	0.746384	1.253616	5.000062	1.532089	0.617000	0.915089	3.727464	-1.285575	-0.420000	-0.865575	3.368044	14287.929590
747824343571.000000 0.009596 2.480484	2.000000	0.746384	1.253616	5.029901	1.532089	0.617000	0.915089	3.749245	-1.285575	-0.420000	-0.865575	3.388646	14287.929590
747824360947.000000 0.008363 2.488843	2.000000	0.746384	1.253616	5.055993	1.532089	0.617000	0.915089	3.768291	-1.285575	-0.420000	-0.865575	3.406662	14287.929590
747824378967.000000 0.008674 2.497516	2.000000	0.746384	1.253616	5.083150	1.532089	0.617000	0.915089	3.788115	-1.285575	-0.420000	-0.865575	3.425413	14287.929590
747824396310.000000 0.008348 2.505862	2.000000	0.746384	1.253616	5.109375	1.532089	0.617000	0.915089	3.807258	-1.285575	-0.420000	-0.865575	3.443520	14287.929590
747824416843.000000 0.009882 2.515741	2.000000	0.806635	1.193365	5.139044	1.532089	0.664000	0.868089	3.828840	-1.285575	-0.458000	-0.827575	3.464095	12493.913164
747824443199.000000 0.012684 2.528423	2.000000	0.806635	1.193365	5.177316	1.532089	0.664000	0.868089	3.856680	-1.285575	-0.458000	-0.827575	3.490636	12493.913164
747824460898.000000 0.008519 2.536940	2.000000	0.806635	1.193365	5.203106	1.532089	0.664000	0.868089	3.875441	-1.285575	-0.458000	-0.827575	3.508521	12493.913164
747824478268.000000 0.008360 2.545297	2.000000	0.806635	1.193365	5.228499	1.532089	0.664000	0.868089	3.893912	-1.285575	-0.458000	-0.827575	3.526130	12493.913164
747824500591.000000 0.010744 2.556040	2.000000	0.806635	1.193365	5.261270	1.532089	0.664000	0.868089	3.917750	-1.285575	-0.458000	-0.827575	3.548856	12493.913164
747824526981.000000 0.012701 2.568739	2.000000	0.806635	1.193365	5.300203	1.532089	0.664000	0.868089	3.946071	-1.285575	-0.458000	-0.827575	3.575855	12493.913164
747824556406.000000 0.014161 2.582899	2.000000	0.806635	1.193365	5.343853	1.532089	0.664000	0.868089	3.977824	-1.285575	-0.458000	-0.827575	3.606126	12493.913164
747824584542.000000 0.013542 2.596437	2.000000	0.806635	1.193365	5.385812	1.532089	0.664000	0.868089	4.008346	-1.285575	-0.458000	-0.827575	3.635224	12493.913164
747824603225.000000 0.008993 2.605428	2.000000	0.806635	1.193365	5.413773	1.532089	0.664000	0.868089	4.028686	-1.285575	-0.458000	-0.827575	3.654614	12493.913164
747824625851.000000 0.010889 2.616314	2.000000	0.866912	1.133088	5.446055	1.532089	0.711000	0.821089	4.052079	-1.285575	-0.496000	-0.789575	3.677109	10699.113185
747824649541.000000 0.011402 2.627714	2.000000	0.866912	1.133088	5.480003	1.532089	0.711000	0.821089	4.076679	-1.285575	-0.496000	-0.789575	3.700766	10699.113185
747824669475.000000 0.009594 2.637305	2.000000	0.866912	1.133088	5.508673	1.532089	0.711000	0.821089	4.097455	-1.285575	-0.496000	-0.789575	3.720744	10699.113185
747824690812.000000 0.010269 2.647572	2.000000	0.866912	1.133088	5.539478	1.532089	0.711000	0.821089	4.119778	-1.285575	-0.496000	-0.789575	3.742210	10699.113185
747824709672.000000 0.009078 2.656649	2.000000	0.866912	1.133088	5.566805	1.532089	0.711000	0.821089	4.139580	-1.285575	-0.496000	-0.789575	3.761253	10699.113185
747824732938.000000 0.011197 2.667844	2.000000	0.866912	1.133088	5.600654	1.532089	0.711000	0.821089	4.164108	-1.285575	-0.496000	-0.789575	3.784839	10699.113185
747824750274.000000 0.008344 2.676184	2.000000	0.866912	1.133088	5.625955	1.532089	0.711000	0.821089	4.182443	-1.285575	-0.496000	-0.789575	3.802470	10699.113185
747824764913.000000 0.007046 2.683228	2.000000	0.866912	1.133088	5.647376	1.532089	0.711000	0.821089	4.197966	-1.285575	-0.496000	-0.789575	3.817397	10699.113185
747824779748.000000 0.007140 2.690367	2.000000	0.866912	1.133088	5.669142	1.532089	0.711000	0.821089	4.213738	-1.285575	-0.496000	-0.789575	3.832564	10699.113185
747824794289.000000 0.006999 2.697364	2.000000	0.866912	1.133088	5.690533	1.532089	0.711000	0.821089	4.229239	-1.285575	-0.496000	-0.789575	3.847470	10699.113185
747824809193.000000 0.007173 2.704536	2.000000	0.866912	1.133088	5.712515	1.532089	0.711000	0.821089	4.245168	-1.285575	-0.496000	-0.789575	3.862788	10699.113185
747824824714.000000 0.007471 2.712005	2.000000	0.928029	1.071971	5.734234	1.532089	0.759000	0.773089	4.260832	-1.285575	-0.534000	-0.751575	3.878016	8879.335350
747824842005.000000 0.008322 2.720326	2.000000	0.928029	1.071971	5.758503	1.532089	0.759000	0.773089	4.278334	-1.285575	-0.534000	-0.751575	3.895031	8879.335350
747824855780.000000 0.006630 2.726953	2.000000	0.928029	1.071971	5.777885	1.532089	0.759000	0.773089	4.292312	-1.285575	-0.534000	-0.751575	3.908620	8879.335350
747824870438.000000 0.007055 2.734006	2.000000	0.928029	1.071971	5.798561	1.532089	0.759000	0.773089	4.307223	-1.285575	-0.534000	-0.751575	3.923116	8879.335350
747824884296.000000 0.006670 2.740674	2.000000	0.928029	1.071971	5.818158	1.532089	0.759000	0.773089	4.321356	-1.285575	-0.534000	-0.751575	3.936856	8879.335350
747824899303.000000 0.007223 2.747897	2.000000	0.928029	1.071971	5.839435	1.532089	0.759000	0.773089	4.336701	-1.285575	-0.534000	-0.751575	3.951773	8879.335350
747824915603.000000 0.007845 2.755739	2.000000	0.928029	1.071971	5.862609	1.532089	0.759000	0.773089	4.353414	-1.285575	-0.534000	-0.751575	3.968021	8879.335350
747824931642.000000 0.007719 2.763457	2.000000	0.928029	1.071971	5.885476	1.532089	0.759000	0.773089	4.369905	-1.285575	-0.534000	-0.751575	3.984054	8879.335350
747824947342.000000 0.007557 2.771012	2.000000	0.928029	1.071971	5.907923	1.532089	0.759000	0.773089	4.386093	-1.285575	-0.534000	-0.751575	3.999791	8879.335350
747824966157.000000 0.009056 2.780066	2.000000	0.928029	1.071971	5.934911	1.532089	0.759000	0.773089	4.405557	-1.285575	-0.534000	-0.751575	4.018713	8879.335350
747824982809.000000 0.008015 2.788079	2.000000	0.928029	1.071971	5.958866	1.532089	0.759000	0.773089	4.422833	-1.285575	-0.534000	-0.751575	4.035509	8879.335350
747824999185.000000 0.007882 2.795958	2.000000	0.928029	1.071971	5.982490	1.532089	0.759000	0.773089	4.439870	-1.285575	-0.534000	-0.751575	4.052072	8879.335350
747825019234.000000 0.009649 2.805606	2.000000	0.988342	1.011658	6.009878	1.532089	0.806000	0.726089	4.459527	-1.285575	-0.572000	-0.713575	4.071390	8879.335350
747825042517.000000 0.011206 2.816810	2.000000	0.988342	1.011658	6.041810	1.532089	0.806000	0.726089	4.482445	-1.285575	-0.572000	-0.713575	4.093913	7083.459304
747825066115.000000 0.011358 2.828165	2.000000	0.988342	1.011658	6.074305	1.532089	0.806000	0.726089	4.505768	-1.285575	-0.572000	-0.713575	4.116834	7083.459304
747825087632.000000 0.010356 2.838520	2.000000	0.988342	1.011658	6.104044	1.532089	0.806000	0.726089	4.527112	-1.285575	-0.572000	-0.713575	4.137810	7083.459304
747825106539.000000 0.009099 2.847617	2.000000	0.988342	1.011658	6.130258	1.532089	0.806000	0.726089	4.545926	-1.285575	-0.572000	-0.713575	4.156300	7083.459304
747825123955.000000 0.008382 2.855997	2.000000	0.988342	1.011658	6.154476	1.532089	0.806000	0.726089	4.563308	-1.285575	-0.572000	-0.713575	4.173382	7083.459304
747825137618.000000 0.006576 2.862570	2.000000	0.988342	1.011658	6.173519	1.532089	0.806000	0.726089	4.576976	-1.285575	-0.572000	-0.713575	4.186814	7083.459304
747825152350.000000 0.007090 2.869660	2.000000	0.988342	1.011658	6.194103	1.532089	0.806000	0.726089	4.591750	-1.285575	-0.572000	-0.713575	4.201334	7083.459304
747825168838.000000 0.007935 2.877593	2.000000	0.988342	1.011658	6.217204	1.532089	0.806000	0.726089	4.608330	-1.285575	-0.572000	-0.713575	4.217628	7083.459304
747825218253.000000 0.023781 2.901373	2.000000	0.988342	1.011658	6.287005	1.532089	0.806000	0.726089	4.658427	-1.285575	-0.572000	-0.713575	4.266862	7083.459304
747825234594.000000 0.007866 2.909237	2.000000	1.048670	0.951330	6.308774	1.532089	0.853000	0.679089	4.673966	-1.285575	-0.610000	-0.675575	4.282321	5287.149317
747825251956.000000 0.008357 2.917591	2.000000	1.048670	0.951330	6.331969	1.532089	0.853000	0.679089	4.690524	-1.285575	-0.610000	-0.675575	4.298793	5287.149317
747825267939.000000 0.007692 2.925281	2.000000	1.048670	0.951330	6.353376	1.532089	0.853000	0.679089	4.705805	-1.285575	-0.610000	-0.675575	4.313995	5287.149317
747825282572.000000 0.007043 2.932322	2.000000	1.048670	0.951330	6.373022	1.532089	0.853000	0.679089	4.719829	-1.285575	-0.610000	-0.675575	4.327946	5287.149317
747825297217.000000 0.007048 2.939369	2.000000	1.048670	0.951330	6.392732	1.532089	0.853000	0.679089	4.733898	-1.285575	-0.610000	-0.675575	4.341943	5287.149317
747825311833.000000 0.007035 2.946401	2.000000	1.048670	0.951330	6.412450	1.532089	0.853000	0.679089	4.747974	-1.285575	-0.610000	-0.675575	4.355945	5287.149317
747825326202.000000 0.006916 2.953316	2.000000	1.048670	0.951330	6.431882	1.532089	0.853000	0.679089	4.761844	-1.285575	-0.610000	-0.675575	4.369744	5287.149317
747825339906.000000 0.006596 2.959910	2.000000	1.048670	0.951330	6.450454	1.532089	0.853000	0.679089	4.775102	-1.285575	-0.610000	-0.675575	4.382933	5287.149317
747825354234.000000 0.006896 2.966805	2.000000	1.048670	0.951330	6.469919	1.532089	0.853000	0.679089	4.788997	-1.285575	-0.610000	-0.675575	4.396756	5287.149317
747825368384.000000 0.006811 2.973613	2.000000	1.048670	0.951330	6.489186	1.532089	0.853000	0.679089	4.802750	-1.285575	-0.610000	-0.675575	4.410438	5287.149317
747825382475.000000 0.006782 2.980394	2.000000	1.048670	0.951330	6.508415	1.532089	0.853000	0.679089	4.816476	-1.285575	-0.610000	-0.675575	4.424093	5287.149317
747825397374.000000 0.007171 2.987564	2.000000	1.048670	0.951330	6.528795	1.532089	0.853000	0.679089	4.831024	-1.285575	-0.610000	-0.675575	4.438566	5287.149317
747825411707.000000 0.006899 2.994461	2.000000	1.048670	0.951330	6.548448	1.532089	0.853000	0.679089	4.845053	-1.285575	-0.610000	-0.675575	4.452522	5287.149317
747825425720.000000 0.006744 3.001203	2.000000	1.048670	0.951330	6.567704	1.532089	0.853000	0.679089	4.858799	-1.285575	-0.610000	-0.675575	4.466197	5287.149317
747825439477.000000 0.006621 3.007824	2.000000	1.109010	0.890990	6.585448	1.532089	0.900000	0.632089	4.871387	-1.285575	-0.648000	-0.637575	4.478894	5287.149317
747825454289.000000 0.007129 3.014951	2.000000	1.109010	0.890990	6.604600	1.532089	0.900000	0.632089	4.884974	-1.285575	-0.648000	-0.637575	4.492599	3490.476206
747825470636.000000 0.007868 3.022817	2.000000	1.109010	0.890990	6.625791	1.532089	0.900000	0.632089	4.900007	-1.285575	-0.648000	-0.637575	4.507763	3490.476206
747825484834.000000 0.006834 3.029649	2.000000	1.109010	0.890990	6.644238	1.532089	0.900000	0.632089	4.913094	-1.285575	-0.648000	-0.637575	4.520963	3490.476206
747825499355.000000 0.006989 3.036636	2.000000	1.109010	0.890990	6.663148	1.532089	0.900000	0.632089	4.926509	-1.285575	-0.648000	-0.637575	4.534495	3490.476206
747825513128.000000 0.006629 3.043263	2.000000	1.109010	0.890990	6.681124	1.532089	0.900000	0.632089	4.939262	-1.285575	-0.648000	-0.637575	4.547358	3490.476206
747825526765.000000 0.006563 3.049825	2.000000	1.109010	0.890990	6.698959	1.532089	0.900000	0.632089	4.951914	-1.285575	-0.648000	-0.637575	4.560121	3490.476206
747825540825.000000 0.006767 3.056591	2.000000	1.109010	0.890990	6.717388	1.532089	0.900000	0.632089	4.964988	-1.285575	-0.648000	-0.637575	4.573308	3490.476206
747825555104.000000 0.006873 3.063462	2.000000	1.109010	0.890990	6.736148	1.532089	0.900000	0.632089	4.978297	-1.285575	-0.648000	-0.637575	4.586732	3490.476206
747825569009.000000 0.006693 3.070153	2.000000	1.109010	0.890990	6.754456	1.532089	0.900000	0.632089	4.991285	-1.285575	-0.648000	-0.637575	4.599833	3490.476206
747825582589.000000 0.006537 3.076688	2.000000	1.109010	0.890990	6.772375	1.532089	0.900000	0.632089	5.003997	-1.285575	-0.648000	-0.637575	4.612655	3490.476206
747825596181.000000 0.006542 3.083228	2.000000	1.109010	0.890990	6.790347	1.532089	0.900000	0.632089	5.016747	-1.285575	-0.648000	-0.637575	4.625516	3490.476206
747825609902.000000 0.006604 3.089830	2.000000	1.109010	0.890990	6.808528	1.532089	0.900000	0.632089	5.029645	-1.285575	-0.648000	-0.637575	4.638526	3490.476206
747825623646.000000 0.006615 3.096444	2.000000	1.109010	0.890990	6.826778	1.532089	0.900000	0.632089	5.042592	-1.285575	-0.648000	-0.637575	4.651585	3490.476206
747825638895.000000 0.007340 3.103782	2.000000	1.109010	0.890990	6.847075	1.532089	0.900000	0.632089	5.056991	-1.285575	-0.648000	-0.637575	4.666110	3490.476206
747825652867.000000 0.006725 3.110506	2.000000	1.169361	0.830639	6.864450	1.532089	0.947000	0.585089	5.069229	-1.285575	-0.686000	-0.599575	4.678651	1693.496182
747825670806.000000 0.008634 3.119137	2.000000	1.169361	0.830639	6.886819	1.532089	0.947000	0.585089	5.084986	-1.285575	-0.686000	-0.599575	4.694798	1693.496182
747825685983.000000 0.007305 3.126441	2.000000	1.169361	0.830639	6.905790	1.532089	0.947000	0.585089	5.098349	-1.285575	-0.686000	-0.599575	4.708491	1693.496182
747825700849.000000 0.007155 3.133593	2.000000	1.169361	0.830639	6.924413	1.532089	0.947000	0.585089	5.111467	-1.285575	-0.686000	-0.599575	4.721934	1693.496182
747825715196.000000 0.006906 3.140497	2.000000	1.169361	0.830639	6.942427	1.532089	0.947000	0.585089	5.124156	-1.285575	-0.686000	-0.599575	4.734937	1693.496182
747825730590.000000 0.007409 3.147904	2.000000	1.169361	0.830639	6.961800	1.532089	0.947000	0.585089	5.137801	-1.285575	-0.686000	-0.599575	4.748921	1693.496182
747825745285.000000 0.007073 3.154976	2.000000	1.169361	0.830639	6.980336	1.532089	0.947000	0.585089	5.150858	-1.285575	-0.686000	-0.599575	4.762300	1693.496182
747825759665.000000 0.006922 3.161897	2.000000	1.169361	0.830639	6.998515	1.532089	0.947000	0.585089	5.163663	-1.285575	-0.686000	-0.599575	4.775423	1693.496182
747825773938.000000 0.006869 3.168762	2.000000	1.169361	0.830639	7.016597	1.532089	0.947000	0.585089	5.176399	-1.285575	-0.686000	-0.599575	4.788474	1693.496182
747825788189.000000 0.006859 3.175620	2.000000	1.169361	0.830639	7.034689	1.532089	0.947000	0.585089	5.189143	-1.285575	-0.686000	-0.599575	4.801534	1693.496182
747825803094.000000 0.007174 3.182793	2.000000	1.169361	0.830639	7.053654	1.532089	0.947000	0.585089	5.202502	-1.285575	-0.686000	-0.599575	4.815223	1693.496182
747825817898.000000 0.007125 3.189916	2.000000	1.169361	0.830639	7.072533	1.532089	0.947000	0.585089	5.215800	-1.285575	-0.686000	-0.599575	4.828851	1693.496182
747825832338.000000 0.006950 3.196865	2.000000	1.169361	0.830639	7.090988	1.532089	0.947000	0.585089	5.228800	-1.285575	-0.686000	-0.599575	4.842172	1693.496182
747825846971.000000 0.007043 3.203907	2.000000	1.169361	0.830639	7.109732	1.532089	0.947000	0.585089	5.242003	-1.285575	-0.686000	-0.599575	4.855702	1693.496182
747825862565.000000 0.007506 3.211410	2.000000	1.229720	0.770280	7.128299	1.532089	0.994000	0.538089	5.254972	-1.285575	-0.724000	-0.561575	4.869238	-103.745567
747825879827.000000 0.008309 3.219718	2.000000	1.229720	0.770280	7.148905	1.532089	0.994000	0.538089	5.269367	-1.285575	-0.724000	-0.561575	4.884261	-103.745567
747825893944.000000 0.006795 3.226510	2.000000	1.229720	0.770280	7.165794	1.532089	0.994000	0.538089	5.281165	-1.285575	-0.724000	-0.561575	4.896574	-103.745567
747825908077.000000 0.006802 3.233310	2.000000	1.229720	0.770280	7.182735	1.532089	0.994000	0.538089	5.293000	-1.285575	-0.724000	-0.561575	4.908925	-103.745567
747825922111.000000 0.006754 3.240063	2.000000	1.229720	0.770280	7.199592	1.532089	0.994000	0.538089	5.304776	-1.285575	-0.724000	-0.561575	4.921215	-103.745567
747825936215.000000 0.006789 3.246850	2.000000	1.229720	0.770280	7.216571	1.532089	0.994000	0.538089	5.316636	-1.285575	-0.724000	-0.561575	4.933593	-103.745567
747825950643.000000 0.006944 3.253792	2.000000	1.229720	0.770280	7.233975	1.532089	0.994000	0.538089	5.328794	-1.285575	-0.724000	-0.561575	4.946281	-103.745567
747825964556.000000 0.006697 3.260487	2.000000	1.229720	0.770280	7.250794	1.532089	0.994000	0.538089	5.340543	-1.285575	-0.724000	-0.561575	4.958543	-103.745567
747825978088.000000 0.006513 3.266998	2.000000	1.229720	0.770280	7.267183	1.532089	0.994000	0.538089	5.351992	-1.285575	-0.724000	-0.561575	4.970492	-103.745567
747825991913.000000 0.006654 3.273650	2.000000	1.229720	0.770280	7.283962	1.532089	0.994000	0.538089	5.363713	-1.285575	-0.724000	-0.561575	4.982725	-103.745567
747826006042.000000 0.006800 3.280449	2.000000	1.229720	0.770280	7.301145	1.532089	0.994000	0.538089	5.375717	-1.285575	-0.724000	-0.561575	4.995252	-103.745567
747826019509.000000 0.006482 3.286931	2.000000	1.229720	0.770280	7.317557	1.532089	0.994000	0.538089	5.387181	-1.285575	-0.724000	-0.561575	5.007217	-103.745567
747826032880.000000 0.006435 3.293364	2.000000	1.229720	0.770280	7.333883	1.532089	0.994000	0.538089	5.398586	-1.285575	-0.724000	-0.561575	5.019119	-103.745567
747826047094.000000 0.006842 3.300204	2.000000	1.229720	0.770280	7.351275	1.532089	0.994000	0.538089	5.410735	-1.285575	-0.724000	-0.561575	5.031799	-103.745567
747826060868.000000 0.006630 3.306832	2.000000	1.229720	0.770280	7.368162	1.532089	0.994000	0.538089	5.422532	-1.285575	-0.724000	-0.561575	5.044111	-103.745567
747826074770.000000 0.006691 3.313522	2.000000	1.290087	0.709913	7.383902	1.532089	1.041000	0.491089	5.433421	-1.285575	-0.762000	-0.523575	5.055720	-1901.212304
747826094933.000000 0.009704 3.323224	2.000000	1.290087	0.709913	7.406797	1.532089	1.041000	0.491089	5.449258	-1.285575	-0.762000	-0.523575	5.072605	-1901.212304
747826111658.000000 0.008050 3.331272	2.000000	1.290087	0.709913	7.425834	1.532089	1.041000	0.491089	5.462427	-1.285575	-0.762000	-0.523575	5.086645	-1901.212304
747826127980.000000 0.007856 3.339126	2.000000	1.290087	0.709913	7.444456	1.532089	1.041000	0.491089	5.475309	-1.285575	-0.762000	-0.523575	5.100379	-1901.212304
747826144147.000000 0.007781 3.346905	2.000000	1.290087	0.709913	7.462945	1.532089	1.041000	0.491089	5.488099	-1.285575	-0.762000	-0.523575	5.114015	-1901.212304
747826160366.000000 0.007806 3.354710	2.000000	1.290087	0.709913	7.481536	1.532089	1.041000	0.491089	5.500960	-1.285575	-0.762000	-0.523575	5.127727	-1901.212304
747826174853.000000 0.006972 3.361680	2.000000	1.290087	0.709913	7.498176	1.532089	1.041000	0.491089	5.512470	-1.285575	-0.762000	-0.523575	5.139999	-1901.212304
747826189060.000000 0.006838 3.368517	2.000000	1.290087	0.709913	7.514528	1.532089	1.041000	0.491089	5.523782	-1.285575	-0.762000	-0.523575	5.152059	-1901.212304
747826203804.000000 0.007096 3.375611	2.000000	1.290087	0.709913	7.531534	1.532089	1.041000	0.491089	5.535546	-1.285575	-0.762000	-0.523575	5.164601	-1901.212304
747826218384.000000 0.007018 3.382627	2.000000	1.290087	0.709913	7.548386	1.532089	1.041000	0.491089	5.547204	-1.285575	-0.762000	-0.523575	5.177030	-1901.212304
747826233099.000000 0.007082 3.389708	2.000000	1.290087	0.709913	7.565428	1.532089	1.041000	0.491089	5.558993	-1.285575	-0.762000	-0.523575	5.189599	-1901.212304
747826248157.000000 0.007248 3.396953	2.000000	1.290087	0.709913	7.582906	1.532089	1.041000	0.491089	5.571084	-1.285575	-0.762000	-0.523575	5.202489	-1901.212304
747826262520.000000 0.006913 3.403865	2.000000	1.290087	0.709913	7.599612	1.532089	1.041000	0.491089	5.582640	-1.285575	-0.762000	-0.523575	5.214810	-1901.212304
747826277584.000000 0.007251 3.411115	2.000000	1.350461	0.649539	7.615678	1.532089	1.088000	0.444089	5.593624	-1.285575	-0.800000	-0.485575	5.226820	-3698.873860
747826309793.000000 0.015501 3.426613	2.000000	1.350461	0.649539	7.650178	1.532089	1.088000	0.444089	5.617212	-1.285575	-0.800000	-0.485575	5.252612	-3698.873860
747826327782.000000 0.008658 3.435269	2.000000	1.350461	0.649539	7.669497	1.532089	1.088000	0.444089	5.630420	-1.285575	-0.800000	-0.485575	5.267054	-3698.873860
747826345228.000000 0.008397 3.443664	2.000000	1.350461	0.649539	7.688280	1.532089	1.088000	0.444089	5.643262	-1.285575	-0.800000	-0.485575	5.281096	-3698.873860
747826361390.000000 0.007778 3.451441	2.000000	1.350461	0.649539	7.705718	1.532089	1.088000	0.444089	5.655184	-1.285575	-0.800000	-0.485575	5.294132	-3698.873860
747826375249.000000 0.006671 3.458110	2.000000	1.350461	0.649539	7.720702	1.532089	1.088000	0.444089	5.665429	-1.285575	-0.800000	-0.485575	5.305333	-3698.873860
747826389779.000000 0.006993 3.465101	2.000000	1.350461	0.649539	7.736442	1.532089	1.088000	0.444089	5.676190	-1.285575	-0.800000	-0.485575	5.317100	-3698.873860
747826405960.000000 0.007788 3.472888	2.000000	1.350461	0.649539	7.754010	1.532089	1.088000	0.444089	5.688201	-1.285575	-0.800000	-0.485575	5.330233	-3698.873860
747826422278.000000 0.007854 3.480740	2.000000	1.350461	0.649539	7.771767	1.532089	1.088000	0.444089	5.700342	-1.285575	-0.800000	-0.485575	5.343508	-3698.873860
747826436207.000000 0.006704 3.487442	2.000000	1.350461	0.649539	7.786953	1.532089	1.088000	0.444089	5.710724	-1.285575	-0.800000	-0.485575	5.354860	-3698.873860
747826449831.000000 0.006558 3.493998	2.000000	1.350461	0.649539	7.801835	1.532089	1.088000	0.444089	5.720900	-1.285575	-0.800000	-0.485575	5.365986	-3698.873860
747826463343.000000 0.006503 3.500499	2.000000	1.350461	0.649539	7.816622	1.532089	1.088000	0.444089	5.731009	-1.285575	-0.800000	-0.485575	5.377040	-3698.873860
747826477589.000000 0.006857 3.507354	2.000000	1.350461	0.649539	7.832243	1.532089	1.088000	0.444089	5.741689	-1.285575	-0.800000	-0.485575	5.388718	-3698.873860
747826492839.000000 0.007340 3.514693	2.000000	1.410840	0.589160	7.847443	1.532089	1.135000	0.397089	5.751934	-1.285575	-0.838000	-0.447575	5.400265	-5496.705222
747826510326.000000 0.008416 3.523107	2.000000	1.410840	0.589160	7.864912	1.532089	1.135000	0.397089	5.763708	-1.285575	-0.838000	-0.447575	5.413535	-5496.705222
747826524554.000000 0.006848 3.529953	2.000000	1.410840	0.589160	7.879153	1.532089	1.135000	0.397089	5.773306	-1.285575	-0.838000	-0.447575	5.424354	-5496.705222
747826540878.000000 0.007857 3.537809	2.000000	1.410840	0.589160	7.895529	1.532089	1.135000	0.397089	5.784344	-1.285575	-0.838000	-0.447575	5.436795	-5496.705222
747826554493.000000 0.006553 3.544360	2.000000	1.410840	0.589160	7.909213	1.532089	1.135000	0.397089	5.793566	-1.285575	-0.838000	-0.447575	5.447191	-5496.705222
747826568853.000000 0.006912 3.551270	2.000000	1.410840	0.589160	7.923675	1.532089	1.135000	0.397089	5.803313	-1.285575	-0.838000	-0.447575	5.458177	-5496.705222
747826582902.000000 0.006762 3.558031	2.000000	1.410840	0.589160	7.937850	1.532089	1.135000	0.397089	5.812867	-1.285575	-0.838000	-0.447575	5.468945	-5496.705222
747826597152.000000 0.006858 3.564887	2.000000	1.410840	0.589160	7.952254	1.532089	1.135000	0.397089	5.822576	-1.285575	-0.838000	-0.447575	5.479888	-5496.705222
747826611399.000000 0.006857 3.571743	2.000000	1.410840	0.589160	7.966685	1.532089	1.135000	0.397089	5.832302	-1.285575	-0.838000	-0.447575	5.490851	-5496.705222
747826625828.000000 0.006945 3.578686	2.000000	1.410840	0.589160	7.981328	1.532089	1.135000	0.397089	5.842171	-1.285575	-0.838000	-0.447575	5.501975	-5496.705222
747826639863.000000 0.006755 3.585439	2.000000	1.410840	0.589160	7.995598	1.532089	1.135000	0.397089	5.851789	-1.285575	-0.838000	-0.447575	5.512816	-5496.705222
747826653727.000000 0.006673 3.592110	2.000000	1.410840	0.589160	8.009720	1.532089	1.135000	0.397089	5.861307	-1.285575	-0.838000	-0.447575	5.523544	-5496.705222
747826667539.000000 0.006648 3.598756	2.000000	1.410840	0.589160	8.023814	1.532089	1.135000	0.397089	5.870807	-1.285575	-0.838000	-0.447575	5.534251	-5496.705222
747826681814.000000 0.006871 3.605626	2.000000	1.410840	0.589160	8.038410	1.532089	1.135000	0.397089	5.880644	-1.285575	-0.838000	-0.447575	5.545340	-5496.705222
747826696449.000000 0.007044 3.612668	2.000000	1.471224	0.528776	8.051867	1.532089	1.182000	0.350089	5.889553	-1.285575	-0.876000	-0.409575	5.555763	-7294.685485
747826714633.000000 0.008752 3.621418	2.000000	1.471224	0.528776	8.068626	1.532089	1.182000	0.350089	5.900649	-1.285575	-0.876000	-0.409575	5.568744	-7294.685485
747826730075.000000 0.007432 3.628849	2.000000	1.471224	0.528776	8.082888	1.532089	1.182000	0.350089	5.910092	-1.285575	-0.876000	-0.409575	5.579791	-7294.685485
747826745447.000000 0.007398 3.636245	2.000000	1.471224	0.528776	8.097113	1.532089	1.182000	0.350089	5.919510	-1.285575	-0.876000	-0.409575	5.590809	-7294.685485
747826759523.000000 0.006776 3.643020	2.000000	1.471224	0.528776	8.110165	1.532089	1.182000	0.350089	5.928151	-1.285575	-0.876000	-0.409575	5.600919	-7294.685485
747826774670.000000 0.007291 3.650308	2.000000	1.471224	0.528776	8.124237	1.532089	1.182000	0.350089	5.937468	-1.285575	-0.876000	-0.409575	5.611819	-7294.685485
747826790699.000000 0.007715 3.658021	2.000000	1.471224	0.528776	8.139160	1.532089	1.182000	0.350089	5.947348	-1.285575	-0.876000	-0.409575	5.623378	-7294.685485
747826804947.000000 0.006858 3.664876	2.000000	1.471224	0.528776	8.152450	1.532089	1.182000	0.350089	5.956147	-1.285575	-0.876000	-0.409575	5.633672	-7294.685485
747826819750.000000 0.007125 3.671999	2.000000	1.471224	0.528776	8.166285	1.532089	1.182000	0.350089	5.965306	-1.285575	-0.876000	-0.409575	5.644387	-7294.685485
747826836947.000000 0.008277 3.680274	2.000000	1.471224	0.528776	8.182392	1.532089	1.182000	0.350089	5.975971	-1.285575	-0.876000	-0.409575	5.656864	-7294.685485
747826851258.000000 0.006888 3.687163	2.000000	1.471224	0.528776	8.195822	1.532089	1.182000	0.350089	5.984862	-1.285575	-0.876000	-0.409575	5.667266	-7294.685485
747826865806.000000 0.007002 3.694161	2.000000	1.471224	0.528776	8.209500	1.532089	1.182000	0.350089	5.993918	-1.285575	-0.876000	-0.409575	5.677861	-7294.685485
747826880213.000000 0.006934 3.701094	2.000000	1.471224	0.528776	8.223071	1.532089	1.182000	0.350089	6.002903	-1.285575	-0.876000	-0.409575	5.688373	-7294.685485
747826894252.000000 0.006757 3.707850	2.000000	1.531613	0.468387	8.234807	1.532089	1.229000	0.303089	6.010497	-1.285575	-0.914000	-0.371575	5.697683	-7294.685485
747826909965.000000 0.007563 3.715412	2.000000	1.531613	0.468387	8.247969	1.532089	1.229000	0.303089	6.019014	-1.285575	-0.914000	-0.371575	5.708124	-9092.797038
747826926561.000000 0.007988 3.723396	2.000000	1.531613	0.468387	8.261899	1.532089	1.229000	0.303089	6.028029	-1.285575	-0.914000	-0.371575	5.719176	-9092.797038
747826941160.000000 0.007026 3.730421	2.000000	1.531613	0.468387	8.274177	1.532089	1.229000	0.303089	6.035973	-1.285575	-0.914000	-0.371575	5.728915	-9092.797038
747826955368.000000 0.006838 3.737257	2.000000	1.531613	0.468387	8.286147	1.532089	1.229000	0.303089	6.043719	-1.285575	-0.914000	-0.371575	5.738411	-9092.797038
747826969297.000000 0.006704 3.743960	2.000000	1.531613	0.468387	8.297903	1.532089	1.229000	0.303089	6.051326	-1.285575	-0.914000	-0.371575	5.747737	-9092.797038
747826984708.000000 0.007418 3.751377	2.000000	1.531613	0.468387	8.310937	1.532089	1.229000	0.303089	6.059761	-1.285575	-0.914000	-0.371575	5.758078	-9092.797038
747826999425.000000 0.007084 3.758458	2.000000	1.531613	0.468387	8.323407	1.532089	1.229000	0.303089	6.067830	-1.285575	-0.914000	-0.371575	5.767970	-9092.797038
747827013337.000000 0.006696 3.765151	2.000000	1.531613	0.468387	8.335216	1.532089	1.229000	0.303089	6.075471	-1.285575	-0.914000	-0.371575	5.777338	-9092.797038
747827027351.000000 0.006745 3.771895	2.000000	1.531613	0.468387	8.347133	1.532089	1.229000	0.303089	6.083182	-1.285575	-0.914000	-0.371575	5.786792	-9092.797038
747827040955.000000 0.006548 3.778442	2.000000	1.531613	0.468387	8.358721	1.532089	1.229000	0.303089	6.090681	-1.285575	-0.914000	-0.371575	5.795985	-9092.797038
747827054557.000000 0.006547 3.784987	2.000000	1.531613	0.468387	8.370328	1.532089	1.229000	0.303089	6.098192	-1.285575	-0.914000	-0.371575	5.805193	-9092.797038
747827068532.000000 0.006726 3.791711	2.000000	1.531613	0.468387	8.382274	1.532089	1.229000	0.303089	6.105922	-1.285575	-0.914000	-0.371575	5.814669	-9092.797038
747827082738.000000 0.006838 3.798548	2.000000	1.531613	0.468387	8.394440	1.532089	1.229000	0.303089	6.113795	-1.285575	-0.914000	-0.371575	5.824321	-9092.797038
747827097059.000000 0.006893 3.805438	2.000000	1.531613	0.468387	8.406726	1.532089	1.229000	0.303089	6.121744	-1.285575	-0.914000	-0.371575	5.834067	-9092.797038
747827111574.000000 0.006986 3.812423	2.000000	1.592005	0.407995	8.417592	1.532089	1.276000	0.256089	6.128565	-1.285575	-0.952000	-0.333575	5.842952	-10891.024939
747827128029.000000 0.007919 3.820341	2.000000	1.592005	0.407995	8.429936	1.532089	1.276000	0.256089	6.136313	-1.285575	-0.952000	-0.333575	5.853044	-10891.024939
747827142239.000000 0.006839 3.827178	2.000000	1.592005	0.407995	8.440615	1.532089	1.276000	0.256089	6.143016	-1.285575	-0.952000	-0.333575	5.861775	-10891.024939
747827156965.000000 0.007087 3.834264	2.000000	1.592005	0.407995	8.451702	1.532089	1.276000	0.256089	6.149975	-1.285575	-0.952000	-0.333575	5.870840	-10891.024939
747827170986.000000 0.006748 3.841011	2.000000	1.592005	0.407995	8.462278	1.532089	1.276000	0.256089	6.156613	-1.285575	-0.952000	-0.333575	5.879486	-10891.024939
747827185633.000000 0.007052 3.848062	2.000000	1.592005	0.407995	8.473349	1.532089	1.276000	0.256089	6.163562	-1.285575	-0.952000	-0.333575	5.888538	-10891.024939
747827199908.000000 0.006870 3.854929	2.000000	1.592005	0.407995	8.484155	1.532089	1.276000	0.256089	6.170345	-1.285575	-0.952000	-0.333575	5.897373	-10891.024939
747827215285.000000 0.007401 3.862329	2.000000	1.592005	0.407995	8.495818	1.532089	1.276000	0.256089	6.177665	-1.285575	-0.952000	-0.333575	5.906909	-10891.024939
747827229933.000000 0.007050 3.869376	2.000000	1.592005	0.407995	8.506947	1.532089	1.276000	0.256089	6.184651	-1.285575	-0.952000	-0.333575	5.916008	-10891.024939
747827244870.000000 0.007190 3.876566	2.000000	1.592005	0.407995	8.518319	1.532089	1.276000	0.256089	6.191789	-1.285575	-0.952000	-0.333575	5.925306	-10891.024939
747827262535.000000 0.008503 3.885064	2.000000	1.592005	0.407995	8.531797	1.532089	1.276000	0.256089	6.200249	-1.285575	-0.952000	-0.333575	5.936325	-10891.024939
747827277670.000000 0.007284 3.892346	2.000000	1.592005	0.407995	8.543365	1.532089	1.276000	0.256089	6.207509	-1.285575	-0.952000	-0.333575	5.945783	-10891.024939
747827292003.000000 0.006898 3.899244	2.000000	1.592005	0.407995	8.554339	1.532089	1.276000	0.256089	6.214398	-1.285575	-0.952000	-0.333575	5.954755	-10891.024939
747827306289.000000 0.006877 3.906119	2.000000	1.592005	0.407995	8.565298	1.532089	1.276000	0.256089	6.221277	-1.285575	-0.952000	-0.333575	5.963716	-10891.024939
747827327771.000000 0.010339 3.916456	2.000000	1.652401	0.347599	8.579373	1.532089	1.323000	0.209089	6.229743	-1.285575	-0.990000	-0.295575	5.975684	-12689.356432
747827344882.000000 0.008236 3.924689	2.000000	1.652401	0.347599	8.590608	1.532089	1.323000	0.209089	6.236501	-1.285575	-0.990000	-0.295575	5.985238	-12689.356432
747827359566.000000 0.007067 3.931754	2.000000	1.652401	0.347599	8.600267	1.532089	1.323000	0.209089	6.242311	-1.285575	-0.990000	-0.295575	5.993451	-12689.356432
747827374378.000000 0.007129 3.938881	2.000000	1.652401	0.347599	8.610027	1.532089	1.323000	0.209089	6.248182	-1.285575	-0.990000	-0.295575	6.001750	-12689.356432
747827388696.000000 0.006892 3.945772	2.000000	1.652401	0.347599	8.619480	1.532089	1.323000	0.209089	6.253868	-1.285575	-0.990000	-0.295575	6.009788	-12689.356432
747827405299.000000 0.007992 3.953763	2.000000	1.652401	0.347599	8.630463	1.532089	1.323000	0.209089	6.260475	-1.285575	-0.990000	-0.295575	6.019127	-12689.356432
747827423229.000000 0.008630 3.962389	2.000000	1.652401	0.347599	8.642349	1.532089	1.323000	0.209089	6.267624	-1.285575	-0.990000	-0.295575	6.029234	-12689.356432
747827437670.000000 0.006951 3.969337	2.000000	1.652401	0.347599	8.651939	1.532089	1.323000	0.209089	6.273393	-1.285575	-0.990000	-0.295575	6.037389	-12689.356432
747827453300.000000 0.007522 3.976858	2.000000	1.652401	0.347599	8.662338	1.532089	1.323000	0.209089	6.279648	-1.285575	-0.990000	-0.295575	6.046231	-12689.356432
747827467869.000000 0.007012 3.983869	2.000000	1.652401	0.347599	8.672048	1.532089	1.323000	0.209089	6.285489	-1.285575	-0.990000	-0.295575	6.054489	-12689.356432
747827482026.000000 0.006814 3.990682	2.000000	1.652401	0.347599	8.681501	1.532089	1.323000	0.209089	6.291175	-1.285575	-0.990000	-0.295575	6.062526	-12689.356432
747827497618.000000 0.007504 3.998184	2.000000	1.652401	0.347599	8.691930	1.532089	1.323000	0.209089	6.297448	-1.285575	-0.990000	-0.295575	6.071395	-12689.356432
747827515217.000000 0.008471 4.006654	2.000000	1.652401	0.347599	8.703727	1.532089	1.323000	0.209089	6.304545	-1.285575	-0.990000	-0.295575	6.081426	-12689.356432
747827529241.000000 0.006750 4.013401	2.000000	1.709200	0.290800	8.711605	1.532089	1.367000	0.165089	6.309017	-1.285575	-1.026000	-0.259575	6.088459	-14368.127915
747827545662.000000 0.007904 4.021303	2.000000	1.709200	0.290800	8.720848	1.532089	1.367000	0.165089	6.314264	-1.285575	-1.026000	-0.259575	6.096709	-14368.127915
747827560028.000000 0.006915 4.028215	2.000000	1.709200	0.290800	8.728948	1.532089	1.367000	0.165089	6.318863	-1.285575	-1.026000	-0.259575	6.103939	-14368.127915
747827574419.000000 0.006926 4.035140	2.000000	1.709200	0.290800	8.737075	1.532089	1.367000	0.165089	6.323477	-1.285575	-1.026000	-0.259575	6.111194	-14368.127915
747827589785.000000 0.007395 4.042534	2.000000	1.709200	0.290800	8.745769	1.532089	1.367000	0.165089	6.328412	-1.285575	-1.026000	-0.259575	6.118954	-14368.127915
747827606423.000000 0.008008 4.050541	2.000000	1.709200	0.290800	8.755201	1.532089	1.367000	0.165089	6.333767	-1.285575	-1.026000	-0.259575	6.127373	-14368.127915
747827620232.000000 0.006646 4.057184	2.000000	1.709200	0.290800	8.763042	1.532089	1.367000	0.165089	6.338218	-1.285575	-1.026000	-0.259575	6.134373	-14368.127915
747827634324.000000 0.006782 4.063966	2.000000	1.709200	0.290800	8.771058	1.532089	1.367000	0.165089	6.342769	-1.285575	-1.026000	-0.259575	6.141527	-14368.127915
747827647941.000000 0.006554 4.070518	2.000000	1.709200	0.290800	8.778816	1.532089	1.367000	0.165089	6.347173	-1.285575	-1.026000	-0.259575	6.148452	-14368.127915
747827661584.000000 0.006566 4.077083	2.000000	1.709200	0.290800	8.786601	1.532089	1.367000	0.165089	6.351593	-1.285575	-1.026000	-0.259575	6.155401	-14368.127915
747827677281.000000 0.007555 4.084636	2.000000	1.709200	0.290800	8.795574	1.532089	1.367000	0.165089	6.356687	-1.285575	-1.026000	-0.259575	6.163411	-14368.127915
747827694527.000000 0.008301 4.092935	2.000000	1.709200	0.290800	8.805454	1.532089	1.367000	0.165089	6.362296	-1.285575	-1.026000	-0.259575	6.172230	-14368.127915
747827709016.000000 0.006973 4.099907	2.000000	1.709200	0.290800	8.813768	1.532089	1.367000	0.165089	6.367016	-1.285575	-1.026000	-0.259575	6.179652	-14368.127915
747827723233.000000 0.006843 4.106748	2.000000	1.709200	0.290800	8.821940	1.532089	1.367000	0.165089	6.371655	-1.285575	-1.026000	-0.259575	6.186946	-14368.127915
747827738506.000000 0.007352 4.114099	2.000000	1.764602	0.235398	8.829060	1.532089	1.410000	0.122089	6.375348	-1.285575	-1.061000	-0.224575	6.193739	-16006.106485
747827756557.000000 0.008687 4.122784	2.000000	1.764602	0.235398	8.837491	1.532089	1.410000	0.122089	6.379721	-1.285575	-1.061000	-0.224575	6.201782	-16006.106485
747827772588.000000 0.007715 4.130498	2.000000	1.764602	0.235398	8.844993	1.532089	1.410000	0.122089	6.383611	-1.285575	-1.061000	-0.224575	6.208939	-16006.106485
747827786877.000000 0.006878 4.137373	2.000000	1.764602	0.235398	8.851691	1.532089	1.410000	0.122089	6.387085	-1.285575	-1.061000	-0.224575	6.215329	-16006.106485
747827801406.000000 0.006993 4.144364	2.000000	1.764602	0.235398	8.858513	1.532089	1.410000	0.122089	6.390624	-1.285575	-1.061000	-0.224575	6.221838	-16006.106485
747827816327.000000 0.007182 4.151545	2.000000	1.764602	0.235398	8.865531	1.532089	1.410000	0.122089	6.394264	-1.285575	-1.061000	-0.224575	6.228533	-16006.106485
747827833968.000000 0.008491 4.160033	2.000000	1.764602	0.235398	8.873846	1.532089	1.410000	0.122089	6.398576	-1.285575	-1.061000	-0.224575	6.236466	-16006.106485
747827852709.000000 0.009020 4.169052	2.000000	1.764602	0.235398	8.882698	1.532089	1.410000	0.122089	6.403167	-1.285575	-1.061000	-0.224575	6.244911	-16006.106485
747827871202.000000 0.008900 4.177950	2.000000	1.764602	0.235398	8.891451	1.532089	1.410000	0.122089	6.407707	-1.285575	-1.061000	-0.224575	6.253261	-16006.106485
747827885751.000000 0.007002 4.184950	2.000000	1.764602	0.235398	8.898349	1.532089	1.410000	0.122089	6.411285	-1.285575	-1.061000	-0.224575	6.259843	-16006.106485
747827900866.000000 0.007275 4.192225	2.000000	1.764602	0.235398	8.905529	1.532089	1.410000	0.122089	6.415008	-1.285575	-1.061000	-0.224575	6.266692	-16006.106485
747827915494.000000 0.007040 4.199262	2.000000	1.764602	0.235398	8.912488	1.532089	1.410000	0.122089	6.418618	-1.285575	-1.061000	-0.224575	6.273331	-16006.106485
747827930262.000000 0.007108 4.206369	2.000000	1.764602	0.235398	8.919526	1.532089	1.410000	0.122089	6.422268	-1.285575	-1.061000	-0.224575	6.280046	-16006.106485
747827945491.000000 0.007330 4.213697	2.000000	1.820007	0.179993	8.925085	1.532089	1.453000	0.079089	6.424711	-1.285575	-1.096000	-0.189575	6.285901	-17662.652238
747827962683.000000 0.008274 4.221970	2.000000	1.820007	0.179993	8.931373	1.532089	1.453000	0.079089	6.427474	-1.285575	-1.096000	-0.189575	6.292523	-17662.652238
747827977201.000000 0.006987 4.228955	2.000000	1.820007	0.179993	8.936692	1.532089	1.453000	0.079089	6.429811	-1.285575	-1.096000	-0.189575	6.298125	-17662.652238
747827991685.000000 0.006972 4.235925	2.000000	1.820007	0.179993	8.942007	1.532089	1.453000	0.079089	6.432146	-1.285575	-1.096000	-0.189575	6.303723	-17662.652238
747828005490.000000 0.006645 4.242569	2.000000	1.820007	0.179993	8.947081	1.532089	1.453000	0.079089	6.434376	-1.285575	-1.096000	-0.189575	6.309068	-17662.652238
747828019154.000000 0.006576 4.249142	2.000000	1.820007	0.179993	8.952111	1.532089	1.453000	0.079089	6.436586	-1.285575	-1.096000	-0.189575	6.314365	-17662.652238
747828033226.000000 0.006773 4.255914	2.000000	1.820007	0.179993	8.957300	1.532089	1.453000	0.079089	6.438866	-1.285575	-1.096000	-0.189575	6.319830	-17662.652238
747828046755.000000 0.006511 4.262424	2.000000	1.820007	0.179993	8.962295	1.532089	1.453000	0.079089	6.441061	-1.285575	-1.096000	-0.189575	6.325092	-17662.652238
747828060709.000000 0.006716 4.269138	2.000000	1.820007	0.179993	8.967456	1.532089	1.453000	0.079089	6.443328	-1.285575	-1.096000	-0.189575	6.330527	-17662.652238
747828074322.000000 0.006552 4.275690	2.000000	1.820007	0.179993	8.972499	1.532089	1.453000	0.079089	6.445544	-1.285575	-1.096000	-0.189575	6.335838	-17662.652238
747828088428.000000 0.006789 4.282476	2.000000	1.820007	0.179993	8.977732	1.532089	1.453000	0.079089	6.447844	-1.285575	-1.096000	-0.189575	6.341350	-17662.652238
747828102227.000000 0.006642 4.289117	2.000000	1.820007	0.179993	8.982859	1.532089	1.453000	0.079089	6.450097	-1.285575	-1.096000	-0.189575	6.346751	-17662.652238
747828117120.000000 0.007168 4.296284	2.000000	1.820007	0.179993	8.988403	1.532089	1.453000	0.079089	6.452532	-1.285575	-1.096000	-0.189575	6.352589	-17662.652238
747828131153.000000 0.006754 4.303035	2.000000	1.820007	0.179993	8.993634	1.532089	1.453000	0.079089	6.454831	-1.285575	-1.096000	-0.189575	6.358098	-17662.652238
747828144817.000000 0.006576 4.309610	2.000000	1.873410	0.126590	8.997222	1.532089	1.495000	0.037089	6.455882	-1.285575	-1.129000	-0.156575	6.362536	-19240.715391
747828161413.000000 0.007988 4.317598	2.000000	1.873410	0.126590	9.001587	1.532089	1.495000	0.037089	6.457161	-1.285575	-1.129000	-0.156575	6.367936	-19240.715391
747828176909.000000 0.007458 4.325053	2.000000	1.873410	0.126590	9.005671	1.532089	1.495000	0.037089	6.458358	-1.285575	-1.129000	-0.156575	6.372987	-19240.715391
747828192051.000000 0.007288 4.332340	2.000000	1.873410	0.126590	9.009668	1.532089	1.495000	0.037089	6.459529	-1.285575	-1.129000	-0.156575	6.377930	-19240.715391
747828206271.000000 0.006844 4.339182	2.000000	1.873410	0.126590	9.013427	1.532089	1.495000	0.037089	6.460630	-1.285575	-1.129000	-0.156575	6.382580	-19240.715391
747828220012.000000 0.006614 4.345794	2.000000	1.873410	0.126590	9.017066	1.532089	1.495000	0.037089	6.461696	-1.285575	-1.129000	-0.156575	6.387081	-19240.715391
747828233962.000000 0.006715 4.352508	2.000000	1.873410	0.126590	9.020765	1.532089	1.495000	0.037089	6.462780	-1.285575	-1.129000	-0.156575	6.391657	-19240.715391
747828247953.000000 0.006734 4.359239	2.000000	1.873410	0.126590	9.024481	1.532089	1.495000	0.037089	6.463869	-1.285575	-1.129000	-0.156575	6.396253	-19240.715391
747828262634.000000 0.007066 4.366305	2.000000	1.873410	0.126590	9.028387	1.532089	1.495000	0.037089	6.465013	-1.285575	-1.129000	-0.156575	6.401084	-19240.715391
747828277558.000000 0.007183 4.373484	2.000000	1.873410	0.126590	9.032364	1.532089	1.495000	0.037089	6.466178	-1.285575	-1.129000	-0.156575	6.406002	-19240.715391
747828291906.000000 0.006906 4.380388	2.000000	1.873410	0.126590	9.036193	1.532089	1.495000	0.037089	6.467300	-1.285575	-1.129000	-0.156575	6.410739	-19240.715391
747828306992.000000 0.007261 4.387648	2.000000	1.873410	0.126590	9.040226	1.532089	1.495000	0.037089	6.468482	-1.285575	-1.129000	-0.156575	6.415727	-19240.715391
747828321687.000000 0.007073 4.394719	2.000000	1.873410	0.126590	9.044160	1.532089	1.495000	0.037089	6.469634	-1.285575	-1.129000	-0.156575	6.420593	-19240.715391
747828336231.000000 0.007000 4.401718	2.000000	1.873410	0.126590	9.048061	1.532089	1.495000	0.037089	6.470777	-1.285575	-1.129000	-0.156575	6.425418	-19240.715391
747828351331.000000 0.007268 4.408984	2.000000	1.923818	0.076182	9.050502	1.532089	1.534000	-0.001911	6.470838	-1.285575	-1.161000	-0.124575	6.429410	-19240.715391
