748158596494.000000 0.000002 0.000005	0.000005	0.000000	0.000005	0.000000	0.000004	0.000000	0.000004	0.000000	-0.000003	0.000000	-0.000003	0.000000	2208271.263869
748158632524.000000 0.017340 0.017344	0.017347	0.000000	0.017347	0.000005	0.013289	0.000000	0.013289	0.000004	-0.011151	0.000000	-0.011151	0.000003	-19458.682885
748158659406.000000 0.012938 0.030279	0.047624	0.000000	0.047624	0.000024	0.036482	0.000000	0.036482	0.000018	-0.030612	0.000000	-0.030612	0.000015	-17670.386496
748158698225.000000 0.018682 0.048959	0.096578	0.000000	0.096578	0.000112	0.073983	0.000000	0.073983	0.000086	-0.062079	0.000000	-0.062079	0.000072	-16473.271414
748158730139.000000 0.015359 0.064316	0.160887	0.000000	0.160887	0.000271	0.123246	0.000000	0.123246	0.000208	-0.103416	0.000000	-0.103416	0.000174	-13873.792061
748158762411.000000 0.015531 0.079844	0.240723	0.000000	0.240723	0.000570	0.184404	0.000000	0.184404	0.000436	-0.154734	0.000000	-0.154734	0.000366	-11443.754704
748158801351.000000 0.018740 0.098582	0.339295	0.000000	0.339295	0.001196	0.259915	0.000000	0.259915	0.000917	-0.218095	0.000000	-0.218095	0.000769	-8881.515748
748158832518.000000 0.014999 0.113579	0.452863	0.000000	0.452863	0.001968	0.346913	0.000000	0.346913	0.001508	-0.291095	0.000000	-0.291095	0.001265	-4489.807481
748158863834.000000 0.015071 0.128649	0.581499	0.000000	0.581499	0.003095	0.445454	0.000000	0.445454	0.002371	-0.373781	0.000000	-0.373781	0.001990	-870.786152
748158898017.000000 0.016451 0.145097	0.726581	0.000000	0.726581	0.004830	0.556594	0.000000	0.556594	0.003700	-0.467038	0.000000	-0.467038	0.003105	3035.699551
748158926536.000000 0.013726 0.158820	0.885386	0.000000	0.885386	0.006760	0.678245	0.000000	0.678245	0.005178	-0.569115	0.000000	-0.569115	0.004345	8920.459530
748158955226.000000 0.013808 0.172626	1.057994	0.000000	1.057994	0.009282	0.810471	0.000000	0.810471	0.007110	-0.680066	0.000000	-0.680066	0.005966	13598.816492
748158992786.000000 0.018076 0.190699	1.248674	0.000000	1.248674	0.013586	0.956540	0.000000	0.956540	0.010407	-0.802632	0.000000	-0.802632	0.008733	17492.656229
748159024458.000000 0.015243 0.205941	1.454595	0.003000	1.451595	0.018143	1.114284	0.003000	1.111284	0.013896	-0.934996	0.000000	-0.934996	0.011668	29337.731354
748159057884.000000 0.016087 0.222023	1.676596	0.003000	1.673596	0.024120	1.284347	0.003000	1.281347	0.018472	-1.077695	0.000000	-1.077695	0.015517	34961.640913
748159097897.000000 0.019256 0.241278	1.917850	0.003000	1.914850	0.033017	1.469158	0.003000	1.466158	0.025284	-1.232770	0.000000	-1.232770	0.021245	40722.542601
748159130438.000000 0.015660 0.256936	2.000000	0.003000	1.997000	0.041052	1.532089	0.003000	1.529089	0.031437	-1.285575	0.000000	-1.285575	0.026417	38441.096147
748159158494.000000 0.013503 0.270436	2.000000	0.003000	1.997000	0.048344	1.532089	0.003000	1.529089	0.037021	-1.285575	0.000000	-1.285575	0.031112	35768.632342
748159189957.000000 0.015142 0.285577	2.000000	0.003000	1.997000	0.056980	1.532089	0.003000	1.529089	0.043633	-1.285575	0.000000	-1.285575	0.036671	35998.014203
748159222418.000000 0.015622 0.301196	2.000000	0.003000	1.997000	0.066376	1.532089	0.003000	1.529089	0.050828	-1.285575	0.000000	-1.285575	0.042720	35141.796640
748159255229.000000 0.015790 0.316985	2.000000	0.009000	1.991000	0.076342	1.532089	0.009000	1.523089	0.058451	-1.285575	0.000000	-1.285575	0.049155	41001.738966
748159286346.000000 0.014976 0.331958	2.000000	0.009000	1.991000	0.086240	1.532089	0.009000	1.523089	0.066023	-1.285575	0.000000	-1.285575	0.055546	40006.531954
748159321146.000000 0.016748 0.348703	2.000000	0.009000	1.991000	0.097867	1.532089	0.009000	1.523089	0.074918	-1.285575	0.000000	-1.285575	0.063053	38961.123658
748159352772.000000 0.015221 0.363922	2.000000	0.009000	1.991000	0.108896	1.532089	0.009000	1.523089	0.083354	-1.285575	0.000000	-1.285575	0.070174	37870.091472
748159382285.000000 0.014204 0.378123	2.000000	0.009000	1.991000	0.119589	1.532089	0.009000	1.523089	0.091534	-1.285575	0.000000	-1.285575	0.077079	36736.483622
748159414292.000000 0.015404 0.393525	2.000000	0.009000	1.991000	0.131658	1.532089	0.009000	1.523089	0.100767	-1.285575	0.000000	-1.285575	0.084872	35556.702249
748159448505.000000 0.016465 0.409988	2.000000	0.018028	1.981972	0.145037	1.532089	0.018000	1.514089	0.110988	-1.285575	-0.001000	-1.284575	0.093544	43323.660604
748159464933.000000 0.007907 0.417892	2.000000	0.018028	1.981972	0.151586	1.532089	0.018000	1.514089	0.115991	-1.285575	-0.001000	-1.284575	0.097788	41960.787391
748159481312.000000 0.007883 0.425774	2.000000	0.018028	1.981972	0.158239	1.532089	0.018000	1.514089	0.121073	-1.285575	-0.001000	-1.284575	0.102100	40572.210398
748159497674.000000 0.007876 0.433647	2.000000	0.018028	1.981972	0.165008	1.532089	0.018000	1.514089	0.126244	-1.285575	-0.001000	-1.284575	0.106487	39157.954731
748159517964.000000 0.009765 0.443410	2.000000	0.018028	1.981972	0.173590	1.532089	0.018000	1.514089	0.132800	-1.285575	-0.001000	-1.284575	0.112049	37711.859269
748159535371.000000 0.008379 0.451787	2.000000	0.018028	1.981972	0.181092	1.532089	0.018000	1.514089	0.138531	-1.285575	-0.001000	-1.284575	0.116912	36238.445202
748159551670.000000 0.007845 0.459630	2.000000	0.018028	1.981972	0.188239	1.532089	0.018000	1.514089	0.143991	-1.285575	-0.001000	-1.284575	0.121544	34739.452898
748159568117.000000 0.007916 0.467543	2.000000	0.018028	1.981972	0.195575	1.532089	0.018000	1.514089	0.149595	-1.285575	-0.001000	-1.284575	0.126298	33214.651670
748159585613.000000 0.008421 0.475962	2.000000	0.018028	1.981972	0.203518	1.532089	0.018000	1.514089	0.155663	-1.285575	-0.001000	-1.284575	0.131447	31662.393737
748159603625.000000 0.008669 0.484630	2.000000	0.018028	1.981972	0.211845	1.532089	0.018000	1.514089	0.162025	-1.285575	-0.001000	-1.284575	0.136844	30081.869334
748159622887.000000 0.009271 0.493898	2.000000	0.018028	1.981972	0.220920	1.532089	0.018000	1.514089	0.168957	-1.285575	-0.001000	-1.284575	0.142725	28471.116819
748159641418.000000 0.008919 0.502816	2.000000	0.018028	1.981972	0.229809	1.532089	0.018000	1.514089	0.175748	-1.285575	-0.001000	-1.284575	0.148487	26831.281792
748159663120.000000 0.010445 0.513259	2.000000	0.030067	1.969933	0.240370	1.532089	0.030000	1.502089	0.183801	-1.285575	-0.002000	-1.283575	0.155368	36335.149597
748159679516.000000 0.007892 0.521148	2.000000	0.030067	1.969933	0.248472	1.532089	0.030000	1.502089	0.189978	-1.285575	-0.002000	-1.283575	0.160647	34411.962994
748159695862.000000 0.007867 0.529013	2.000000	0.030067	1.969933	0.256670	1.532089	0.030000	1.502089	0.196229	-1.285575	-0.002000	-1.283575	0.165989	32459.751949
748159713895.000000 0.008680 0.537691	2.000000	0.030067	1.969933	0.265864	1.532089	0.030000	1.502089	0.203240	-1.285575	-0.002000	-1.283575	0.171979	30475.515467
748159729897.000000 0.007702 0.545391	2.000000	0.030067	1.969933	0.274139	1.532089	0.030000	1.502089	0.209549	-1.285575	-0.002000	-1.283575	0.177371	28462.865398
748159746011.000000 0.007756 0.553144	2.000000	0.030067	1.969933	0.282590	1.532089	0.030000	1.502089	0.215993	-1.285575	-0.002000	-1.283575	0.182878	26421.602859
748159762484.000000 0.007929 0.561071	2.000000	0.030067	1.969933	0.291353	1.532089	0.030000	1.502089	0.222676	-1.285575	-0.002000	-1.283575	0.188588	24351.088585
748159778322.000000 0.007623 0.568692	2.000000	0.030067	1.969933	0.299893	1.532089	0.030000	1.502089	0.229187	-1.285575	-0.002000	-1.283575	0.194152	22252.450170
748159794399.000000 0.007739 0.576428	2.000000	0.030067	1.969933	0.308680	1.532089	0.030000	1.502089	0.235888	-1.285575	-0.002000	-1.283575	0.199878	20125.261437
748159814712.000000 0.009776 0.586203	2.000000	0.030067	1.969933	0.319970	1.532089	0.030000	1.502089	0.244496	-1.285575	-0.002000	-1.283575	0.207234	17962.000358
748159831788.000000 0.008219 0.594420	2.000000	0.030067	1.969933	0.329594	1.532089	0.030000	1.502089	0.251834	-1.285575	-0.002000	-1.283575	0.213505	15768.418550
748159848884.000000 0.008228 0.602646	2.000000	0.030067	1.969933	0.339362	1.532089	0.030000	1.502089	0.259283	-1.285575	-0.002000	-1.283575	0.219870	13544.478721
748159869001.000000 0.009683 0.612327	2.000000	0.045277	1.954723	0.350952	1.532089	0.045000	1.487089	0.268100	-1.285575	-0.005000	-1.280575	0.227462	21042.959698
748159889361.000000 0.009800 0.622124	2.000000	0.045277	1.954723	0.362869	1.532089	0.045000	1.487089	0.277166	-1.285575	-0.005000	-1.280575	0.235269	18390.486008
748159906449.000000 0.008224 0.630347	2.000000	0.045277	1.954723	0.373003	1.532089	0.045000	1.487089	0.284875	-1.285575	-0.005000	-1.280575	0.241908	15702.952538
748159925063.000000 0.008959 0.639303	2.000000	0.045277	1.954723	0.384198	1.532089	0.045000	1.487089	0.293392	-1.285575	-0.005000	-1.280575	0.249242	12977.234702
748159941039.000000 0.007689 0.646990	2.000000	0.045277	1.954723	0.393923	1.532089	0.045000	1.487089	0.300791	-1.285575	-0.005000	-1.280575	0.255613	10218.742569
748159956726.000000 0.007550 0.654539	2.000000	0.045277	1.954723	0.403582	1.532089	0.045000	1.487089	0.308139	-1.285575	-0.005000	-1.280575	0.261941	7428.064947
748159972467.000000 0.007576 0.662113	2.000000	0.045277	1.954723	0.413388	1.532089	0.045000	1.487089	0.315599	-1.285575	-0.005000	-1.280575	0.268365	4605.095152
748159988585.000000 0.007758 0.669869	2.000000	0.045277	1.954723	0.423546	1.532089	0.045000	1.487089	0.323327	-1.285575	-0.005000	-1.280575	0.275020	1749.057681
748160004658.000000 0.007736 0.677603	2.000000	0.045277	1.954723	0.433793	1.532089	0.045000	1.487089	0.331123	-1.285575	-0.005000	-1.280575	0.281733	-1139.957197
748160020461.000000 0.007606 0.685207	2.000000	0.045277	1.954723	0.443981	1.532089	0.045000	1.487089	0.338873	-1.285575	-0.005000	-1.280575	0.288407	-4061.391445
748160040856.000000 0.009816 0.695022	2.000000	0.045277	1.954723	0.457316	1.532089	0.045000	1.487089	0.349018	-1.285575	-0.005000	-1.280575	0.297143	-7024.670113
748160056560.000000 0.007559 0.702579	2.000000	0.045277	1.954723	0.467697	1.532089	0.045000	1.487089	0.356916	-1.285575	-0.005000	-1.280575	0.303944	-10020.169146
748160077222.000000 0.009945 0.712521	2.000000	0.063640	1.936360	0.481418	1.532089	0.063000	1.469089	0.367326	-1.285575	-0.009000	-1.276575	0.312990	-6424.530758
748160096827.000000 0.009436 0.721954	2.000000	0.063640	1.936360	0.494609	1.532089	0.063000	1.469089	0.377333	-1.285575	-0.009000	-1.276575	0.321686	-10054.257554
748160115521.000000 0.008998 0.730951	2.000000	0.063640	1.936360	0.507345	1.532089	0.063000	1.469089	0.386996	-1.285575	-0.009000	-1.276575	0.330082	-10356.556938
748160135945.000000 0.009830 0.740779	2.000000	0.063640	1.936360	0.521446	1.532089	0.063000	1.469089	0.397694	-1.285575	-0.009000	-1.276575	0.339379	-10356.556938
748160152388.000000 0.007915 0.748690	2.000000	0.063640	1.936360	0.532920	1.532089	0.063000	1.469089	0.406399	-1.285575	-0.009000	-1.276575	0.346943	-10356.556938
748160169059.000000 0.008024 0.756712	2.000000	0.063640	1.936360	0.544677	1.532089	0.063000	1.469089	0.415319	-1.285575	-0.009000	-1.276575	0.354694	-10356.556938
748160185120.000000 0.007730 0.764440	2.000000	0.063640	1.936360	0.556120	1.532089	0.063000	1.469089	0.424001	-1.285575	-0.009000	-1.276575	0.362238	-10356.556938
748160201111.000000 0.007697 0.772135	2.000000	0.063640	1.936360	0.567628	1.532089	0.063000	1.469089	0.432732	-1.285575	-0.009000	-1.276575	0.369825	-10356.556938
748160217358.000000 0.007820 0.779952	2.000000	0.063640	1.936360	0.579438	1.532089	0.063000	1.469089	0.441692	-1.285575	-0.009000	-1.276575	0.377611	-10356.556938
748160234567.000000 0.008283 0.788234	2.000000	0.063640	1.936360	0.592080	1.532089	0.063000	1.469089	0.451283	-1.285575	-0.009000	-1.276575	0.385945	-10356.556938
748160249897.000000 0.007379 0.795611	2.000000	0.063640	1.936360	0.603448	1.532089	0.063000	1.469089	0.459908	-1.285575	-0.009000	-1.276575	0.393440	-10356.556938
748160266590.000000 0.008034 0.803643	2.000000	0.063640	1.936360	0.615951	1.532089	0.063000	1.469089	0.469394	-1.285575	-0.009000	-1.276575	0.401683	-10356.556938
748160288193.000000 0.010397 0.814039	2.000000	0.084345	1.915655	0.632164	1.532089	0.083000	1.449089	0.481658	-1.285575	-0.015000	-1.270575	0.412436	-4019.825447
748160304921.000000 0.008052 0.822087	2.000000	0.084345	1.915655	0.644844	1.532089	0.083000	1.449089	0.491250	-1.285575	-0.015000	-1.270575	0.420847	-4019.825447
748160322362.000000 0.008395 0.830480	2.000000	0.084345	1.915655	0.658200	1.532089	0.083000	1.449089	0.501353	-1.285575	-0.015000	-1.270575	0.429705	-4019.825447
748160342409.000000 0.009649 0.840127	2.000000	0.084345	1.915655	0.673729	1.532089	0.083000	1.449089	0.513100	-1.285575	-0.015000	-1.270575	0.440004	-4019.825447
748160359848.000000 0.008393 0.848517	2.000000	0.084345	1.915655	0.687372	1.532089	0.083000	1.449089	0.523420	-1.285575	-0.015000	-1.270575	0.449053	-4019.825447
748160375619.000000 0.007591 0.856106	2.000000	0.084345	1.915655	0.699821	1.532089	0.083000	1.449089	0.532837	-1.285575	-0.015000	-1.270575	0.457310	-4019.825447
748160391399.000000 0.007596 0.863700	2.000000	0.084345	1.915655	0.712388	1.532089	0.083000	1.449089	0.542343	-1.285575	-0.015000	-1.270575	0.465646	-4019.825447
748160406567.000000 0.007301 0.870999	2.000000	0.084345	1.915655	0.724570	1.532089	0.083000	1.449089	0.551558	-1.285575	-0.015000	-1.270575	0.473725	-4019.825447
748160422481.000000 0.007660 0.878656	2.000000	0.084345	1.915655	0.737462	1.532089	0.083000	1.449089	0.561311	-1.285575	-0.015000	-1.270575	0.482276	-4019.825447
748160440380.000000 0.008615 0.887270	2.000000	0.084345	1.915655	0.752106	1.532089	0.083000	1.449089	0.572388	-1.285575	-0.015000	-1.270575	0.491989	-4019.825447
748160456290.000000 0.007658 0.894925	2.000000	0.084345	1.915655	0.765234	1.532089	0.083000	1.449089	0.582318	-1.285575	-0.015000	-1.270575	0.500696	-4019.825447
748160471877.000000 0.007502 0.902425	2.000000	0.084345	1.915655	0.778203	1.532089	0.083000	1.449089	0.592129	-1.285575	-0.015000	-1.270575	0.509298	-4019.825447
748160491922.000000 0.009647 0.912071	2.000000	0.108683	1.891317	0.794845	1.532089	0.106000	1.426089	0.604677	-1.285575	-0.024000	-1.261575	0.520399	-4019.825447
748160508550.000000 0.008004 0.920073	2.000000	0.108683	1.891317	0.808773	1.532089	0.106000	1.426089	0.615179	-1.285575	-0.024000	-1.261575	0.529689	7229.009412
748160524533.000000 0.007693 0.927763	2.000000	0.108683	1.891317	0.822271	1.532089	0.106000	1.426089	0.625357	-1.285575	-0.024000	-1.261575	0.538693	7229.009412
748160543007.000000 0.008891 0.936653	2.000000	0.108683	1.891317	0.838023	1.532089	0.106000	1.426089	0.637234	-1.285575	-0.024000	-1.261575	0.549200	7229.009412
748160563484.000000 0.009856 0.946506	2.000000	0.108683	1.891317	0.855666	1.532089	0.106000	1.426089	0.650537	-1.285575	-0.024000	-1.261575	0.560968	7229.009412
748160579360.000000 0.007641 0.954145	2.000000	0.108683	1.891317	0.869455	1.532089	0.106000	1.426089	0.660935	-1.285575	-0.024000	-1.261575	0.570166	7229.009412
748160596495.000000 0.008248 0.962391	2.000000	0.108683	1.891317	0.884468	1.532089	0.106000	1.426089	0.672254	-1.285575	-0.024000	-1.261575	0.580180	7229.009412
748160612718.000000 0.007809 0.970197	2.000000	0.108683	1.891317	0.898796	1.532089	0.106000	1.426089	0.683058	-1.285575	-0.024000	-1.261575	0.589738	7229.009412
748160628997.000000 0.007836 0.978031	2.000000	0.108683	1.891317	0.913291	1.532089	0.106000	1.426089	0.693987	-1.285575	-0.024000	-1.261575	0.599406	7229.009412
748160670757.000000 0.020097 0.998126	2.000000	0.108683	1.891317	0.951229	1.532089	0.106000	1.426089	0.722594	-1.285575	-0.024000	-1.261575	0.624712	7229.009412
748160726045.000000 0.026607 1.024730	2.000000	0.134629	1.865371	1.002087	1.532089	0.130000	1.402089	0.760821	-1.285575	-0.035000	-1.250575	0.658809	7229.009412
748160756946.000000 0.014909 1.039637	2.000000	0.134629	1.865371	1.031001	1.532089	0.130000	1.402089	0.782554	-1.285575	-0.035000	-1.250575	0.678193	15591.993597
748160787123.000000 0.014523 1.054120	2.000000	0.134629	1.865371	1.059559	1.532089	0.130000	1.402089	0.804019	-1.285575	-0.035000	-1.250575	0.697338	15591.993597
748160815794.000000 0.013798 1.067916	2.000000	0.134629	1.865371	1.087045	1.532089	0.130000	1.402089	0.824679	-1.285575	-0.035000	-1.250575	0.715766	15591.993597
748160844851.000000 0.013984 1.081897	2.000000	0.134629	1.865371	1.115268	1.532089	0.130000	1.402089	0.845892	-1.285575	-0.035000	-1.250575	0.734687	15591.993597
748160885066.000000 0.019354 1.101250	2.000000	0.134629	1.865371	1.155025	1.532089	0.130000	1.402089	0.875775	-1.285575	-0.035000	-1.250575	0.761340	15591.993597
748160915130.000000 0.014469 1.115717	2.000000	0.134629	1.865371	1.185138	1.532089	0.130000	1.402089	0.898409	-1.285575	-0.035000	-1.250575	0.781529	15591.993597
748160956535.000000 0.019926 1.135639	2.000000	0.164770	1.835230	1.226666	1.532089	0.157000	1.375089	0.929525	-1.285575	-0.050000	-1.235575	0.809488	21458.816347
748160985197.000000 0.013794 1.149432	2.000000	0.164770	1.835230	1.255765	1.532089	0.157000	1.375089	0.951328	-1.285575	-0.050000	-1.235575	0.829079	21458.816347
748161020298.000000 0.016893 1.166323	2.000000	0.164770	1.835230	1.291923	1.532089	0.157000	1.375089	0.978421	-1.285575	-0.050000	-1.235575	0.853422	21458.816347
748161050611.000000 0.014589 1.180908	2.000000	0.164770	1.835230	1.323541	1.532089	0.157000	1.375089	1.002111	-1.285575	-0.050000	-1.235575	0.874709	21458.816347
748161082888.000000 0.015534 1.196441	2.000000	0.164770	1.835230	1.357649	1.532089	0.157000	1.375089	1.027667	-1.285575	-0.050000	-1.235575	0.897672	21458.816347
748161113295.000000 0.014634 1.211072	2.000000	0.164770	1.835230	1.390174	1.532089	0.157000	1.375089	1.052037	-1.285575	-0.050000	-1.235575	0.919570	21458.816347
748161143661.000000 0.014614 1.225684	2.000000	0.164770	1.835230	1.423046	1.532089	0.157000	1.375089	1.076667	-1.285575	-0.050000	-1.235575	0.941701	21458.816347
748161183723.000000 0.019279 1.244961	2.000000	0.198040	1.801960	1.466297	1.532089	0.186000	1.346089	1.108976	-1.285575	-0.068000	-1.217575	0.970925	32022.923730
748161210182.000000 0.012734 1.257694	2.000000	0.198040	1.801960	1.495157	1.532089	0.186000	1.346089	1.130535	-1.285575	-0.068000	-1.217575	0.990426	32022.923730
748161238012.000000 0.013394 1.271084	2.000000	0.198040	1.801960	1.525835	1.532089	0.186000	1.346089	1.153452	-1.285575	-0.068000	-1.217575	1.011155	32022.923730
748161257698.000000 0.009475 1.280557	2.000000	0.198040	1.801960	1.547699	1.532089	0.186000	1.346089	1.169785	-1.285575	-0.068000	-1.217575	1.025928	32022.923730
748161279312.000000 0.010403 1.290958	2.000000	0.198040	1.801960	1.571899	1.532089	0.186000	1.346089	1.187862	-1.285575	-0.068000	-1.217575	1.042280	32022.923730
748161297457.000000 0.008734 1.299689	2.000000	0.198040	1.801960	1.592353	1.532089	0.186000	1.346089	1.203142	-1.285575	-0.068000	-1.217575	1.056101	32022.923730
748161315773.000000 0.008815 1.308502	2.000000	0.198040	1.801960	1.613138	1.532089	0.186000	1.346089	1.218669	-1.285575	-0.068000	-1.217575	1.070145	32022.923730
748161332540.000000 0.008070 1.316570	2.000000	0.198040	1.801960	1.632283	1.532089	0.186000	1.346089	1.232970	-1.285575	-0.068000	-1.217575	1.083081	32022.923730
748161354153.000000 0.010402 1.326971	2.000000	0.198040	1.801960	1.657156	1.532089	0.186000	1.346089	1.251551	-1.285575	-0.068000	-1.217575	1.099888	32022.923730
748161374435.000000 0.009761 1.336729	2.000000	0.234000	1.766000	1.680200	1.532089	0.216000	1.316089	1.268724	-1.285575	-0.090000	-1.195575	1.115489	32022.923730
748161391387.000000 0.008160 1.344888	2.000000	0.234000	1.766000	1.699579	1.532089	0.216000	1.316089	1.283166	-1.285575	-0.090000	-1.195575	1.128609	43293.727396
748161407888.000000 0.007942 1.352826	2.000000	0.234000	1.766000	1.718554	1.532089	0.216000	1.316089	1.297306	-1.285575	-0.090000	-1.195575	1.141454	43293.727396
748161424261.000000 0.007880 1.360705	2.000000	0.234000	1.766000	1.737491	1.532089	0.216000	1.316089	1.311419	-1.285575	-0.090000	-1.195575	1.154274	43293.727396
748161439289.000000 0.007233 1.367936	2.000000	0.234000	1.766000	1.754965	1.532089	0.216000	1.316089	1.324441	-1.285575	-0.090000	-1.195575	1.166104	43293.727396
748161456833.000000 0.008444 1.376378	2.000000	0.234000	1.766000	1.775489	1.532089	0.216000	1.316089	1.339737	-1.285575	-0.090000	-1.195575	1.179999	43293.727396
748161475973.000000 0.009212 1.385589	2.000000	0.234000	1.766000	1.798030	1.532089	0.216000	1.316089	1.356535	-1.285575	-0.090000	-1.195575	1.195259	43293.727396
748161495496.000000 0.009397 1.394983	2.000000	0.234000	1.766000	1.821179	1.532089	0.216000	1.316089	1.373787	-1.285575	-0.090000	-1.195575	1.210931	43293.727396
748161512904.000000 0.008379 1.403360	2.000000	0.234000	1.766000	1.841944	1.532089	0.216000	1.316089	1.389262	-1.285575	-0.090000	-1.195575	1.224989	43293.727396
748161528002.000000 0.007267 1.410624	2.000000	0.234000	1.766000	1.860047	1.532089	0.216000	1.316089	1.402753	-1.285575	-0.090000	-1.195575	1.237245	43293.727396
748161545123.000000 0.008240 1.418864	2.000000	0.234000	1.766000	1.880695	1.532089	0.216000	1.316089	1.418141	-1.285575	-0.090000	-1.195575	1.251223	43293.727396
748161567542.000000 0.010790 1.429651	2.000000	0.234000	1.766000	1.907938	1.532089	0.216000	1.316089	1.438443	-1.285575	-0.090000	-1.195575	1.269667	43293.727396
748161592111.000000 0.011825 1.441473	2.000000	0.271978	1.728022	1.937393	1.532089	0.246000	1.286089	1.460364	-1.285575	-0.116000	-1.169575	1.289602	51903.361350
748161615957.000000 0.011477 1.452948	2.000000	0.271978	1.728022	1.966208	1.532089	0.246000	1.286089	1.481810	-1.285575	-0.116000	-1.169575	1.309105	51903.361350
748161636248.000000 0.009768 1.462714	2.000000	0.271978	1.728022	1.990897	1.532089	0.246000	1.286089	1.500185	-1.285575	-0.116000	-1.169575	1.325815	51903.361350
748161655548.000000 0.009289 1.471999	2.000000	0.271978	1.728022	2.014526	1.532089	0.246000	1.286089	1.517771	-1.285575	-0.116000	-1.169575	1.341808	51903.361350
748161674623.000000 0.009182 1.481177	2.000000	0.271978	1.728022	2.038026	1.532089	0.246000	1.286089	1.535262	-1.285575	-0.116000	-1.169575	1.357714	51903.361350
748161697948.000000 0.011226 1.492402	2.000000	0.271978	1.728022	2.066978	1.532089	0.246000	1.286089	1.556809	-1.285575	-0.116000	-1.169575	1.377309	51903.361350
748161718289.000000 0.009790 1.502190	2.000000	0.271978	1.728022	2.092392	1.532089	0.246000	1.286089	1.575723	-1.285575	-0.116000	-1.169575	1.394510	51903.361350
748161738775.000000 0.009860 1.512047	2.000000	0.271978	1.728022	2.118155	1.532089	0.246000	1.286089	1.594897	-1.285575	-0.116000	-1.169575	1.411947	51903.361350
748161759985.000000 0.010209 1.522255	2.000000	0.271978	1.728022	2.145010	1.532089	0.246000	1.286089	1.614885	-1.285575	-0.116000	-1.169575	1.430124	51903.361350
748161780076.000000 0.009671 1.531922	2.000000	0.271978	1.728022	2.170611	1.532089	0.246000	1.286089	1.633939	-1.285575	-0.116000	-1.169575	1.447451	51903.361350
748161799134.000000 0.009173 1.541092	2.000000	0.312706	1.687294	2.194464	1.532089	0.276000	1.256089	1.651695	-1.285575	-0.147000	-1.138575	1.463547	56247.531013
748161817320.000000 0.008753 1.549842	2.000000	0.312706	1.687294	2.217354	1.532089	0.276000	1.256089	1.668736	-1.285575	-0.147000	-1.138575	1.478993	56247.531013
748161835497.000000 0.008749 1.558588	2.000000	0.312706	1.687294	2.240361	1.532089	0.276000	1.256089	1.685863	-1.285575	-0.147000	-1.138575	1.494518	56247.531013
748161853537.000000 0.008683 1.567269	2.000000	0.312706	1.687294	2.263322	1.532089	0.276000	1.256089	1.702956	-1.285575	-0.147000	-1.138575	1.510012	56247.531013
748161873588.000000 0.009651 1.576918	2.000000	0.312706	1.687294	2.289000	1.532089	0.276000	1.256089	1.722072	-1.285575	-0.147000	-1.138575	1.527339	56247.531013
748161895085.000000 0.010346 1.587262	2.000000	0.312706	1.687294	2.316708	1.532089	0.276000	1.256089	1.742699	-1.285575	-0.147000	-1.138575	1.546037	56247.531013
748161916154.000000 0.010141 1.597401	2.000000	0.312706	1.687294	2.344040	1.532089	0.276000	1.256089	1.763046	-1.285575	-0.147000	-1.138575	1.564480	56247.531013
748161934937.000000 0.009040 1.606439	2.000000	0.312706	1.687294	2.368544	1.532089	0.276000	1.256089	1.781288	-1.285575	-0.147000	-1.138575	1.581015	56247.531013
748161954184.000000 0.009264 1.615700	2.000000	0.312706	1.687294	2.393799	1.532089	0.276000	1.256089	1.800088	-1.285575	-0.147000	-1.138575	1.598057	56247.531013
748161982969.000000 0.013854 1.629552	2.000000	0.312706	1.687294	2.431890	1.532089	0.276000	1.256089	1.828445	-1.285575	-0.147000	-1.138575	1.623760	56247.531013
748162007971.000000 0.012033 1.641582	2.000000	0.356385	1.643615	2.464357	1.532089	0.307000	1.225089	1.852644	-1.285575	-0.181000	-1.104575	1.645579	34041.680538
748162027698.000000 0.009494 1.651074	2.000000	0.356385	1.643615	2.490122	1.532089	0.307000	1.225089	1.871849	-1.285575	-0.181000	-1.104575	1.662895	34041.680538
748162044025.000000 0.007858 1.658930	2.000000	0.356385	1.643615	2.511547	1.532089	0.307000	1.225089	1.887819	-1.285575	-0.181000	-1.104575	1.677294	34041.680538
748162059097.000000 0.007255 1.666183	2.000000	0.356385	1.643615	2.531416	1.532089	0.307000	1.225089	1.902627	-1.285575	-0.181000	-1.104575	1.690646	34041.680538
748162073415.000000 0.006892 1.673072	2.000000	0.356385	1.643615	2.550367	1.532089	0.307000	1.225089	1.916753	-1.285575	-0.181000	-1.104575	1.703382	34041.680538
748162090361.000000 0.008157 1.681228	2.000000	0.356385	1.643615	2.572906	1.532089	0.307000	1.225089	1.933553	-1.285575	-0.181000	-1.104575	1.718529	34041.680538
748162109492.000000 0.009208 1.690433	2.000000	0.356385	1.643615	2.598489	1.532089	0.307000	1.225089	1.952621	-1.285575	-0.181000	-1.104575	1.735722	34041.680538
748162126035.000000 0.007962 1.698393	2.000000	0.356385	1.643615	2.620715	1.532089	0.307000	1.225089	1.969188	-1.285575	-0.181000	-1.104575	1.750659	34041.680538
748162142895.000000 0.008115 1.706506	2.000000	0.356385	1.643615	2.643476	1.532089	0.307000	1.225089	1.986153	-1.285575	-0.181000	-1.104575	1.765955	34041.680538
748162159530.000000 0.008007 1.714510	2.000000	0.356385	1.643615	2.666039	1.532089	0.307000	1.225089	2.002970	-1.285575	-0.181000	-1.104575	1.781118	34041.680538
748162179017.000000 0.009379 1.723888	2.000000	0.356385	1.643615	2.692614	1.532089	0.307000	1.225089	2.022779	-1.285575	-0.181000	-1.104575	1.798978	34041.680538
748162198076.000000 0.009173 1.733060	2.000000	0.356385	1.643615	2.718745	1.532089	0.307000	1.225089	2.042256	-1.285575	-0.181000	-1.104575	1.816538	34041.680538
748162217709.000000 0.009450 1.742507	2.000000	0.403655	1.596345	2.745030	1.532089	0.341000	1.191089	2.061868	-1.285575	-0.216000	-1.069575	1.834150	20853.257838
748162241596.000000 0.011497 1.754001	2.000000	0.403655	1.596345	2.777221	1.532089	0.341000	1.191089	2.085887	-1.285575	-0.216000	-1.069575	1.855718	20853.257838
748162259757.000000 0.008741 1.762740	2.000000	0.403655	1.596345	2.801818	1.532089	0.341000	1.191089	2.104240	-1.285575	-0.216000	-1.069575	1.872199	20853.257838
748162277442.000000 0.008512 1.771248	2.000000	0.403655	1.596345	2.825886	1.532089	0.341000	1.191089	2.122197	-1.285575	-0.216000	-1.069575	1.888324	20853.257838
748162293446.000000 0.007703 1.778950	2.000000	0.403655	1.596345	2.847761	1.532089	0.341000	1.191089	2.138519	-1.285575	-0.216000	-1.069575	1.902981	20853.257838
748162309209.000000 0.007587 1.786535	2.000000	0.403655	1.596345	2.869399	1.532089	0.341000	1.191089	2.154664	-1.285575	-0.216000	-1.069575	1.917479	20853.257838
748162325597.000000 0.007888 1.794421	2.000000	0.403655	1.596345	2.891995	1.532089	0.341000	1.191089	2.171524	-1.285575	-0.216000	-1.069575	1.932619	20853.257838
748162342635.000000 0.008200 1.802618	2.000000	0.403655	1.596345	2.915593	1.532089	0.341000	1.191089	2.189131	-1.285575	-0.216000	-1.069575	1.948430	20853.257838
748162357377.000000 0.007095 1.809712	2.000000	0.403655	1.596345	2.936090	1.532089	0.341000	1.191089	2.204425	-1.285575	-0.216000	-1.069575	1.962163	20853.257838
748162373479.000000 0.007751 1.817462	2.000000	0.403655	1.596345	2.958577	1.532089	0.341000	1.191089	2.221203	-1.285575	-0.216000	-1.069575	1.977230	20853.257838
748162393049.000000 0.009419 1.826879	2.000000	0.403655	1.596345	2.986047	1.532089	0.341000	1.191089	2.241699	-1.285575	-0.216000	-1.069575	1.995635	20853.257838
748162415858.000000 0.010977 1.837854	2.000000	0.455698	1.544302	3.017203	1.532089	0.381000	1.151089	2.264922	-1.285575	-0.250000	-1.035575	2.016527	6938.373762
748162431250.000000 0.007409 1.845261	2.000000	0.455698	1.544302	3.038316	1.532089	0.381000	1.151089	2.280659	-1.285575	-0.250000	-1.035575	2.030685	6938.373762
748162445963.000000 0.007081 1.852339	2.000000	0.455698	1.544302	3.058572	1.532089	0.381000	1.151089	2.295758	-1.285575	-0.250000	-1.035575	2.044269	6938.373762
748162460216.000000 0.006860 1.859198	2.000000	0.455698	1.544302	3.078268	1.532089	0.381000	1.151089	2.310438	-1.285575	-0.250000	-1.035575	2.057476	6938.373762
748162474667.000000 0.006956 1.866152	2.000000	0.455698	1.544302	3.098313	1.532089	0.381000	1.151089	2.325380	-1.285575	-0.250000	-1.035575	2.070918	6938.373762
748162489226.000000 0.007008 1.873158	2.000000	0.455698	1.544302	3.118586	1.532089	0.381000	1.151089	2.340491	-1.285575	-0.250000	-1.035575	2.084512	6938.373762
748162506293.000000 0.008214 1.881370	2.000000	0.455698	1.544302	3.142452	1.532089	0.381000	1.151089	2.358280	-1.285575	-0.250000	-1.035575	2.100517	6938.373762
748162525537.000000 0.009262 1.890630	2.000000	0.455698	1.544302	3.169494	1.532089	0.381000	1.151089	2.378437	-1.285575	-0.250000	-1.035575	2.118651	6938.373762
748162540129.000000 0.007023 1.897650	2.000000	0.455698	1.544302	3.190075	1.532089	0.381000	1.151089	2.393777	-1.285575	-0.250000	-1.035575	2.132452	6938.373762
748162555373.000000 0.007338 1.904987	2.000000	0.455698	1.544302	3.211662	1.532089	0.381000	1.151089	2.409868	-1.285575	-0.250000	-1.035575	2.146927	6938.373762
748162573197.000000 0.008579 1.913564	2.000000	0.455698	1.544302	3.237013	1.532089	0.381000	1.151089	2.428764	-1.285575	-0.250000	-1.035575	2.163927	6938.373762
748162588655.000000 0.007440 1.921002	2.000000	0.455698	1.544302	3.259085	1.532089	0.381000	1.151089	2.445216	-1.285575	-0.250000	-1.035575	2.178728	6938.373762
748162606180.000000 0.008434 1.929434	2.000000	0.455698	1.544302	3.284216	1.532089	0.381000	1.151089	2.463948	-1.285575	-0.250000	-1.035575	2.195581	6938.373762
748162621611.000000 0.007427 1.936860	2.000000	0.510048	1.489952	3.305650	1.532089	0.425000	1.107089	2.479874	-1.285575	-0.282000	-1.003575	2.210018	6938.373762
748162639004.000000 0.008372 1.945230	2.000000	0.510048	1.489952	3.329914	1.532089	0.425000	1.107089	2.497903	-1.285575	-0.282000	-1.003575	2.226361	-43.794607
748162657907.000000 0.009097 1.954324	2.000000	0.510048	1.489952	3.356404	1.532089	0.425000	1.107089	2.517586	-1.285575	-0.282000	-1.003575	2.244204	-43.794607
748162672556.000000 0.007051 1.961375	2.000000	0.510048	1.489952	3.377011	1.532089	0.425000	1.107089	2.532898	-1.285575	-0.282000	-1.003575	2.258084	-43.794607
748162687188.000000 0.007042 1.968415	2.000000	0.510048	1.489952	3.397665	1.532089	0.425000	1.107089	2.548244	-1.285575	-0.282000	-1.003575	2.271995	-43.794607
748162702069.000000 0.007162 1.975575	2.000000	0.510048	1.489952	3.418746	1.532089	0.425000	1.107089	2.563909	-1.285575	-0.282000	-1.003575	2.286195	-43.794607
748162718457.000000 0.007888 1.983462	2.000000	0.510048	1.489952	3.442056	1.532089	0.425000	1.107089	2.581229	-1.285575	-0.282000	-1.003575	2.301896	-43.794607
748162735269.000000 0.008092 1.991551	2.000000	0.510048	1.489952	3.466067	1.532089	0.425000	1.107089	2.599070	-1.285575	-0.282000	-1.003575	2.318069	-43.794607
748162753319.000000 0.008688 2.000238	2.000000	0.510048	1.489952	3.491959	1.532089	0.425000	1.107089	2.618309	-1.285575	-0.282000	-1.003575	2.335509	-43.794607
748162767891.000000 0.007014 2.007248	2.000000	0.510048	1.489952	3.512936	1.532089	0.425000	1.107089	2.633895	-1.285575	-0.282000	-1.003575	2.349637	-43.794607
748162783173.000000 0.007355 2.014602	2.000000	0.510048	1.489952	3.535014	1.532089	0.425000	1.107089	2.650300	-1.285575	-0.282000	-1.003575	2.364509	-43.794607
748162798877.000000 0.007559 2.022160	2.000000	0.510048	1.489952	3.557789	1.532089	0.425000	1.107089	2.667223	-1.285575	-0.282000	-1.003575	2.379849	-43.794607
748162819085.000000 0.009726 2.031884	2.000000	0.510048	1.489952	3.587235	1.532089	0.425000	1.107089	2.689102	-1.285575	-0.282000	-1.003575	2.399683	-43.794607
748162837080.000000 0.008661 2.040542	2.000000	0.568570	1.431430	3.612534	1.532089	0.474000	1.058089	2.707803	-1.285575	-0.314000	-0.971575	2.416854	5258.849762
748162854446.000000 0.008359 2.048899	2.000000	0.568570	1.431430	3.637049	1.532089	0.474000	1.058089	2.725924	-1.285575	-0.314000	-0.971575	2.433494	5258.849762
748162870891.000000 0.007916 2.056826	2.000000	0.568570	1.431430	3.660354	1.532089	0.474000	1.058089	2.743150	-1.285575	-0.314000	-0.971575	2.449312	5258.849762
748162885924.000000 0.007236 2.064045	2.000000	0.568570	1.431430	3.681732	1.532089	0.474000	1.058089	2.758953	-1.285575	-0.314000	-0.971575	2.463822	5258.849762
748162900097.000000 0.006822 2.070864	2.000000	0.568570	1.431430	3.701954	1.532089	0.474000	1.058089	2.773901	-1.285575	-0.314000	-0.971575	2.477548	5258.849762
748162914881.000000 0.007116 2.077980	2.000000	0.568570	1.431430	3.723122	1.532089	0.474000	1.058089	2.789547	-1.285575	-0.314000	-0.971575	2.491915	5258.849762
748162932457.000000 0.008459 2.086436	2.000000	0.568570	1.431430	3.748386	1.532089	0.474000	1.058089	2.808222	-1.285575	-0.314000	-0.971575	2.509063	5258.849762
748162948537.000000 0.007739 2.094174	2.000000	0.568570	1.431430	3.771587	1.532089	0.474000	1.058089	2.825372	-1.285575	-0.314000	-0.971575	2.524810	5258.849762
748162962511.000000 0.006727 2.100899	2.000000	0.568570	1.431430	3.791816	1.532089	0.474000	1.058089	2.840324	-1.285575	-0.314000	-0.971575	2.538541	5258.849762
748162978062.000000 0.007485 2.108382	2.000000	0.568570	1.431430	3.814405	1.532089	0.474000	1.058089	2.857022	-1.285575	-0.314000	-0.971575	2.553873	5258.849762
748162995664.000000 0.008472 2.116852	2.000000	0.568570	1.431430	3.840077	1.532089	0.474000	1.058089	2.875999	-1.285575	-0.314000	-0.971575	2.571298	5258.849762
748163011502.000000 0.007624 2.124473	2.000000	0.568570	1.431430	3.863261	1.532089	0.474000	1.058089	2.893136	-1.285575	-0.314000	-0.971575	2.587034	5258.849762
748163026810.000000 0.007368 2.131838	2.000000	0.568570	1.431430	3.885745	1.532089	0.474000	1.058089	2.909755	-1.285575	-0.314000	-0.971575	2.602295	5258.849762
748163042752.000000 0.007674 2.139510	2.000000	0.628478	1.371522	3.908262	1.532089	0.524000	1.008089	2.926306	-1.285575	-0.347000	-0.938575	2.617704	7663.658743
748163060040.000000 0.008321 2.147829	2.000000	0.628478	1.371522	3.932775	1.532089	0.524000	1.008089	2.944323	-1.285575	-0.347000	-0.938575	2.634479	7663.658743
748163075043.000000 0.007222 2.155048	2.000000	0.628478	1.371522	3.954120	1.532089	0.524000	1.008089	2.960012	-1.285575	-0.347000	-0.938575	2.649086	7663.658743
748163091269.000000 0.007810 2.162855	2.000000	0.628478	1.371522	3.977287	1.532089	0.524000	1.008089	2.977040	-1.285575	-0.347000	-0.938575	2.664940	7663.658743
748163105462.000000 0.006831 2.169685	2.000000	0.628478	1.371522	3.997616	1.532089	0.524000	1.008089	2.991982	-1.285575	-0.347000	-0.938575	2.678851	7663.658743
748163119627.000000 0.006818 2.176501	2.000000	0.628478	1.371522	4.017968	1.532089	0.524000	1.008089	3.006942	-1.285575	-0.347000	-0.938575	2.692779	7663.658743
748163133702.000000 0.006775 2.183275	2.000000	0.628478	1.371522	4.038254	1.532089	0.524000	1.008089	3.021852	-1.285575	-0.347000	-0.938575	2.706662	7663.658743
748163152026.000000 0.008820 2.192092	2.000000	0.628478	1.371522	4.064771	1.532089	0.524000	1.008089	3.041342	-1.285575	-0.347000	-0.938575	2.724808	7663.658743
748163170601.000000 0.008940 2.201029	2.000000	0.628478	1.371522	4.091759	1.532089	0.524000	1.008089	3.061179	-1.285575	-0.347000	-0.938575	2.743277	7663.658743
748163184793.000000 0.006831 2.207858	2.000000	0.628478	1.371522	4.112443	1.532089	0.524000	1.008089	3.076382	-1.285575	-0.347000	-0.938575	2.757431	7663.658743
748163199191.000000 0.006930 2.214786	2.000000	0.628478	1.371522	4.133494	1.532089	0.524000	1.008089	3.091855	-1.285575	-0.347000	-0.938575	2.771837	7663.658743
748163214573.000000 0.007404 2.222189	2.000000	0.628478	1.371522	4.156060	1.532089	0.524000	1.008089	3.108441	-1.285575	-0.347000	-0.938575	2.787280	7663.658743
748163233784.000000 0.009246 2.231433	2.000000	0.628478	1.371522	4.184357	1.532089	0.524000	1.008089	3.129240	-1.285575	-0.347000	-0.938575	2.806644	7663.658743
748163250535.000000 0.008062 2.239493	2.000000	0.688939	1.311061	4.208029	1.532089	0.574000	0.958089	3.146539	-1.285575	-0.381000	-0.904575	2.822977	12864.371233
748163266120.000000 0.007502 2.246993	2.000000	0.688939	1.311061	4.230129	1.532089	0.574000	0.958089	3.162689	-1.285575	-0.381000	-0.904575	2.838225	12864.371233
748163289736.000000 0.011366 2.258356	2.000000	0.688939	1.311061	4.263781	1.532089	0.574000	0.958089	3.187281	-1.285575	-0.381000	-0.904575	2.861444	12864.371233
748163306575.000000 0.008104 2.266459	2.000000	0.688939	1.311061	4.287863	1.532089	0.574000	0.958089	3.204879	-1.285575	-0.381000	-0.904575	2.878059	12864.371233
748163321085.000000 0.006984 2.273441	2.000000	0.688939	1.311061	4.308679	1.532089	0.574000	0.958089	3.220091	-1.285575	-0.381000	-0.904575	2.892421	12864.371233
748163337977.000000 0.008130 2.281571	2.000000	0.688939	1.311061	4.332999	1.532089	0.574000	0.958089	3.237864	-1.285575	-0.381000	-0.904575	2.909201	12864.371233
748163354678.000000 0.008038 2.289605	2.000000	0.688939	1.311061	4.357129	1.532089	0.574000	0.958089	3.255497	-1.285575	-0.381000	-0.904575	2.925849	12864.371233
748163369531.000000 0.007150 2.296753	2.000000	0.688939	1.311061	4.378657	1.532089	0.574000	0.958089	3.271229	-1.285575	-0.381000	-0.904575	2.940703	12864.371233
748163383888.000000 0.006911 2.303662	2.000000	0.688939	1.311061	4.399530	1.532089	0.574000	0.958089	3.286482	-1.285575	-0.381000	-0.904575	2.955104	12864.371233
748163399416.000000 0.007474 2.311134	2.000000	0.688939	1.311061	4.422176	1.532089	0.574000	0.958089	3.303032	-1.285575	-0.381000	-0.904575	2.970729	12864.371233
748163416543.000000 0.008243 2.319375	2.000000	0.688939	1.311061	4.447242	1.532089	0.574000	0.958089	3.321350	-1.285575	-0.381000	-0.904575	2.988024	12864.371233
748163434860.000000 0.008816 2.328189	2.000000	0.688939	1.311061	4.474152	1.532089	0.574000	0.958089	3.341014	-1.285575	-0.381000	-0.904575	3.006590	12864.371233
748163449662.000000 0.007125 2.335312	2.000000	0.688939	1.311061	4.495969	1.532089	0.574000	0.958089	3.356957	-1.285575	-0.381000	-0.904575	3.021643	12864.371233
748163464825.000000 0.007298 2.342608	2.000000	0.749679	1.250321	4.517345	1.532089	0.623000	0.909089	3.372500	-1.285575	-0.417000	-0.868575	3.036493	14024.072270
748163483097.000000 0.008795 2.351400	2.000000	0.749679	1.250321	4.543202	1.532089	0.623000	0.909089	3.391300	-1.285575	-0.417000	-0.868575	3.054455	14024.072270
748163499122.000000 0.007714 2.359112	2.000000	0.749679	1.250321	4.565954	1.532089	0.623000	0.909089	3.407843	-1.285575	-0.417000	-0.868575	3.070260	14024.072270
748163517523.000000 0.008857 2.367966	2.000000	0.749679	1.250321	4.592176	1.532089	0.623000	0.909089	3.426909	-1.285575	-0.417000	-0.868575	3.088477	14024.072270
748163533492.000000 0.007686 2.375649	2.000000	0.749679	1.250321	4.615005	1.532089	0.623000	0.909089	3.443507	-1.285575	-0.417000	-0.868575	3.104335	14024.072270
748163547612.000000 0.006796 2.382444	2.000000	0.749679	1.250321	4.635249	1.532089	0.623000	0.909089	3.458226	-1.285575	-0.417000	-0.868575	3.118398	14024.072270
748163566357.000000 0.009022 2.391464	2.000000	0.749679	1.250321	4.662225	1.532089	0.623000	0.909089	3.477840	-1.285575	-0.417000	-0.868575	3.137138	14024.072270
748163584500.000000 0.008732 2.400194	2.000000	0.749679	1.250321	4.688431	1.532089	0.623000	0.909089	3.496893	-1.285575	-0.417000	-0.868575	3.155342	14024.072270
748163602245.000000 0.008540 2.408733	2.000000	0.749679	1.250321	4.714151	1.532089	0.623000	0.909089	3.515594	-1.285575	-0.417000	-0.868575	3.173210	14024.072270
748163617456.000000 0.007321 2.416052	2.000000	0.749679	1.250321	4.736268	1.532089	0.623000	0.909089	3.531675	-1.285575	-0.417000	-0.868575	3.188574	14024.072270
748163636533.000000 0.009181 2.425232	2.000000	0.749679	1.250321	4.764108	1.532089	0.623000	0.909089	3.551917	-1.285575	-0.417000	-0.868575	3.207914	14024.072270
748163656742.000000 0.009728 2.434958	2.000000	0.810159	1.189841	4.792291	1.532089	0.671000	0.861089	3.572313	-1.285575	-0.454000	-0.831575	3.227611	14024.072270
748163677882.000000 0.010174 2.445128	2.000000	0.810159	1.189841	4.821891	1.532089	0.671000	0.861089	3.593735	-1.285575	-0.454000	-0.831575	3.248299	5589.858400
748163693035.000000 0.007293 2.452420	2.000000	0.810159	1.189841	4.843174	1.532089	0.671000	0.861089	3.609137	-1.285575	-0.454000	-0.831575	3.263173	5589.858400
748163708137.000000 0.007268 2.459687	2.000000	0.810159	1.189841	4.864446	1.532089	0.671000	0.861089	3.624532	-1.285575	-0.454000	-0.831575	3.278040	5589.858400
748163726137.000000 0.008664 2.468350	2.000000	0.810159	1.189841	4.889891	1.532089	0.671000	0.861089	3.642946	-1.285575	-0.454000	-0.831575	3.295823	5589.858400
748163745132.000000 0.009142 2.477489	2.000000	0.810159	1.189841	4.916840	1.532089	0.671000	0.861089	3.662450	-1.285575	-0.454000	-0.831575	3.314658	5589.858400
748163765638.000000 0.009870 2.487358	2.000000	0.810159	1.189841	4.946052	1.532089	0.671000	0.861089	3.683590	-1.285575	-0.454000	-0.831575	3.335074	5589.858400
748163784919.000000 0.009280 2.496635	2.000000	0.810159	1.189841	4.973620	1.532089	0.671000	0.861089	3.703541	-1.285575	-0.454000	-0.831575	3.354341	5589.858400
748163801198.000000 0.007835 2.504466	2.000000	0.810159	1.189841	4.996967	1.532089	0.671000	0.861089	3.720437	-1.285575	-0.454000	-0.831575	3.370658	5589.858400
748163818439.000000 0.008299 2.512766	2.000000	0.810159	1.189841	5.021778	1.532089	0.671000	0.861089	3.738393	-1.285575	-0.454000	-0.831575	3.387999	5589.858400
748163834898.000000 0.007922 2.520683	2.000000	0.810159	1.189841	5.045537	1.532089	0.671000	0.861089	3.755588	-1.285575	-0.454000	-0.831575	3.404604	5589.858400
748163854453.000000 0.009412 2.530095	2.000000	0.810159	1.189841	5.073872	1.532089	0.671000	0.861089	3.776093	-1.285575	-0.454000	-0.831575	3.424407	5589.858400
748163871883.000000 0.008390 2.538482	2.000000	0.870093	1.129907	5.097935	1.532089	0.719000	0.813089	3.793410	-1.285575	-0.490000	-0.795575	3.441350	1622.972726
748163887037.000000 0.007294 2.545773	2.000000	0.870093	1.129907	5.118916	1.532089	0.719000	0.813089	3.808508	-1.285575	-0.490000	-0.795575	3.456123	1622.972726
748163901898.000000 0.007152 2.552923	2.000000	0.870093	1.129907	5.139547	1.532089	0.719000	0.813089	3.823354	-1.285575	-0.490000	-0.795575	3.470650	1622.972726
748163917767.000000 0.007638 2.560561	2.000000	0.870093	1.129907	5.161647	1.532089	0.719000	0.813089	3.839257	-1.285575	-0.490000	-0.795575	3.486210	1622.972726
748163937727.000000 0.009607 2.570165	2.000000	0.870093	1.129907	5.189546	1.532089	0.719000	0.813089	3.859334	-1.285575	-0.490000	-0.795575	3.505854	1622.972726
748163957507.000000 0.009521 2.579684	2.000000	0.870093	1.129907	5.217298	1.532089	0.719000	0.813089	3.879304	-1.285575	-0.490000	-0.795575	3.525394	1622.972726
748163975635.000000 0.008725 2.588406	2.000000	0.870093	1.129907	5.242817	1.532089	0.719000	0.813089	3.897667	-1.285575	-0.490000	-0.795575	3.543362	1622.972726
748163992153.000000 0.007950 2.596353	2.000000	0.870093	1.129907	5.266138	1.532089	0.719000	0.813089	3.914450	-1.285575	-0.490000	-0.795575	3.559783	1622.972726
748164011598.000000 0.009360 2.605711	2.000000	0.870093	1.129907	5.293695	1.532089	0.719000	0.813089	3.934280	-1.285575	-0.490000	-0.795575	3.579186	1622.972726
748164028627.000000 0.008197 2.613905	2.000000	0.870093	1.129907	5.317904	1.532089	0.719000	0.813089	3.951700	-1.285575	-0.490000	-0.795575	3.596231	1622.972726
748164046553.000000 0.008628 2.622531	2.000000	0.870093	1.129907	5.343470	1.532089	0.719000	0.813089	3.970098	-1.285575	-0.490000	-0.795575	3.614232	1622.972726
748164066532.000000 0.009616 2.632145	2.000000	0.870093	1.129907	5.372069	1.532089	0.719000	0.813089	3.990678	-1.285575	-0.490000	-0.795575	3.634369	1622.972726
748164083241.000000 0.008042 2.640184	2.000000	0.930295	1.069705	5.394782	1.532089	0.768000	0.764089	4.006902	-1.285575	-0.525000	-0.760575	3.650518	-2553.548916
748164097772.000000 0.006994 2.647176	2.000000	0.930295	1.069705	5.414587	1.532089	0.768000	0.764089	4.021049	-1.285575	-0.525000	-0.760575	3.664600	-2553.548916
748164113580.000000 0.007609 2.654784	2.000000	0.930295	1.069705	5.436195	1.532089	0.768000	0.764089	4.036484	-1.285575	-0.525000	-0.760575	3.679964	-2553.548916
748164130732.000000 0.008255 2.663037	2.000000	0.930295	1.069705	5.459712	1.532089	0.768000	0.764089	4.053282	-1.285575	-0.525000	-0.760575	3.696685	-2553.548916
748164149229.000000 0.008903 2.671938	2.000000	0.930295	1.069705	5.485159	1.532089	0.768000	0.764089	4.071458	-1.285575	-0.525000	-0.760575	3.714778	-2553.548916
748164164669.000000 0.007432 2.679367	2.000000	0.930295	1.069705	5.506458	1.532089	0.768000	0.764089	4.086672	-1.285575	-0.525000	-0.760575	3.729922	-2553.548916
748164181869.000000 0.008278 2.687643	2.000000	0.930295	1.069705	5.530259	1.532089	0.768000	0.764089	4.103673	-1.285575	-0.525000	-0.760575	3.746845	-2553.548916
748164198127.000000 0.007825 2.695466	2.000000	0.930295	1.069705	5.552820	1.532089	0.768000	0.764089	4.119788	-1.285575	-0.525000	-0.760575	3.762886	-2553.548916
748164216430.000000 0.008809 2.704274	2.000000	0.930295	1.069705	5.578303	1.532089	0.768000	0.764089	4.137991	-1.285575	-0.525000	-0.760575	3.781005	-2553.548916
748164234212.000000 0.008559 2.712831	2.000000	0.930295	1.069705	5.603140	1.532089	0.768000	0.764089	4.155732	-1.285575	-0.525000	-0.760575	3.798664	-2553.548916
748164250533.000000 0.007856 2.720685	2.000000	0.930295	1.069705	5.626005	1.532089	0.768000	0.764089	4.172064	-1.285575	-0.525000	-0.760575	3.814922	-2553.548916
748164267428.000000 0.008132 2.728814	2.000000	0.930295	1.069705	5.649742	1.532089	0.768000	0.764089	4.189019	-1.285575	-0.525000	-0.760575	3.831799	-2553.548916
748164282958.000000 0.007475 2.736287	2.000000	0.991324	1.008676	5.670372	1.532089	0.818000	0.714089	4.203625	-1.285575	-0.560000	-0.725575	3.846639	-2553.548916
748164300729.000000 0.008554 2.744838	2.000000	0.991324	1.008676	5.694055	1.532089	0.818000	0.714089	4.220391	-1.285575	-0.560000	-0.725575	3.863674	432.835729
748164317935.000000 0.008281 2.753118	2.000000	0.991324	1.008676	5.717052	1.532089	0.818000	0.714089	4.236671	-1.285575	-0.560000	-0.725575	3.880217	432.835729
748164337138.000000 0.009242 2.762358	2.000000	0.991324	1.008676	5.742804	1.532089	0.818000	0.714089	4.254902	-1.285575	-0.560000	-0.725575	3.898741	432.835729
748164354649.000000 0.008428 2.770784	2.000000	0.991324	1.008676	5.766359	1.532089	0.818000	0.714089	4.271578	-1.285575	-0.560000	-0.725575	3.915685	432.835729
748164369582.000000 0.007188 2.777969	2.000000	0.991324	1.008676	5.786499	1.532089	0.818000	0.714089	4.285836	-1.285575	-0.560000	-0.725575	3.930173	432.835729
748164384548.000000 0.007203 2.785171	2.000000	0.991324	1.008676	5.806736	1.532089	0.818000	0.714089	4.300163	-1.285575	-0.560000	-0.725575	3.944730	432.835729
748164400996.000000 0.007918 2.793087	2.000000	0.991324	1.008676	5.829042	1.532089	0.818000	0.714089	4.315954	-1.285575	-0.560000	-0.725575	3.960775	432.835729
748164421056.000000 0.009655 2.802739	2.000000	0.991324	1.008676	5.856336	1.532089	0.818000	0.714089	4.335277	-1.285575	-0.560000	-0.725575	3.980409	432.835729
748164438253.000000 0.008277 2.811013	2.000000	0.991324	1.008676	5.879805	1.532089	0.818000	0.714089	4.351892	-1.285575	-0.560000	-0.725575	3.997291	432.835729
748164453225.000000 0.007206 2.818218	2.000000	0.991324	1.008676	5.900290	1.532089	0.818000	0.714089	4.366394	-1.285575	-0.560000	-0.725575	4.012027	432.835729
748164470257.000000 0.008198 2.826413	2.000000	0.991324	1.008676	5.923660	1.532089	0.818000	0.714089	4.382939	-1.285575	-0.560000	-0.725575	4.028838	432.835729
748164489528.000000 0.009276 2.835689	2.000000	1.051529	0.948471	5.948610	1.532089	0.867000	0.665089	4.400435	-1.285575	-0.595000	-0.690575	4.047004	432.835729
748164507364.000000 0.008584 2.844269	2.000000	1.051529	0.948471	5.971768	1.532089	0.867000	0.665089	4.416674	-1.285575	-0.595000	-0.690575	4.063865	2637.221424
748164523057.000000 0.007553 2.851820	2.000000	1.051529	0.948471	5.992199	1.532089	0.867000	0.665089	4.431000	-1.285575	-0.595000	-0.690575	4.078740	2637.221424
748164537077.000000 0.006748 2.858566	2.000000	1.051529	0.948471	6.010494	1.532089	0.867000	0.665089	4.443829	-1.285575	-0.595000	-0.690575	4.092061	2637.221424
748164551371.000000 0.006881 2.865445	2.000000	1.051529	0.948471	6.029194	1.532089	0.867000	0.665089	4.456942	-1.285575	-0.595000	-0.690575	4.105676	2637.221424
748164565656.000000 0.006876 2.872319	2.000000	1.051529	0.948471	6.047926	1.532089	0.867000	0.665089	4.470077	-1.285575	-0.595000	-0.690575	4.119314	2637.221424
748164582198.000000 0.007962 2.880278	2.000000	1.051529	0.948471	6.069676	1.532089	0.867000	0.665089	4.485329	-1.285575	-0.595000	-0.690575	4.135151	2637.221424
748164600238.000000 0.008683 2.888960	2.000000	1.051529	0.948471	6.093469	1.532089	0.867000	0.665089	4.502013	-1.285575	-0.595000	-0.690575	4.152474	2637.221424
748164617436.000000 0.008277 2.897234	2.000000	1.051529	0.948471	6.116215	1.532089	0.867000	0.665089	4.517963	-1.285575	-0.595000	-0.690575	4.169035	2637.221424
748164632154.000000 0.007084 2.904316	2.000000	1.051529	0.948471	6.135728	1.532089	0.867000	0.665089	4.531646	-1.285575	-0.595000	-0.690575	4.183243	2637.221424
748164649671.000000 0.008431 2.912746	2.000000	1.051529	0.948471	6.159019	1.532089	0.867000	0.665089	4.547978	-1.285575	-0.595000	-0.690575	4.200201	2637.221424
748164668370.000000 0.009000 2.921744	2.000000	1.051529	0.948471	6.183959	1.532089	0.867000	0.665089	4.565467	-1.285575	-0.595000	-0.690575	4.218360	2637.221424
748164687440.000000 0.009178 2.930921	2.000000	1.051529	0.948471	6.209474	1.532089	0.867000	0.665089	4.583358	-1.285575	-0.595000	-0.690575	4.236937	2637.221424
748164705942.000000 0.008905 2.939824	2.000000	1.111479	0.888521	6.232736	1.532089	0.915000	0.617089	4.599514	-1.285575	-0.631000	-0.654575	4.254074	-1164.180843
748164724560.000000 0.008961 2.948782	2.000000	1.111479	0.888521	6.256213	1.532089	0.915000	0.617089	4.615819	-1.285575	-0.631000	-0.654575	4.271370	-1164.180843
748164740544.000000 0.007693 2.956474	2.000000	1.111479	0.888521	6.276422	1.532089	0.915000	0.617089	4.629854	-1.285575	-0.631000	-0.654575	4.286257	-1164.180843
748164755955.000000 0.007418 2.963888	2.000000	1.111479	0.888521	6.295956	1.532089	0.915000	0.617089	4.643421	-1.285575	-0.631000	-0.654575	4.300648	-1164.180843
748164775139.000000 0.009234 2.973122	2.000000	1.111479	0.888521	6.320349	1.532089	0.915000	0.617089	4.660362	-1.285575	-0.631000	-0.654575	4.318619	-1164.180843
748164794229.000000 0.009188 2.982307	2.000000	1.111479	0.888521	6.344697	1.532089	0.915000	0.617089	4.677272	-1.285575	-0.631000	-0.654575	4.336556	-1164.180843
748164819240.000000 0.012037 2.994342	2.000000	1.111479	0.888521	6.376723	1.532089	0.915000	0.617089	4.699515	-1.285575	-0.631000	-0.654575	4.360149	-1164.180843
748164836381.000000 0.008250 3.002589	2.000000	1.111479	0.888521	6.398732	1.532089	0.915000	0.617089	4.714800	-1.285575	-0.631000	-0.654575	4.376363	-1164.180843
748164853423.000000 0.008203 3.010791	2.000000	1.111479	0.888521	6.420677	1.532089	0.915000	0.617089	4.730041	-1.285575	-0.631000	-0.654575	4.392530	-1164.180843
748164874541.000000 0.010164 3.020953	2.000000	1.111479	0.888521	6.447959	1.532089	0.915000	0.617089	4.748989	-1.285575	-0.631000	-0.654575	4.412630	-1164.180843
748164894801.000000 0.009752 3.030702	2.000000	1.111479	0.888521	6.474219	1.532089	0.915000	0.617089	4.767227	-1.285575	-0.631000	-0.654575	4.431975	-1164.180843
748164917652.000000 0.010998 3.041696	2.000000	1.172826	0.827174	6.501890	1.532089	0.964000	0.568089	4.786231	-1.285575	-0.668000	-0.617575	4.452634	-6987.845305
748164936995.000000 0.009310 3.051004	2.000000	1.172826	0.827174	6.525385	1.532089	0.964000	0.568089	4.802367	-1.285575	-0.668000	-0.617575	4.470176	-6987.845305
748164954533.000000 0.008441 3.059443	2.000000	1.172826	0.827174	6.546746	1.532089	0.964000	0.568089	4.817037	-1.285575	-0.668000	-0.617575	4.486125	-6987.845305
748164974241.000000 0.009485 3.068926	2.000000	1.172826	0.827174	6.570825	1.532089	0.964000	0.568089	4.833574	-1.285575	-0.668000	-0.617575	4.504102	-6987.845305
748164994425.000000 0.009714 3.078640	2.000000	1.172826	0.827174	6.595563	1.532089	0.964000	0.568089	4.850564	-1.285575	-0.668000	-0.617575	4.522572	-6987.845305
748165018052.000000 0.011372 3.090008	2.000000	1.172826	0.827174	6.624628	1.532089	0.964000	0.568089	4.870526	-1.285575	-0.668000	-0.617575	4.544272	-6987.845305
748165035573.000000 0.008433 3.098439	2.000000	1.172826	0.827174	6.646242	1.532089	0.964000	0.568089	4.885369	-1.285575	-0.668000	-0.617575	4.560408	-6987.845305
748165051809.000000 0.007815 3.106252	2.000000	1.172826	0.827174	6.666320	1.532089	0.964000	0.568089	4.899159	-1.285575	-0.668000	-0.617575	4.575400	-6987.845305
748165072724.000000 0.010067 3.116318	2.000000	1.172826	0.827174	6.692270	1.532089	0.964000	0.568089	4.916981	-1.285575	-0.668000	-0.617575	4.594774	-6987.845305
748165099375.000000 0.012826 3.129141	2.000000	1.172826	0.827174	6.725469	1.532089	0.964000	0.568089	4.939781	-1.285575	-0.668000	-0.617575	4.619560	-6987.845305
748165118867.000000 0.009382 3.138520	2.000000	1.232215	0.767785	6.748076	1.532089	1.012000	0.520089	4.955095	-1.285575	-0.703000	-0.582575	4.636714	-7344.746674
748165140150.000000 0.010244 3.148762	2.000000	1.232215	0.767785	6.772841	1.532089	1.012000	0.520089	4.971870	-1.285575	-0.703000	-0.582575	4.655505	-7344.746674
748165160306.000000 0.009701 3.158461	2.000000	1.232215	0.767785	6.796367	1.532089	1.012000	0.520089	4.987807	-1.285575	-0.703000	-0.582575	4.673356	-7344.746674
748165180399.000000 0.009671 3.168128	2.000000	1.232215	0.767785	6.819890	1.532089	1.012000	0.520089	5.003741	-1.285575	-0.703000	-0.582575	4.691205	-7344.746674
748165197743.000000 0.008348 3.176474	2.000000	1.232215	0.767785	6.840250	1.532089	1.012000	0.520089	5.017532	-1.285575	-0.703000	-0.582575	4.706653	-7344.746674
748165214346.000000 0.007992 3.184463	2.000000	1.232215	0.767785	6.859789	1.532089	1.012000	0.520089	5.030768	-1.285575	-0.703000	-0.582575	4.721479	-7344.746674
748165234070.000000 0.009493 3.193954	2.000000	1.232215	0.767785	6.883069	1.532089	1.012000	0.520089	5.046537	-1.285575	-0.703000	-0.582575	4.739143	-7344.746674
748165255823.000000 0.010470 3.204422	2.000000	1.232215	0.767785	6.908828	1.532089	1.012000	0.520089	5.063986	-1.285575	-0.703000	-0.582575	4.758688	-7344.746674
748165276514.000000 0.009958 3.214378	2.000000	1.232215	0.767785	6.933404	1.532089	1.012000	0.520089	5.080634	-1.285575	-0.703000	-0.582575	4.777336	-7344.746674
748165296106.000000 0.009429 3.223806	2.000000	1.232215	0.767785	6.956744	1.532089	1.012000	0.520089	5.096444	-1.285575	-0.703000	-0.582575	4.795046	-7344.746674
748165320137.000000 0.011566 3.235369	2.000000	1.292997	0.707003	6.983200	1.532089	1.061000	0.471089	5.114072	-1.285575	-0.739000	-0.546575	4.815498	-7344.746674
748165340502.000000 0.009801 3.245168	2.000000	1.292997	0.707003	7.005688	1.532089	1.061000	0.471089	5.129056	-1.285575	-0.739000	-0.546575	4.832883	-4754.289271
748165361285.000000 0.010003 3.255171	2.000000	1.292997	0.707003	7.028710	1.532089	1.061000	0.471089	5.144396	-1.285575	-0.739000	-0.546575	4.850682	-4754.289271
748165381632.000000 0.009794 3.264961	2.000000	1.292997	0.707003	7.051317	1.532089	1.061000	0.471089	5.159460	-1.285575	-0.739000	-0.546575	4.868159	-4754.289271
748165398182.000000 0.007965 3.272923	2.000000	1.292997	0.707003	7.069748	1.532089	1.061000	0.471089	5.171741	-1.285575	-0.739000	-0.546575	4.882408	-4754.289271
748165416307.000000 0.008724 3.281646	2.000000	1.292997	0.707003	7.089990	1.532089	1.061000	0.471089	5.185228	-1.285575	-0.739000	-0.546575	4.898057	-4754.289271
748165436741.000000 0.009835 3.291479	2.000000	1.292997	0.707003	7.112877	1.532089	1.061000	0.471089	5.200478	-1.285575	-0.739000	-0.546575	4.915750	-4754.289271
748165453151.000000 0.007898 3.299374	2.000000	1.292997	0.707003	7.131301	1.532089	1.061000	0.471089	5.212755	-1.285575	-0.739000	-0.546575	4.929994	-4754.289271
748165467577.000000 0.006944 3.306316	2.000000	1.292997	0.707003	7.147532	1.532089	1.061000	0.471089	5.223570	-1.285575	-0.739000	-0.546575	4.942542	-4754.289271
748165484330.000000 0.008063 3.314377	2.000000	1.292997	0.707003	7.166427	1.532089	1.061000	0.471089	5.236160	-1.285575	-0.739000	-0.546575	4.957149	-4754.289271
748165500565.000000 0.007815 3.322191	2.000000	1.292997	0.707003	7.184783	1.532089	1.061000	0.471089	5.248391	-1.285575	-0.739000	-0.546575	4.971340	-4754.289271
748165518895.000000 0.008823 3.331010	2.000000	1.292997	0.707003	7.205560	1.532089	1.061000	0.471089	5.262235	-1.285575	-0.739000	-0.546575	4.987403	-4754.289271
748165542221.000000 0.011226 3.342235	2.000000	1.353535	0.646465	7.229816	1.532089	1.109000	0.423089	5.278110	-1.285575	-0.776000	-0.509575	5.006522	444.130792
748165565610.000000 0.011257 3.353488	2.000000	1.353535	0.646465	7.254219	1.532089	1.109000	0.423089	5.294081	-1.285575	-0.776000	-0.509575	5.025758	444.130792
748165584470.000000 0.009077 3.362564	2.000000	1.353535	0.646465	7.273951	1.532089	1.109000	0.423089	5.306995	-1.285575	-0.776000	-0.509575	5.041312	444.130792
748165603097.000000 0.008967 3.371530	2.000000	1.353535	0.646465	7.293496	1.532089	1.109000	0.423089	5.319786	-1.285575	-0.776000	-0.509575	5.056717	444.130792
748165620665.000000 0.008456 3.379981	2.000000	1.353535	0.646465	7.311971	1.532089	1.109000	0.423089	5.331877	-1.285575	-0.776000	-0.509575	5.071281	444.130792
748165638685.000000 0.008673 3.388652	2.000000	1.353535	0.646465	7.330972	1.532089	1.109000	0.423089	5.344312	-1.285575	-0.776000	-0.509575	5.086258	444.130792
748165655648.000000 0.008172 3.396822	2.000000	1.353535	0.646465	7.348916	1.532089	1.109000	0.423089	5.356056	-1.285575	-0.776000	-0.509575	5.100402	444.130792
748165673882.000000 0.008776 3.405589	2.000000	1.353535	0.646465	7.368238	1.532089	1.109000	0.423089	5.368702	-1.285575	-0.776000	-0.509575	5.115633	444.130792
748165691449.000000 0.008455 3.414042	2.000000	1.353535	0.646465	7.386899	1.532089	1.109000	0.423089	5.380915	-1.285575	-0.776000	-0.509575	5.130342	444.130792
748165709911.000000 0.008887 3.422926	2.000000	1.353535	0.646465	7.406563	1.532089	1.109000	0.423089	5.393784	-1.285575	-0.776000	-0.509575	5.145843	444.130792
748165727832.000000 0.008626 3.431549	2.000000	1.353535	0.646465	7.425699	1.532089	1.109000	0.423089	5.406308	-1.285575	-0.776000	-0.509575	5.160926	444.130792
748165747356.000000 0.009398 3.440945	2.000000	1.413836	0.586164	7.444653	1.532089	1.156000	0.376089	5.418469	-1.285575	-0.814000	-0.471575	5.176176	1616.892724
748165773690.000000 0.012674 3.453615	2.000000	1.413836	0.586164	7.470311	1.532089	1.156000	0.376089	5.434931	-1.285575	-0.814000	-0.471575	5.196817	1616.892724
748165818014.000000 0.021331 3.474945	2.000000	1.413836	0.586164	7.513760	1.532089	1.156000	0.376089	5.462809	-1.285575	-0.814000	-0.471575	5.231773	1616.892724
748165853285.000000 0.016974 3.491916	2.000000	1.413836	0.586164	7.548503	1.532089	1.156000	0.376089	5.485100	-1.285575	-0.814000	-0.471575	5.259724	1616.892724
748165871862.000000 0.008942 3.500855	2.000000	1.413836	0.586164	7.566852	1.532089	1.156000	0.376089	5.496873	-1.285575	-0.814000	-0.471575	5.274485	1616.892724
748165891024.000000 0.009223 3.510076	2.000000	1.413836	0.586164	7.585828	1.532089	1.156000	0.376089	5.509048	-1.285575	-0.814000	-0.471575	5.289752	1616.892724
748165916985.000000 0.012495 3.522568	2.000000	1.413836	0.586164	7.611627	1.532089	1.156000	0.376089	5.525601	-1.285575	-0.814000	-0.471575	5.310508	1616.892724
748165943287.000000 0.012659 3.535226	2.000000	1.474490	0.525510	7.635145	1.532089	1.202000	0.330089	5.540374	-1.285575	-0.854000	-0.431575	5.329822	1616.892724
748165964881.000000 0.010394 3.545616	2.000000	1.474490	0.525510	7.654511	1.532089	1.202000	0.330089	5.552538	-1.285575	-0.854000	-0.431575	5.345726	-6807.408982
748165985504.000000 0.009926 3.555539	2.000000	1.474490	0.525510	7.673058	1.532089	1.202000	0.330089	5.564188	-1.285575	-0.854000	-0.431575	5.360958	-6807.408982
748166007325.000000 0.010502 3.566038	2.000000	1.474490	0.525510	7.692739	1.532089	1.202000	0.330089	5.576551	-1.285575	-0.854000	-0.431575	5.377121	-6807.408982
748166026706.000000 0.009328 3.575364	2.000000	1.474490	0.525510	7.710265	1.532089	1.202000	0.330089	5.587559	-1.285575	-0.854000	-0.431575	5.391514	-6807.408982
748166045151.000000 0.008877 3.584239	2.000000	1.474490	0.525510	7.726986	1.532089	1.202000	0.330089	5.598062	-1.285575	-0.854000	-0.431575	5.405246	-6807.408982
748166063828.000000 0.008989 3.593227	2.000000	1.474490	0.525510	7.743960	1.532089	1.202000	0.330089	5.608724	-1.285575	-0.854000	-0.431575	5.419186	-6807.408982
748166081711.000000 0.008607 3.601832	2.000000	1.474490	0.525510	7.760251	1.532089	1.202000	0.330089	5.618957	-1.285575	-0.854000	-0.431575	5.432565	-6807.408982
748166099246.000000 0.008440 3.610270	2.000000	1.474490	0.525510	7.776263	1.532089	1.202000	0.330089	5.629014	-1.285575	-0.854000	-0.431575	5.445715	-6807.408982
748166120058.000000 0.010018 3.620287	2.000000	1.474490	0.525510	7.795322	1.532089	1.202000	0.330089	5.640986	-1.285575	-0.854000	-0.431575	5.461367	-6807.408982
748166140452.000000 0.009815 3.630098	2.000000	1.474490	0.525510	7.814047	1.532089	1.202000	0.330089	5.652747	-1.285575	-0.854000	-0.431575	5.476745	-6807.408982
748166158016.000000 0.008454 3.638550	2.000000	1.534004	0.465996	7.828380	1.532089	1.248000	0.284089	5.661486	-1.285575	-0.892000	-0.393575	5.488851	-14572.279830
748166177763.000000 0.009505 3.648052	2.000000	1.534004	0.465996	7.844537	1.532089	1.248000	0.284089	5.671336	-1.285575	-0.892000	-0.393575	5.502497	-14572.279830
748166195673.000000 0.008620 3.656670	2.000000	1.534004	0.465996	7.859226	1.532089	1.248000	0.284089	5.680290	-1.285575	-0.892000	-0.393575	5.514903	-14572.279830
748166220637.000000 0.012015 3.668684	2.000000	1.534004	0.465996	7.879767	1.532089	1.248000	0.284089	5.692813	-1.285575	-0.892000	-0.393575	5.532251	-14572.279830
748166241616.000000 0.010097 3.678777	2.000000	1.534004	0.465996	7.897076	1.532089	1.248000	0.284089	5.703365	-1.285575	-0.892000	-0.393575	5.546871	-14572.279830
748166268481.000000 0.012929 3.691705	2.000000	1.534004	0.465996	7.919319	1.532089	1.248000	0.284089	5.716925	-1.285575	-0.892000	-0.393575	5.565656	-14572.279830
748166289351.000000 0.010044 3.701747	2.000000	1.534004	0.465996	7.936645	1.532089	1.248000	0.284089	5.727488	-1.285575	-0.892000	-0.393575	5.580290	-14572.279830
748166308798.000000 0.009360 3.711105	2.000000	1.534004	0.465996	7.952832	1.532089	1.248000	0.284089	5.737356	-1.285575	-0.892000	-0.393575	5.593962	-14572.279830
748166329407.000000 0.009919 3.721022	2.000000	1.534004	0.465996	7.970032	1.532089	1.248000	0.284089	5.747842	-1.285575	-0.892000	-0.393575	5.608489	-14572.279830
748166350556.000000 0.010179 3.731199	2.000000	1.534004	0.465996	7.987731	1.532089	1.248000	0.284089	5.758632	-1.285575	-0.892000	-0.393575	5.623437	-14572.279830
748166371952.000000 0.010298 3.741494	2.000000	1.594571	0.405429	8.003351	1.532089	1.296000	0.236089	5.767728	-1.285575	-0.929000	-0.356575	5.637175	-14560.991022
748166388774.000000 0.008097 3.749589	2.000000	1.594571	0.405429	8.015660	1.532089	1.296000	0.236089	5.774895	-1.285575	-0.929000	-0.356575	5.648000	-14560.991022
748166407025.000000 0.008784 3.758370	2.000000	1.594571	0.405429	8.029044	1.532089	1.296000	0.236089	5.782690	-1.285575	-0.929000	-0.356575	5.659772	-14560.991022
748166421963.000000 0.007190 3.765558	2.000000	1.594571	0.405429	8.040021	1.532089	1.296000	0.236089	5.789081	-1.285575	-0.929000	-0.356575	5.669426	-14560.991022
748166436530.000000 0.007011 3.772568	2.000000	1.594571	0.405429	8.050745	1.532089	1.296000	0.236089	5.795326	-1.285575	-0.929000	-0.356575	5.678858	-14560.991022
748166452774.000000 0.007819 3.780385	2.000000	1.594571	0.405429	8.062729	1.532089	1.296000	0.236089	5.802305	-1.285575	-0.929000	-0.356575	5.689398	-14560.991022
748166471722.000000 0.009121 3.789503	2.000000	1.594571	0.405429	8.076742	1.532089	1.296000	0.236089	5.810464	-1.285575	-0.929000	-0.356575	5.701722	-14560.991022
748166489924.000000 0.008761 3.798261	2.000000	1.594571	0.405429	8.090233	1.532089	1.296000	0.236089	5.818321	-1.285575	-0.929000	-0.356575	5.713587	-14560.991022
748166506867.000000 0.008155 3.806415	2.000000	1.594571	0.405429	8.102818	1.532089	1.296000	0.236089	5.825649	-1.285575	-0.929000	-0.356575	5.724656	-14560.991022
748166523902.000000 0.008200 3.814611	2.000000	1.594571	0.405429	8.115499	1.532089	1.296000	0.236089	5.833034	-1.285575	-0.929000	-0.356575	5.735809	-14560.991022
748166542276.000000 0.008845 3.823454	2.000000	1.594571	0.405429	8.129210	1.532089	1.296000	0.236089	5.841018	-1.285575	-0.929000	-0.356575	5.747868	-14560.991022
748166560377.000000 0.008712 3.832162	2.000000	1.594571	0.405429	8.142745	1.532089	1.296000	0.236089	5.848900	-1.285575	-0.929000	-0.356575	5.759772	-14560.991022
748166577878.000000 0.008424 3.840584	2.000000	1.655141	0.344859	8.153902	1.532089	1.344000	0.188089	5.854985	-1.285575	-0.966000	-0.319575	5.770111	-15154.892563
748166594409.000000 0.007956 3.848537	2.000000	1.655141	0.344859	8.164462	1.532089	1.344000	0.188089	5.860744	-1.285575	-0.966000	-0.319575	5.779896	-15154.892563
748166608413.000000 0.006741 3.855276	2.000000	1.655141	0.344859	8.173423	1.532089	1.344000	0.188089	5.865632	-1.285575	-0.966000	-0.319575	5.788201	-15154.892563
748166622581.000000 0.006819 3.862093	2.000000	1.655141	0.344859	8.182505	1.532089	1.344000	0.188089	5.870585	-1.285575	-0.966000	-0.319575	5.796617	-15154.892563
748166636698.000000 0.006795 3.868887	2.000000	1.655141	0.344859	8.191572	1.532089	1.344000	0.188089	5.875530	-1.285575	-0.966000	-0.319575	5.805019	-15154.892563
748166652219.000000 0.007471 3.876356	2.000000	1.655141	0.344859	8.201558	1.532089	1.344000	0.188089	5.880977	-1.285575	-0.966000	-0.319575	5.814273	-15154.892563
748166670156.000000 0.008634 3.884988	2.000000	1.655141	0.344859	8.213125	1.532089	1.344000	0.188089	5.887286	-1.285575	-0.966000	-0.319575	5.824992	-15154.892563
748166687799.000000 0.008492 3.893477	2.000000	1.655141	0.344859	8.224527	1.532089	1.344000	0.188089	5.893504	-1.285575	-0.966000	-0.319575	5.835558	-15154.892563
748166702452.000000 0.007053 3.900528	2.000000	1.655141	0.344859	8.234014	1.532089	1.344000	0.188089	5.898678	-1.285575	-0.966000	-0.319575	5.844349	-15154.892563
748166716413.000000 0.006720 3.907246	2.000000	1.655141	0.344859	8.243069	1.532089	1.344000	0.188089	5.903617	-1.285575	-0.966000	-0.319575	5.852740	-15154.892563
748166730592.000000 0.006825 3.914067	2.000000	1.655141	0.344859	8.252281	1.532089	1.344000	0.188089	5.908641	-1.285575	-0.966000	-0.319575	5.861277	-15154.892563
748166745239.000000 0.007050 3.921116	2.000000	1.655141	0.344859	8.261814	1.532089	1.344000	0.188089	5.913841	-1.285575	-0.966000	-0.319575	5.870111	-15154.892563
748166765412.000000 0.009709 3.930824	2.000000	1.655141	0.344859	8.274976	1.532089	1.344000	0.188089	5.921019	-1.285575	-0.966000	-0.319575	5.882308	-15154.892563
748166781728.000000 0.007853 3.938674	2.000000	1.715714	0.284286	8.283769	1.532089	1.392000	0.140089	5.925352	-1.285575	-1.003000	-0.282575	5.891048	-16958.479981
748166796890.000000 0.007298 3.945970	2.000000	1.715714	0.284286	8.291955	1.532089	1.392000	0.140089	5.929386	-1.285575	-1.003000	-0.282575	5.899185	-16958.479981
748166810814.000000 0.006703 3.952670	2.000000	1.715714	0.284286	8.299487	1.532089	1.392000	0.140089	5.933098	-1.285575	-1.003000	-0.282575	5.906671	-16958.479981
748166825319.000000 0.006982 3.959679	2.000000	1.715714	0.284286	8.307346	1.532089	1.392000	0.140089	5.936970	-1.285575	-1.003000	-0.282575	5.914483	-16958.479981
748166841392.000000 0.007737 3.967385	2.000000	1.715714	0.284286	8.316072	1.532089	1.392000	0.140089	5.941270	-1.285575	-1.003000	-0.282575	5.923156	-16958.479981
748166858307.000000 0.008141 3.975524	2.000000	1.715714	0.284286	8.325273	1.532089	1.392000	0.140089	5.945804	-1.285575	-1.003000	-0.282575	5.932302	-16958.479981
748166872580.000000 0.006870 3.982392	2.000000	1.715714	0.284286	8.333051	1.532089	1.392000	0.140089	5.949637	-1.285575	-1.003000	-0.282575	5.940033	-16958.479981
748166887983.000000 0.007414 3.989804	2.000000	1.715714	0.284286	8.341460	1.532089	1.392000	0.140089	5.953781	-1.285575	-1.003000	-0.282575	5.948391	-16958.479981
748166905156.000000 0.008265 3.998067	2.000000	1.715714	0.284286	8.350854	1.532089	1.392000	0.140089	5.958410	-1.285575	-1.003000	-0.282575	5.957729	-16958.479981
748166920044.000000 0.007166 4.005231	2.000000	1.715714	0.284286	8.359013	1.532089	1.392000	0.140089	5.962431	-1.285575	-1.003000	-0.282575	5.965840	-16958.479981
748166936225.000000 0.007788 4.013017	2.000000	1.715714	0.284286	8.367898	1.532089	1.392000	0.140089	5.966809	-1.285575	-1.003000	-0.282575	5.974671	-16958.479981
748166952355.000000 0.007763 4.020778	2.000000	1.715714	0.284286	8.376772	1.532089	1.392000	0.140089	5.971182	-1.285575	-1.003000	-0.282575	5.983491	-16958.479981
748166969349.000000 0.008179 4.028956	2.000000	1.715714	0.284286	8.386140	1.532089	1.392000	0.140089	5.975798	-1.285575	-1.003000	-0.282575	5.992803	-16958.479981
748166985639.000000 0.007841 4.036795	2.000000	1.776288	0.223712	8.393221	1.532089	1.440000	0.092089	5.978713	-1.285575	-1.040000	-0.245575	6.000576	-16958.479981
748167000891.000000 0.007341 4.044133	2.000000	1.776288	0.223712	8.399863	1.532089	1.440000	0.092089	5.981447	-1.285575	-1.040000	-0.245575	6.007867	-18762.134042
748167014990.000000 0.006786 4.050917	2.000000	1.776288	0.223712	8.406013	1.532089	1.440000	0.092089	5.983978	-1.285575	-1.040000	-0.245575	6.014618	-18762.134042
748167032393.000000 0.008377 4.059293	2.000000	1.776288	0.223712	8.413619	1.532089	1.440000	0.092089	5.987110	-1.285575	-1.040000	-0.245575	6.022968	-18762.134042
748167047605.000000 0.007322 4.066612	2.000000	1.776288	0.223712	8.420281	1.532089	1.440000	0.092089	5.989852	-1.285575	-1.040000	-0.245575	6.030280	-18762.134042
748167061721.000000 0.006794 4.073405	2.000000	1.776288	0.223712	8.426472	1.532089	1.440000	0.092089	5.992401	-1.285575	-1.040000	-0.245575	6.037077	-18762.134042
748167076682.000000 0.007201 4.080603	2.000000	1.776288	0.223712	8.433046	1.532089	1.440000	0.092089	5.995106	-1.285575	-1.040000	-0.245575	6.044293	-18762.134042
748167093730.000000 0.008206 4.088808	2.000000	1.776288	0.223712	8.440552	1.532089	1.440000	0.092089	5.998196	-1.285575	-1.040000	-0.245575	6.052532	-18762.134042
748167110032.000000 0.007846 4.096652	2.000000	1.776288	0.223712	8.447743	1.532089	1.440000	0.092089	6.001156	-1.285575	-1.040000	-0.245575	6.060426	-18762.134042
748167128450.000000 0.008865 4.105516	2.000000	1.776288	0.223712	8.455885	1.532089	1.440000	0.092089	6.004508	-1.285575	-1.040000	-0.245575	6.069364	-18762.134042
748167144732.000000 0.007837 4.113349	2.000000	1.776288	0.223712	8.463096	1.532089	1.440000	0.092089	6.007476	-1.285575	-1.040000	-0.245575	6.077280	-18762.134042
748167158871.000000 0.006805 4.120152	2.000000	1.776288	0.223712	8.469368	1.532089	1.440000	0.092089	6.010058	-1.285575	-1.040000	-0.245575	6.084165	-18762.134042
748167175755.000000 0.008126 4.128278	2.000000	1.776288	0.223712	8.476873	1.532089	1.440000	0.092089	6.013148	-1.285575	-1.040000	-0.245575	6.092404	-18762.134042
748167191853.000000 0.007748 4.136023	2.000000	1.835469	0.164531	8.482146	1.532089	1.487000	0.045089	6.014593	-1.285575	-1.076000	-0.209575	6.099120	-18762.134042
748167209468.000000 0.008478 4.144500	2.000000	1.835469	0.164531	8.487927	1.532089	1.487000	0.045089	6.016177	-1.285575	-1.076000	-0.209575	6.106483	-20519.043796
748167226546.000000 0.008220 4.152717	2.000000	1.835469	0.164531	8.493543	1.532089	1.487000	0.045089	6.017716	-1.285575	-1.076000	-0.209575	6.113637	-20519.043796
748167240460.000000 0.006698 4.159413	2.000000	1.835469	0.164531	8.498127	1.532089	1.487000	0.045089	6.018972	-1.285575	-1.076000	-0.209575	6.119476	-20519.043796
748167254950.000000 0.006975 4.166386	2.000000	1.835469	0.164531	8.502908	1.532089	1.487000	0.045089	6.020282	-1.285575	-1.076000	-0.209575	6.125566	-20519.043796
748167268919.000000 0.006724 4.173106	2.000000	1.835469	0.164531	8.507525	1.532089	1.487000	0.045089	6.021547	-1.285575	-1.076000	-0.209575	6.131446	-20519.043796
748167283263.000000 0.006904 4.180008	2.000000	1.835469	0.164531	8.512272	1.532089	1.487000	0.045089	6.022849	-1.285575	-1.076000	-0.209575	6.137494	-20519.043796
748167300020.000000 0.008065 4.188072	2.000000	1.835469	0.164531	8.517830	1.532089	1.487000	0.045089	6.024372	-1.285575	-1.076000	-0.209575	6.144573	-20519.043796
748167318491.000000 0.008891 4.196961	2.000000	1.835469	0.164531	8.523969	1.532089	1.487000	0.045089	6.026054	-1.285575	-1.076000	-0.209575	6.152392	-20519.043796
748167332574.000000 0.006780 4.203739	2.000000	1.835469	0.164531	8.528658	1.532089	1.487000	0.045089	6.027339	-1.285575	-1.076000	-0.209575	6.158365	-20519.043796
748167346495.000000 0.006700 4.210434	2.000000	1.835469	0.164531	8.533299	1.532089	1.487000	0.045089	6.028611	-1.285575	-1.076000	-0.209575	6.164277	-20519.043796
748167361624.000000 0.007282 4.217716	2.000000	1.835469	0.164531	8.538353	1.532089	1.487000	0.045089	6.029996	-1.285575	-1.076000	-0.209575	6.170714	-20519.043796
748167379007.000000 0.008367 4.226081	2.000000	1.835469	0.164531	8.544171	1.532089	1.487000	0.045089	6.031590	-1.285575	-1.076000	-0.209575	6.178125	-20519.043796
748167396136.000000 0.008245 4.234324	2.000000	1.891048	0.108952	8.547974	1.532089	1.531000	0.001089	6.031628	-1.285575	-1.110000	-0.175575	6.184254	-20519.043796
748167415664.000000 0.009399 4.243719	2.000000	1.891048	0.108952	8.552320	1.532089	1.531000	0.001089	6.031672	-1.285575	-1.110000	-0.175575	6.191257	-22161.484863
748167429933.000000 0.006868 4.250585	2.000000	1.891048	0.108952	8.555501	1.532089	1.531000	0.001089	6.031703	-1.285575	-1.110000	-0.175575	6.196383	-22161.484863
748167444474.000000 0.006999 4.257583	2.000000	1.891048	0.108952	8.558747	1.532089	1.531000	0.001089	6.031736	-1.285575	-1.110000	-0.175575	6.201615	-22161.484863
748167458632.000000 0.006815 4.264395	2.000000	1.891048	0.108952	8.561914	1.532089	1.531000	0.001089	6.031767	-1.285575	-1.110000	-0.175575	6.206717	-22161.484863
748167473488.000000 0.007151 4.271545	2.000000	1.891048	0.108952	8.565242	1.532089	1.531000	0.001089	6.031801	-1.285575	-1.110000	-0.175575	6.212081	-22161.484863
748167491034.000000 0.008445 4.279987	2.000000	1.891048	0.108952	8.569180	1.532089	1.531000	0.001089	6.031840	-1.285575	-1.110000	-0.175575	6.218427	-22161.484863
748167510108.000000 0.009180 4.289165	2.000000	1.891048	0.108952	8.573470	1.532089	1.531000	0.001089	6.031883	-1.285575	-1.110000	-0.175575	6.225340	-22161.484863
748167525165.000000 0.007247 4.296410	2.000000	1.891048	0.108952	8.576862	1.532089	1.531000	0.001089	6.031917	-1.285575	-1.110000	-0.175575	6.230807	-22161.484863
748167540946.000000 0.007596 4.304004	2.000000	1.891048	0.108952	8.580424	1.532089	1.531000	0.001089	6.031952	-1.285575	-1.110000	-0.175575	6.236547	-22161.484863
748167558813.000000 0.008599 4.312601	2.000000	1.891048	0.108952	8.584465	1.532089	1.531000	0.001089	6.031993	-1.285575	-1.110000	-0.175575	6.243058	-22161.484863
748167583363.000000 0.011816 4.324416	2.000000	1.891048	0.108952	8.590032	1.532089	1.531000	0.001089	6.032048	-1.285575	-1.110000	-0.175575	6.252029	-22161.484863
748167599974.000000 0.007996 4.332409	2.000000	1.891048	0.108952	8.593806	1.532089	1.531000	0.001089	6.032086	-1.285575	-1.110000	-0.175575	6.258112	-22161.484863
