748263687815.000000 0.000003 0.000005	0.000005	0.000000	0.000005	0.000000	0.000004	0.000000	0.000004	0.000000	-0.000003	0.000000	-0.000003	0.000000	1682232.410355
748263717114.000000 0.014100 0.014105	0.014109	0.000000	0.014109	0.000003	0.010808	0.000000	0.010808	0.000002	-0.009069	0.000000	-0.009069	0.000002	-19549.882909
748263742028.000000 0.011991 0.026095	0.040201	0.000000	0.040201	0.000015	0.030796	0.000000	0.030796	0.000012	-0.025841	0.000000	-0.025841	0.000010	-17951.591316
748263772089.000000 0.014468 0.040560	0.080757	0.000000	0.080757	0.000063	0.061864	0.000000	0.061864	0.000048	-0.051910	0.000000	-0.051910	0.000040	-16750.949508
748263802703.000000 0.014733 0.055290	0.136041	0.000000	0.136041	0.000174	0.104214	0.000000	0.104214	0.000133	-0.087446	0.000000	-0.087446	0.000112	-14820.174136
748263829847.000000 0.013064 0.068352	0.204387	0.000000	0.204387	0.000356	0.156570	0.000000	0.156570	0.000273	-0.131377	0.000000	-0.131377	0.000229	-12249.253883
748263859035.000000 0.014048 0.082399	0.286778	0.000000	0.286778	0.000688	0.219684	0.000000	0.219684	0.000527	-0.184337	0.000000	-0.184337	0.000442	-9952.632167
748263898406.000000 0.018947 0.101342	0.388109	0.000000	0.388109	0.001433	0.297309	0.000000	0.297309	0.001098	-0.249472	0.000000	-0.249472	0.000921	-7618.210317
748263922535.000000 0.011613 0.112952	0.501050	0.000000	0.501050	0.002090	0.383827	0.000000	0.383827	0.001601	-0.322069	0.000000	-0.322069	0.001344	-1725.444346
748263951380.000000 0.013882 0.126833	0.627870	0.000000	0.627870	0.003196	0.480977	0.000000	0.480977	0.002448	-0.403587	0.000000	-0.403587	0.002054	337.469164
748263973025.000000 0.010418 0.137249	0.765106	0.000000	0.765106	0.004290	0.586105	0.000000	0.586105	0.003286	-0.491800	0.000000	-0.491800	0.002758	6818.725068
748263999375.000000 0.012681 0.149927	0.915018	0.000000	0.915018	0.006030	0.700944	0.000000	0.700944	0.004619	-0.588162	0.000000	-0.588162	0.003876	8998.857575
748264028650.000000 0.014089 0.164015	1.079016	0.000000	1.079016	0.008523	0.826575	0.000000	0.826575	0.006529	-0.693578	0.000000	-0.693578	0.005479	13605.161706
748264055809.000000 0.013071 0.177084	1.256083	0.000000	1.256083	0.011431	0.962215	0.000000	0.962215	0.008756	-0.807394	0.000000	-0.807394	0.007347	19578.062020
748264091149.000000 0.017008 0.194089	1.450152	0.000000	1.450152	0.016218	1.110881	0.000000	1.110881	0.012423	-0.932140	0.000000	-0.932140	0.010424	23232.023110
748264115892.000000 0.011909 0.205994	1.656126	0.000000	1.656126	0.020280	1.268666	0.000000	1.268666	0.015536	-1.064537	0.000000	-1.064537	0.013036	32821.080313
748264138854.000000 0.011051 0.217044	1.873149	0.000000	1.873149	0.024773	1.434915	0.000000	1.434915	0.018977	-1.204037	0.000000	-1.204037	0.015924	38865.709419
748264168103.000000 0.014077 0.231118	2.000000	0.000000	2.000000	0.031280	1.532089	0.000000	1.532089	0.023962	-1.285575	0.000000	-1.285575	0.020106	35138.418826
748264192393.000000 0.011691 0.242806	2.000000	0.000000	2.000000	0.036957	1.532089	0.000000	1.532089	0.028311	-1.285575	0.000000	-1.285575	0.023756	30799.534793
748264221179.000000 0.013854 0.256658	2.000000	0.000000	2.000000	0.044068	1.532089	0.000000	1.532089	0.033758	-1.285575	0.000000	-1.285575	0.028327	32153.439299
748264252674.000000 0.015158 0.271813	2.000000	0.000000	2.000000	0.052309	1.532089	0.000000	1.532089	0.040071	-1.285575	0.000000	-1.285575	0.033623	31399.425603
748264305325.000000 0.025338 0.297149	2.000000	0.003000	1.997000	0.067344	1.532089	0.003000	1.529089	0.051583	-1.285575	0.000000	-1.285575	0.043302	34853.629913
748264328249.000000 0.011033 0.308180	2.000000	0.003000	1.997000	0.074134	1.532089	0.003000	1.529089	0.056782	-1.285575	0.000000	-1.285575	0.047674	33977.560088
748264361247.000000 0.015881 0.324058	2.000000	0.003000	1.997000	0.084411	1.532089	0.003000	1.529089	0.064652	-1.285575	0.000000	-1.285575	0.054290	33056.353825
748264396262.000000 0.016851 0.340907	2.000000	0.003000	1.997000	0.095884	1.532089	0.003000	1.529089	0.073436	-1.285575	0.000000	-1.285575	0.061675	32087.250714
748264431603.000000 0.017009 0.357913	2.000000	0.003000	1.997000	0.108041	1.532089	0.003000	1.529089	0.082744	-1.285575	0.000000	-1.285575	0.069501	31069.803451
748264468987.000000 0.017992 0.375902	2.000000	0.003000	1.997000	0.121547	1.532089	0.003000	1.529089	0.093086	-1.285575	0.000000	-1.285575	0.078196	30001.218796
748264486423.000000 0.008392 0.384291	2.000000	0.009000	1.991000	0.127968	1.532089	0.009000	1.523089	0.097998	-1.285575	0.000000	-1.285575	0.082341	35659.377901
748264506664.000000 0.009743 0.394032	2.000000	0.009000	1.991000	0.135611	1.532089	0.009000	1.523089	0.103845	-1.285575	0.000000	-1.285575	0.087277	34478.076020
748264527084.000000 0.009828 0.403858	2.000000	0.009000	1.991000	0.143514	1.532089	0.009000	1.523089	0.109890	-1.285575	0.000000	-1.285575	0.092379	33267.316102
748264547299.000000 0.009729 0.413584	2.000000	0.009000	1.991000	0.151525	1.532089	0.009000	1.523089	0.116019	-1.285575	0.000000	-1.285575	0.097552	32027.395324
748264566801.000000 0.009387 0.422970	2.000000	0.009000	1.991000	0.159430	1.532089	0.009000	1.523089	0.122066	-1.285575	0.000000	-1.285575	0.102657	30759.337939
748264583979.000000 0.008268 0.431234	2.000000	0.009000	1.991000	0.166529	1.532089	0.009000	1.523089	0.127497	-1.285575	0.000000	-1.285575	0.107240	29466.505219
748264600966.000000 0.008176 0.439408	2.000000	0.009000	1.991000	0.173682	1.532089	0.009000	1.523089	0.132969	-1.285575	0.000000	-1.285575	0.111859	28149.165491
748264618616.000000 0.008495 0.447902	2.000000	0.009000	1.991000	0.181258	1.532089	0.009000	1.523089	0.138764	-1.285575	0.000000	-1.285575	0.116751	26806.360862
748264635743.000000 0.008243 0.456142	2.000000	0.009000	1.991000	0.188745	1.532089	0.009000	1.523089	0.144491	-1.285575	0.000000	-1.285575	0.121585	25438.853030
748264654014.000000 0.008794 0.464935	2.000000	0.009000	1.991000	0.196885	1.532089	0.009000	1.523089	0.150719	-1.285575	0.000000	-1.285575	0.126841	24044.982997
748264674658.000000 0.009937 0.474869	2.000000	0.009000	1.991000	0.206280	1.532089	0.009000	1.523089	0.157906	-1.285575	0.000000	-1.285575	0.132907	22621.331783
748264695448.000000 0.010006 0.484873	2.000000	0.018028	1.981972	0.215896	1.532089	0.018000	1.514089	0.165252	-1.285575	-0.001000	-1.284575	0.139140	30143.665340
748264724326.000000 0.013898 0.498768	2.000000	0.018028	1.981972	0.229635	1.532089	0.018000	1.514089	0.175747	-1.285575	-0.001000	-1.284575	0.148044	28517.031376
748264743368.000000 0.009165 0.507932	2.000000	0.018028	1.981972	0.238861	1.532089	0.018000	1.514089	0.182796	-1.285575	-0.001000	-1.284575	0.154024	26860.511410
748264760566.000000 0.008278 0.516207	2.000000	0.018028	1.981972	0.247331	1.532089	0.018000	1.514089	0.189266	-1.285575	-0.001000	-1.284575	0.159513	25177.003966
748264779508.000000 0.009118 0.525322	2.000000	0.018028	1.981972	0.256824	1.532089	0.018000	1.514089	0.196518	-1.285575	-0.001000	-1.284575	0.165666	23463.767451
748264795770.000000 0.007827 0.533145	2.000000	0.018028	1.981972	0.265094	1.532089	0.018000	1.514089	0.202835	-1.285575	-0.001000	-1.284575	0.171026	21725.018611
748264812312.000000 0.007962 0.541106	2.000000	0.018028	1.981972	0.273633	1.532089	0.018000	1.514089	0.209358	-1.285575	-0.001000	-1.284575	0.176561	19960.308622
748264828788.000000 0.007931 0.549035	2.000000	0.018028	1.981972	0.282262	1.532089	0.018000	1.514089	0.215951	-1.285575	-0.001000	-1.284575	0.182154	18169.739490
748264845514.000000 0.008050 0.557082	2.000000	0.018028	1.981972	0.291151	1.532089	0.018000	1.514089	0.222741	-1.285575	-0.001000	-1.284575	0.187915	16352.925164
748264861975.000000 0.007923 0.565003	2.000000	0.018028	1.981972	0.300023	1.532089	0.018000	1.514089	0.229519	-1.285575	-0.001000	-1.284575	0.193665	14510.279941
748264878435.000000 0.007923 0.572924	2.000000	0.018028	1.981972	0.309020	1.532089	0.018000	1.514089	0.236392	-1.285575	-0.001000	-1.284575	0.199496	12641.800685
748264895189.000000 0.008064 0.580985	2.000000	0.018028	1.981972	0.318305	1.532089	0.018000	1.514089	0.243485	-1.285575	-0.001000	-1.284575	0.205514	10747.030723
748264913627.000000 0.008875 0.589859	2.000000	0.030067	1.969933	0.328618	1.532089	0.030000	1.502089	0.251349	-1.285575	-0.002000	-1.283575	0.212234	19968.622539
748264933945.000000 0.009779 0.599635	2.000000	0.030067	1.969933	0.340169	1.532089	0.030000	1.502089	0.260157	-1.285575	-0.002000	-1.283575	0.219761	17755.795280
748264950537.000000 0.007987 0.607620	2.000000	0.030067	1.969933	0.349729	1.532089	0.030000	1.502089	0.267446	-1.285575	-0.002000	-1.283575	0.225990	15513.501422
748264967888.000000 0.008351 0.615968	2.000000	0.030067	1.969933	0.359863	1.532089	0.030000	1.502089	0.275173	-1.285575	-0.002000	-1.283575	0.232592	13240.398506
748264985721.000000 0.008583 0.624549	2.000000	0.030067	1.969933	0.370423	1.532089	0.030000	1.502089	0.283225	-1.285575	-0.002000	-1.283575	0.239473	10935.632403
748265002331.000000 0.007995 0.632542	2.000000	0.030067	1.969933	0.380384	1.532089	0.030000	1.502089	0.290821	-1.285575	-0.002000	-1.283575	0.245964	8601.369513
748265019566.000000 0.008295 0.640835	2.000000	0.030067	1.969933	0.390856	1.532089	0.030000	1.502089	0.298806	-1.285575	-0.002000	-1.283575	0.252787	6236.503551
748265036285.000000 0.008047 0.648880	2.000000	0.030067	1.969933	0.401142	1.532089	0.030000	1.502089	0.306649	-1.285575	-0.002000	-1.283575	0.259489	3841.949022
748265053437.000000 0.008256 0.657133	2.000000	0.030067	1.969933	0.411830	1.532089	0.030000	1.502089	0.314798	-1.285575	-0.002000	-1.283575	0.266453	1416.935256
748265071380.000000 0.008637 0.665768	2.000000	0.030067	1.969933	0.423157	1.532089	0.030000	1.502089	0.323435	-1.285575	-0.002000	-1.283575	0.273834	-1039.942356
748265088891.000000 0.008429 0.674195	2.000000	0.030067	1.969933	0.434352	1.532089	0.030000	1.502089	0.331972	-1.285575	-0.002000	-1.283575	0.281128	-3527.916695
748265106217.000000 0.008340 0.682531	2.000000	0.045277	1.954723	0.445478	1.532089	0.045000	1.487089	0.340436	-1.285575	-0.005000	-1.280575	0.288417	-6046.653922
748265125667.000000 0.009362 0.691891	2.000000	0.045277	1.954723	0.458139	1.532089	0.045000	1.487089	0.350068	-1.285575	-0.005000	-1.280575	0.296712	1112.599222
748265144043.000000 0.008844 0.700732	2.000000	0.045277	1.954723	0.470254	1.532089	0.045000	1.487089	0.359284	-1.285575	-0.005000	-1.280575	0.304648	-1875.025774
748265160892.000000 0.008110 0.708839	2.000000	0.045277	1.954723	0.481490	1.532089	0.045000	1.487089	0.367833	-1.285575	-0.005000	-1.280575	0.312009	-4897.218165
748265177308.000000 0.007902 0.716740	2.000000	0.045277	1.954723	0.492560	1.532089	0.045000	1.487089	0.376255	-1.285575	-0.005000	-1.280575	0.319262	-7953.095765
748265195535.000000 0.008773 0.725511	2.000000	0.045277	1.954723	0.505002	1.532089	0.045000	1.487089	0.385720	-1.285575	-0.005000	-1.280575	0.327413	-11046.367864
748265214934.000000 0.009337 0.734844	2.000000	0.045277	1.954723	0.518413	1.532089	0.045000	1.487089	0.395923	-1.285575	-0.005000	-1.280575	0.336198	-14179.432782
748265231930.000000 0.008180 0.743022	2.000000	0.045277	1.954723	0.530294	1.532089	0.045000	1.487089	0.404962	-1.285575	-0.005000	-1.280575	0.343982	-17347.364629
748265247814.000000 0.007645 0.750666	2.000000	0.045277	1.954723	0.541512	1.532089	0.045000	1.487089	0.413496	-1.285575	-0.005000	-1.280575	0.351331	-17534.497341
748265263878.000000 0.007732 0.758395	2.000000	0.045277	1.954723	0.552975	1.532089	0.045000	1.487089	0.422216	-1.285575	-0.005000	-1.280575	0.358840	-17534.497341
748265280311.000000 0.007909 0.766303	2.000000	0.045277	1.954723	0.564822	1.532089	0.045000	1.487089	0.431229	-1.285575	-0.005000	-1.280575	0.366602	-17534.497341
748265300895.000000 0.009907 0.776209	2.000000	0.045277	1.954723	0.579854	1.532089	0.045000	1.487089	0.442665	-1.285575	-0.005000	-1.280575	0.376449	-17534.497341
748265317278.000000 0.007885 0.784091	2.000000	0.063640	1.936360	0.591826	1.532089	0.063000	1.469089	0.451748	-1.285575	-0.009000	-1.276575	0.384342	-9550.216176
748265335944.000000 0.008985 0.793074	2.000000	0.063640	1.936360	0.605624	1.532089	0.063000	1.469089	0.462216	-1.285575	-0.009000	-1.276575	0.393439	-9550.216176
748265352702.000000 0.008066 0.801137	2.000000	0.063640	1.936360	0.618137	1.532089	0.063000	1.469089	0.471710	-1.285575	-0.009000	-1.276575	0.401688	-9550.216176
748265368969.000000 0.007830 0.808965	2.000000	0.063640	1.936360	0.630402	1.532089	0.063000	1.469089	0.481015	-1.285575	-0.009000	-1.276575	0.409774	-9550.216176
748265385157.000000 0.007792 0.816755	2.000000	0.063640	1.936360	0.642725	1.532089	0.063000	1.469089	0.490364	-1.285575	-0.009000	-1.276575	0.417898	-9550.216176
748265401040.000000 0.007645 0.824397	2.000000	0.063640	1.936360	0.654930	1.532089	0.063000	1.469089	0.499624	-1.285575	-0.009000	-1.276575	0.425944	-9550.216176
748265417946.000000 0.008137 0.832532	2.000000	0.063640	1.936360	0.668048	1.532089	0.063000	1.469089	0.509576	-1.285575	-0.009000	-1.276575	0.434592	-9550.216176
748265435126.000000 0.008269 0.840799	2.000000	0.063640	1.936360	0.681510	1.532089	0.063000	1.469089	0.519790	-1.285575	-0.009000	-1.276575	0.443468	-9550.216176
748265452827.000000 0.008520 0.849317	2.000000	0.063640	1.936360	0.695521	1.532089	0.063000	1.469089	0.530420	-1.285575	-0.009000	-1.276575	0.452705	-9550.216176
748265469518.000000 0.008033 0.857349	2.000000	0.063640	1.936360	0.708858	1.532089	0.063000	1.469089	0.540538	-1.285575	-0.009000	-1.276575	0.461497	-9550.216176
748265486298.000000 0.008076 0.865423	2.000000	0.063640	1.936360	0.722392	1.532089	0.063000	1.469089	0.550806	-1.285575	-0.009000	-1.276575	0.470420	-9550.216176
748265503250.000000 0.008159 0.873579	2.000000	0.063640	1.936360	0.736194	1.532089	0.063000	1.469089	0.561277	-1.285575	-0.009000	-1.276575	0.479519	-9550.216176
748265519620.000000 0.007879 0.881456	2.000000	0.063640	1.936360	0.749642	1.532089	0.063000	1.469089	0.571480	-1.285575	-0.009000	-1.276575	0.488384	-9550.216176
748265537760.000000 0.008731 0.890186	2.000000	0.084528	1.915472	0.764530	1.532089	0.083000	1.449089	0.582743	-1.285575	-0.016000	-1.269575	0.498252	994.401140
748265559440.000000 0.010435 0.900618	2.000000	0.084528	1.915472	0.782530	1.532089	0.083000	1.449089	0.596361	-1.285575	-0.016000	-1.269575	0.510183	994.401140
748265576298.000000 0.008114 0.908730	2.000000	0.084528	1.915472	0.796655	1.532089	0.083000	1.449089	0.607046	-1.285575	-0.016000	-1.269575	0.519545	994.401140
748265593926.000000 0.008485 0.917213	2.000000	0.084528	1.915472	0.811562	1.532089	0.083000	1.449089	0.618324	-1.285575	-0.016000	-1.269575	0.529425	994.401140
748265611089.000000 0.008261 0.925471	2.000000	0.084528	1.915472	0.826205	1.532089	0.083000	1.449089	0.629402	-1.285575	-0.016000	-1.269575	0.539131	994.401140
748265628158.000000 0.008215 0.933684	2.000000	0.084528	1.915472	0.840898	1.532089	0.083000	1.449089	0.640517	-1.285575	-0.016000	-1.269575	0.548869	994.401140
748265645575.000000 0.008383 0.942066	2.000000	0.084528	1.915472	0.856026	1.532089	0.083000	1.449089	0.651962	-1.285575	-0.016000	-1.269575	0.558896	994.401140
748265664153.000000 0.008942 0.951005	2.000000	0.084528	1.915472	0.872314	1.532089	0.083000	1.449089	0.664284	-1.285575	-0.016000	-1.269575	0.569692	994.401140
748265681919.000000 0.008551 0.959554	2.000000	0.084528	1.915472	0.888031	1.532089	0.083000	1.449089	0.676174	-1.285575	-0.016000	-1.269575	0.580109	994.401140
748265699039.000000 0.008240 0.967792	2.000000	0.084528	1.915472	0.903307	1.532089	0.083000	1.449089	0.687731	-1.285575	-0.016000	-1.269575	0.590234	994.401140
748265716428.000000 0.008370 0.976159	2.000000	0.084528	1.915472	0.918957	1.532089	0.083000	1.449089	0.699570	-1.285575	-0.016000	-1.269575	0.600607	994.401140
748265735365.000000 0.009114 0.985271	2.000000	0.107935	1.892065	0.935948	1.532089	0.105000	1.427089	0.712386	-1.285575	-0.025000	-1.260575	0.611927	12639.166282
748265755348.000000 0.009618 0.994887	2.000000	0.107935	1.892065	0.954053	1.532089	0.105000	1.427089	0.726041	-1.285575	-0.025000	-1.260575	0.623989	12639.166282
748265771659.000000 0.007851 1.002736	2.000000	0.107935	1.892065	0.968947	1.532089	0.105000	1.427089	0.737276	-1.285575	-0.025000	-1.260575	0.633912	12639.166282
748265788743.000000 0.008223 1.010957	2.000000	0.107935	1.892065	0.984675	1.532089	0.105000	1.427089	0.749138	-1.285575	-0.025000	-1.260575	0.644391	12639.166282
748265806153.000000 0.008380 1.019335	2.000000	0.107935	1.892065	1.000837	1.532089	0.105000	1.427089	0.761329	-1.285575	-0.025000	-1.260575	0.655159	12639.166282
748265826426.000000 0.009758 1.029091	2.000000	0.107935	1.892065	1.019837	1.532089	0.105000	1.427089	0.775659	-1.285575	-0.025000	-1.260575	0.667818	12639.166282
748265844625.000000 0.008759 1.037846	2.000000	0.107935	1.892065	1.037037	1.532089	0.105000	1.427089	0.788632	-1.285575	-0.025000	-1.260575	0.679276	12639.166282
748265861387.000000 0.008068 1.045912	2.000000	0.107935	1.892065	1.053002	1.532089	0.105000	1.427089	0.800674	-1.285575	-0.025000	-1.260575	0.689913	12639.166282
748265879810.000000 0.008867 1.054777	2.000000	0.107935	1.892065	1.070698	1.532089	0.105000	1.427089	0.814021	-1.285575	-0.025000	-1.260575	0.701703	12639.166282
748265897149.000000 0.008346 1.063121	2.000000	0.107935	1.892065	1.087485	1.532089	0.105000	1.427089	0.826683	-1.285575	-0.025000	-1.260575	0.712887	12639.166282
748265914092.000000 0.008155 1.071273	2.000000	0.107935	1.892065	1.104014	1.532089	0.105000	1.427089	0.839150	-1.285575	-0.025000	-1.260575	0.723900	12639.166282
748265931016.000000 0.008146 1.079417	2.000000	0.107935	1.892065	1.120650	1.532089	0.105000	1.427089	0.851697	-1.285575	-0.025000	-1.260575	0.734983	12639.166282
748265947754.000000 0.008056 1.087472	2.000000	0.135163	1.864837	1.136988	1.532089	0.130000	1.402089	0.863981	-1.285575	-0.037000	-1.248575	0.745922	21568.896133
748265967314.000000 0.009415 1.096884	2.000000	0.135163	1.864837	1.156245	1.532089	0.130000	1.402089	0.878460	-1.285575	-0.037000	-1.248575	0.758816	21568.896133
748265985077.000000 0.008549 1.105431	2.000000	0.135163	1.864837	1.173869	1.532089	0.130000	1.402089	0.891710	-1.285575	-0.037000	-1.248575	0.770615	21568.896133
748266003753.000000 0.008989 1.114418	2.000000	0.135163	1.864837	1.192551	1.532089	0.130000	1.402089	0.905756	-1.285575	-0.037000	-1.248575	0.783123	21568.896133
748266021136.000000 0.008366 1.122782	2.000000	0.135163	1.864837	1.210068	1.532089	0.130000	1.402089	0.918927	-1.285575	-0.037000	-1.248575	0.794852	21568.896133
748266037850.000000 0.008045 1.130825	2.000000	0.135163	1.864837	1.227033	1.532089	0.130000	1.402089	0.931682	-1.285575	-0.037000	-1.248575	0.806210	21568.896133
748266054884.000000 0.008199 1.139022	2.000000	0.135163	1.864837	1.244448	1.532089	0.130000	1.402089	0.944776	-1.285575	-0.037000	-1.248575	0.817871	21568.896133
748266071953.000000 0.008216 1.147236	2.000000	0.135163	1.864837	1.262025	1.532089	0.130000	1.402089	0.957991	-1.285575	-0.037000	-1.248575	0.829639	21568.896133
748266088881.000000 0.008148 1.155381	2.000000	0.135163	1.864837	1.279581	1.532089	0.130000	1.402089	0.971190	-1.285575	-0.037000	-1.248575	0.841393	21568.896133
748266107610.000000 0.009014 1.164393	2.000000	0.135163	1.864837	1.299154	1.532089	0.130000	1.402089	0.985907	-1.285575	-0.037000	-1.248575	0.854498	21568.896133
748266124701.000000 0.008226 1.172617	2.000000	0.135163	1.864837	1.317144	1.532089	0.130000	1.402089	0.999432	-1.285575	-0.037000	-1.248575	0.866543	21568.896133
748266142831.000000 0.008726 1.181341	2.000000	0.135163	1.864837	1.336367	1.532089	0.130000	1.402089	1.013885	-1.285575	-0.037000	-1.248575	0.879413	21568.896133
748266162389.000000 0.009414 1.190753	2.000000	0.164438	1.835562	1.356943	1.532089	0.156000	1.376089	1.029311	-1.285575	-0.052000	-1.233575	0.893242	29646.194415
748266182503.000000 0.009681 1.200430	2.000000	0.164438	1.835562	1.378274	1.532089	0.156000	1.376089	1.045302	-1.285575	-0.052000	-1.233575	0.907577	29646.194415
748266199599.000000 0.008228 1.208657	2.000000	0.164438	1.835562	1.396529	1.532089	0.156000	1.376089	1.058988	-1.285575	-0.052000	-1.233575	0.919845	29646.194415
748266216328.000000 0.008052 1.216707	2.000000	0.164438	1.835562	1.414512	1.532089	0.156000	1.376089	1.072469	-1.285575	-0.052000	-1.233575	0.931930	29646.194415
748266232559.000000 0.007813 1.224517	2.000000	0.164438	1.835562	1.432072	1.532089	0.156000	1.376089	1.085634	-1.285575	-0.052000	-1.233575	0.943731	29646.194415
748266249781.000000 0.008289 1.232804	2.000000	0.164438	1.835562	1.450829	1.532089	0.156000	1.376089	1.099695	-1.285575	-0.052000	-1.233575	0.956337	29646.194415
748266268208.000000 0.008869 1.241671	2.000000	0.164438	1.835562	1.471043	1.532089	0.156000	1.376089	1.114849	-1.285575	-0.052000	-1.233575	0.969921	29646.194415
748266284801.000000 0.007986 1.249655	2.000000	0.164438	1.835562	1.489362	1.532089	0.156000	1.376089	1.128583	-1.285575	-0.052000	-1.233575	0.982232	29646.194415
748266301713.000000 0.008140 1.257793	2.000000	0.164438	1.835562	1.508155	1.532089	0.156000	1.376089	1.142672	-1.285575	-0.052000	-1.233575	0.994862	29646.194415
748266318213.000000 0.007941 1.265732	2.000000	0.164438	1.835562	1.526604	1.532089	0.156000	1.376089	1.156503	-1.285575	-0.052000	-1.233575	1.007261	29646.194415
748266335253.000000 0.008201 1.273932	2.000000	0.164438	1.835562	1.545783	1.532089	0.156000	1.376089	1.170881	-1.285575	-0.052000	-1.233575	1.020150	29646.194415
748266351347.000000 0.007747 1.281679	2.000000	0.164438	1.835562	1.564007	1.532089	0.156000	1.376089	1.184543	-1.285575	-0.052000	-1.233575	1.032398	29646.194415
748266370402.000000 0.009172 1.290847	2.000000	0.196291	1.803709	1.585362	1.532089	0.183000	1.349089	1.200515	-1.285575	-0.071000	-1.214575	1.046777	34037.523541
748266388570.000000 0.008744 1.299588	2.000000	0.196291	1.803709	1.605859	1.532089	0.183000	1.349089	1.215846	-1.285575	-0.071000	-1.214575	1.060579	34037.523541
748266405419.000000 0.008110 1.307696	2.000000	0.196291	1.803709	1.624987	1.532089	0.183000	1.349089	1.230153	-1.285575	-0.071000	-1.214575	1.073460	34037.523541
748266421868.000000 0.007917 1.315612	2.000000	0.196291	1.803709	1.643774	1.532089	0.183000	1.349089	1.244205	-1.285575	-0.071000	-1.214575	1.086110	34037.523541
748266438249.000000 0.007885 1.323493	2.000000	0.196291	1.803709	1.662596	1.532089	0.183000	1.349089	1.258283	-1.285575	-0.071000	-1.214575	1.098785	34037.523541
748266455647.000000 0.008374 1.331865	2.000000	0.196291	1.803709	1.682712	1.532089	0.183000	1.349089	1.273329	-1.285575	-0.071000	-1.214575	1.112331	34037.523541
748266472430.000000 0.008078 1.339941	2.000000	0.196291	1.803709	1.702235	1.532089	0.183000	1.349089	1.287931	-1.285575	-0.071000	-1.214575	1.125477	34037.523541
748266489721.000000 0.008322 1.348261	2.000000	0.196291	1.803709	1.722474	1.532089	0.183000	1.349089	1.303069	-1.285575	-0.071000	-1.214575	1.139105	34037.523541
748266508959.000000 0.009259 1.357519	2.000000	0.196291	1.803709	1.745145	1.532089	0.183000	1.349089	1.320026	-1.285575	-0.071000	-1.214575	1.154372	34037.523541
748266526856.000000 0.008614 1.366131	2.000000	0.196291	1.803709	1.766372	1.532089	0.183000	1.349089	1.335902	-1.285575	-0.071000	-1.214575	1.168665	34037.523541
748266543689.000000 0.008102 1.374230	2.000000	0.196291	1.803709	1.786454	1.532089	0.183000	1.349089	1.350923	-1.285575	-0.071000	-1.214575	1.182188	34037.523541
748266562094.000000 0.008859 1.383087	2.000000	0.231905	1.768095	1.808117	1.532089	0.212000	1.320089	1.367097	-1.285575	-0.094000	-1.191575	1.196788	34037.523541
748266581920.000000 0.009543 1.392627	2.000000	0.231905	1.768095	1.831614	1.532089	0.212000	1.320089	1.384640	-1.285575	-0.094000	-1.191575	1.212623	33332.608952
748266600030.000000 0.008717 1.401342	2.000000	0.231905	1.768095	1.853212	1.532089	0.212000	1.320089	1.400765	-1.285575	-0.094000	-1.191575	1.227178	33332.608952
748266616431.000000 0.007895 1.409235	2.000000	0.231905	1.768095	1.872884	1.532089	0.212000	1.320089	1.415453	-1.285575	-0.094000	-1.191575	1.240436	33332.608952
748266633154.000000 0.008049 1.417281	2.000000	0.231905	1.768095	1.893055	1.532089	0.212000	1.320089	1.430513	-1.285575	-0.094000	-1.191575	1.254030	33332.608952
748266649898.000000 0.008059 1.425338	2.000000	0.231905	1.768095	1.913365	1.532089	0.212000	1.320089	1.445677	-1.285575	-0.094000	-1.191575	1.267717	33332.608952
748266667142.000000 0.008300 1.433635	2.000000	0.231905	1.768095	1.934403	1.532089	0.212000	1.320089	1.461384	-1.285575	-0.094000	-1.191575	1.281895	33332.608952
748266684041.000000 0.008134 1.441767	2.000000	0.231905	1.768095	1.955137	1.532089	0.212000	1.320089	1.476864	-1.285575	-0.094000	-1.191575	1.295868	33332.608952
748266700852.000000 0.008091 1.449856	2.000000	0.231905	1.768095	1.975878	1.532089	0.212000	1.320089	1.492350	-1.285575	-0.094000	-1.191575	1.309847	33332.608952
748266718402.000000 0.008447 1.458301	2.000000	0.231905	1.768095	1.997658	1.532089	0.212000	1.320089	1.508611	-1.285575	-0.094000	-1.191575	1.324525	33332.608952
748266735403.000000 0.008183 1.466482	2.000000	0.231905	1.768095	2.018876	1.532089	0.212000	1.320089	1.524453	-1.285575	-0.094000	-1.191575	1.338824	33332.608952
748266752556.000000 0.008256 1.474735	2.000000	0.231905	1.768095	2.040403	1.532089	0.212000	1.320089	1.540525	-1.285575	-0.094000	-1.191575	1.353332	33332.608952
748266768576.000000 0.007711 1.482444	2.000000	0.269676	1.730324	2.060181	1.532089	0.242000	1.290089	1.555272	-1.285575	-0.119000	-1.166575	1.366666	33332.608952
748266790375.000000 0.010493 1.492936	2.000000	0.269676	1.730324	2.087287	1.532089	0.242000	1.290089	1.575481	-1.285575	-0.119000	-1.166575	1.384941	32780.219711
748266811289.000000 0.010066 1.502998	2.000000	0.269676	1.730324	2.113466	1.532089	0.242000	1.290089	1.594999	-1.285575	-0.119000	-1.166575	1.402590	32780.219711
748266827575.000000 0.007839 1.510834	2.000000	0.269676	1.730324	2.133958	1.532089	0.242000	1.290089	1.610277	-1.285575	-0.119000	-1.166575	1.416406	32780.219711
748266846143.000000 0.008937 1.519770	2.000000	0.269676	1.730324	2.157460	1.532089	0.242000	1.290089	1.627800	-1.285575	-0.119000	-1.166575	1.432251	32780.219711
748266865162.000000 0.009154 1.528921	2.000000	0.269676	1.730324	2.181676	1.532089	0.242000	1.290089	1.645855	-1.285575	-0.119000	-1.166575	1.448578	32780.219711
748266883032.000000 0.008601 1.537520	2.000000	0.269676	1.730324	2.204559	1.532089	0.242000	1.290089	1.662916	-1.285575	-0.119000	-1.166575	1.464005	32780.219711
748266898901.000000 0.007638 1.545155	2.000000	0.269676	1.730324	2.224980	1.532089	0.242000	1.290089	1.678142	-1.285575	-0.119000	-1.166575	1.477773	32780.219711
748266915295.000000 0.007891 1.553043	2.000000	0.269676	1.730324	2.246184	1.532089	0.242000	1.290089	1.693951	-1.285575	-0.119000	-1.166575	1.492069	32780.219711
748266931452.000000 0.007777 1.560819	2.000000	0.269676	1.730324	2.267188	1.532089	0.242000	1.290089	1.709611	-1.285575	-0.119000	-1.166575	1.506229	32780.219711
748266947350.000000 0.007652 1.568469	2.000000	0.269676	1.730324	2.287955	1.532089	0.242000	1.290089	1.725094	-1.285575	-0.119000	-1.166575	1.520230	32780.219711
748266963681.000000 0.007861 1.576328	2.000000	0.269676	1.730324	2.309397	1.532089	0.242000	1.290089	1.741081	-1.285575	-0.119000	-1.166575	1.534686	32780.219711
748266980218.000000 0.007960 1.584285	2.000000	0.311353	1.688647	2.330692	1.532089	0.275000	1.257089	1.756934	-1.285575	-0.146000	-1.139575	1.549057	29510.821015
748266999869.000000 0.009458 1.593741	2.000000	0.311353	1.688647	2.356146	1.532089	0.275000	1.257089	1.775883	-1.285575	-0.146000	-1.139575	1.566235	29510.821015
748267019624.000000 0.009508 1.603247	2.000000	0.311353	1.688647	2.381889	1.532089	0.275000	1.257089	1.795046	-1.285575	-0.146000	-1.139575	1.583607	29510.821015
748267037042.000000 0.008383 1.611628	2.000000	0.311353	1.688647	2.404704	1.532089	0.275000	1.257089	1.812031	-1.285575	-0.146000	-1.139575	1.599004	29510.821015
748267054384.000000 0.008347 1.619972	2.000000	0.311353	1.688647	2.427537	1.532089	0.275000	1.257089	1.829028	-1.285575	-0.146000	-1.139575	1.614412	29510.821015
748267070772.000000 0.007888 1.627858	2.000000	0.311353	1.688647	2.449219	1.532089	0.275000	1.257089	1.845169	-1.285575	-0.146000	-1.139575	1.629045	29510.821015
748267087065.000000 0.007842 1.635699	2.000000	0.311353	1.688647	2.470881	1.532089	0.275000	1.257089	1.861295	-1.285575	-0.146000	-1.139575	1.643663	29510.821015
748267104659.000000 0.008468 1.644164	2.000000	0.311353	1.688647	2.494391	1.532089	0.275000	1.257089	1.878797	-1.285575	-0.146000	-1.139575	1.659529	29510.821015
748267121721.000000 0.008213 1.652376	2.000000	0.311353	1.688647	2.517308	1.532089	0.275000	1.257089	1.895857	-1.285575	-0.146000	-1.139575	1.674994	29510.821015
748267142317.000000 0.009913 1.662286	2.000000	0.311353	1.688647	2.545134	1.532089	0.275000	1.257089	1.916572	-1.285575	-0.146000	-1.139575	1.693772	29510.821015
748267165938.000000 0.011369 1.673653	2.000000	0.311353	1.688647	2.577265	1.532089	0.275000	1.257089	1.940492	-1.285575	-0.146000	-1.139575	1.715456	29510.821015
748267187403.000000 0.010331 1.683981	2.000000	0.355985	1.644015	2.605867	1.532089	0.310000	1.222089	1.961753	-1.285575	-0.175000	-1.110575	1.734777	23553.217888
748267215996.000000 0.013762 1.697741	2.000000	0.355985	1.644015	2.644279	1.532089	0.310000	1.222089	1.990307	-1.285575	-0.175000	-1.110575	1.760725	23553.217888
748267238856.000000 0.011003 1.708741	2.000000	0.355985	1.644015	2.675190	1.532089	0.310000	1.222089	2.013284	-1.285575	-0.175000	-1.110575	1.781606	23553.217888
748267260832.000000 0.010577 1.719314	2.000000	0.355985	1.644015	2.705085	1.532089	0.310000	1.222089	2.035507	-1.285575	-0.175000	-1.110575	1.801802	23553.217888
748267282280.000000 0.010323 1.729637	2.000000	0.355985	1.644015	2.734439	1.532089	0.310000	1.222089	2.057328	-1.285575	-0.175000	-1.110575	1.821631	23553.217888
748267304033.000000 0.010470 1.740102	2.000000	0.355985	1.644015	2.764391	1.532089	0.310000	1.222089	2.079592	-1.285575	-0.175000	-1.110575	1.841864	23553.217888
748267326062.000000 0.010603 1.750703	2.000000	0.355985	1.644015	2.794907	1.532089	0.310000	1.222089	2.102277	-1.285575	-0.175000	-1.110575	1.862479	23553.217888
748267345887.000000 0.009542 1.760243	2.000000	0.355985	1.644015	2.822519	1.532089	0.310000	1.222089	2.122802	-1.285575	-0.175000	-1.110575	1.881131	23553.217888
748267365901.000000 0.009633 1.769874	2.000000	0.355985	1.644015	2.850548	1.532089	0.310000	1.222089	2.143638	-1.285575	-0.175000	-1.110575	1.900066	23553.217888
748267386233.000000 0.009786 1.779657	2.000000	0.403031	1.596969	2.878362	1.532089	0.347000	1.185089	2.164278	-1.285575	-0.205000	-1.080575	1.918885	23553.217888
748267415402.000000 0.014038 1.793693	2.000000	0.403031	1.596969	2.918574	1.532089	0.347000	1.185089	2.194119	-1.285575	-0.205000	-1.080575	1.946095	24156.269216
748267438690.000000 0.011208 1.804898	2.000000	0.403031	1.596969	2.950879	1.532089	0.347000	1.185089	2.218093	-1.285575	-0.205000	-1.080575	1.967954	24156.269216
748267461474.000000 0.010966 1.815862	2.000000	0.403031	1.596969	2.982679	1.532089	0.347000	1.185089	2.241691	-1.285575	-0.205000	-1.080575	1.989471	24156.269216
748267484889.000000 0.011270 1.827129	2.000000	0.403031	1.596969	3.015563	1.532089	0.347000	1.185089	2.266094	-1.285575	-0.205000	-1.080575	2.011722	24156.269216
748267505804.000000 0.010067 1.837193	2.000000	0.403031	1.596969	3.045098	1.532089	0.347000	1.185089	2.288011	-1.285575	-0.205000	-1.080575	2.031706	24156.269216
748267527510.000000 0.010447 1.847638	2.000000	0.403031	1.596969	3.075923	1.532089	0.347000	1.185089	2.310886	-1.285575	-0.205000	-1.080575	2.052564	24156.269216
748267548990.000000 0.010338 1.857975	2.000000	0.403031	1.596969	3.106599	1.532089	0.347000	1.185089	2.333650	-1.285575	-0.205000	-1.080575	2.073320	24156.269216
748267568473.000000 0.009377 1.867348	2.000000	0.403031	1.596969	3.134562	1.532089	0.347000	1.185089	2.354401	-1.285575	-0.205000	-1.080575	2.092241	24156.269216
748267585149.000000 0.008027 1.875374	2.000000	0.403031	1.596969	3.158603	1.532089	0.347000	1.185089	2.372241	-1.285575	-0.205000	-1.080575	2.108508	24156.269216
748267602826.000000 0.008508 1.883878	2.000000	0.454657	1.545343	3.183372	1.532089	0.388000	1.144089	2.390579	-1.285575	-0.237000	-1.048575	2.125315	23010.079295
748267621769.000000 0.009117 1.892994	2.000000	0.454657	1.545343	3.210042	1.532089	0.388000	1.144089	2.410324	-1.285575	-0.237000	-1.048575	2.143412	23010.079295
748267639578.000000 0.008572 1.901564	2.000000	0.454657	1.545343	3.235233	1.532089	0.388000	1.144089	2.428974	-1.285575	-0.237000	-1.048575	2.160505	23010.079295
748267655842.000000 0.007828 1.909389	2.000000	0.454657	1.545343	3.258331	1.532089	0.388000	1.144089	2.446075	-1.285575	-0.237000	-1.048575	2.176177	23010.079295
748267672795.000000 0.008160 1.917547	2.000000	0.454657	1.545343	3.282510	1.532089	0.388000	1.144089	2.463975	-1.285575	-0.237000	-1.048575	2.192584	23010.079295
748267691608.000000 0.009055 1.926600	2.000000	0.454657	1.545343	3.309469	1.532089	0.388000	1.144089	2.483935	-1.285575	-0.237000	-1.048575	2.210877	23010.079295
748267708224.000000 0.007997 1.934595	2.000000	0.454657	1.545343	3.333378	1.532089	0.388000	1.144089	2.501636	-1.285575	-0.237000	-1.048575	2.227100	23010.079295
748267724729.000000 0.007944 1.942538	2.000000	0.454657	1.545343	3.357227	1.532089	0.388000	1.144089	2.519292	-1.285575	-0.237000	-1.048575	2.243282	23010.079295
748267741739.000000 0.008187 1.950722	2.000000	0.454657	1.545343	3.381907	1.532089	0.388000	1.144089	2.537563	-1.285575	-0.237000	-1.048575	2.260028	23010.079295
748267758074.000000 0.007863 1.958582	2.000000	0.454657	1.545343	3.405704	1.532089	0.388000	1.144089	2.555182	-1.285575	-0.237000	-1.048575	2.276176	23010.079295
748267774862.000000 0.008080 1.966661	2.000000	0.454657	1.545343	3.430261	1.532089	0.388000	1.144089	2.573363	-1.285575	-0.237000	-1.048575	2.292839	23010.079295
748267792173.000000 0.008332 1.974992	2.000000	0.454657	1.545343	3.455692	1.532089	0.388000	1.144089	2.592190	-1.285575	-0.237000	-1.048575	2.310095	23010.079295
748267808723.000000 0.007966 1.982954	2.000000	0.508273	1.491727	3.479255	1.532089	0.430000	1.102089	2.609598	-1.285575	-0.271000	-1.014575	2.326120	23010.079295
748267827194.000000 0.008891 1.991844	2.000000	0.508273	1.491727	3.505672	1.532089	0.430000	1.102089	2.629116	-1.285575	-0.271000	-1.014575	2.344088	21401.579150
748267844305.000000 0.008236 2.000076	2.000000	0.508273	1.491727	3.530244	1.532089	0.430000	1.102089	2.647269	-1.285575	-0.271000	-1.014575	2.360800	21401.579150
748267860367.000000 0.007732 2.007806	2.000000	0.508273	1.491727	3.553401	1.532089	0.430000	1.102089	2.664378	-1.285575	-0.271000	-1.014575	2.376550	21401.579150
748267876496.000000 0.007763 2.015566	2.000000	0.508273	1.491727	3.576742	1.532089	0.430000	1.102089	2.681622	-1.285575	-0.271000	-1.014575	2.392425	21401.579150
748267892268.000000 0.007592 2.023156	2.000000	0.508273	1.491727	3.599656	1.532089	0.430000	1.102089	2.698551	-1.285575	-0.271000	-1.014575	2.408009	21401.579150
748267908232.000000 0.007683 2.030837	2.000000	0.508273	1.491727	3.622931	1.532089	0.430000	1.102089	2.715747	-1.285575	-0.271000	-1.014575	2.423840	21401.579150
748267925693.000000 0.008404 2.039240	2.000000	0.508273	1.491727	3.648498	1.532089	0.430000	1.102089	2.734635	-1.285575	-0.271000	-1.014575	2.441229	21401.579150
748267942066.000000 0.007880 2.047118	2.000000	0.508273	1.491727	3.672563	1.532089	0.430000	1.102089	2.752414	-1.285575	-0.271000	-1.014575	2.457596	21401.579150
748267958626.000000 0.007970 2.055086	2.000000	0.508273	1.491727	3.696996	1.532089	0.430000	1.102089	2.770466	-1.285575	-0.271000	-1.014575	2.474214	21401.579150
748267974685.000000 0.007730 2.062815	2.000000	0.508273	1.491727	3.720782	1.532089	0.430000	1.102089	2.788039	-1.285575	-0.271000	-1.014575	2.490392	21401.579150
748267990660.000000 0.007689 2.070500	2.000000	0.508273	1.491727	3.744530	1.532089	0.430000	1.102089	2.805584	-1.285575	-0.271000	-1.014575	2.506544	21401.579150
748268006418.000000 0.007584 2.078083	2.000000	0.508273	1.491727	3.768040	1.532089	0.430000	1.102089	2.822953	-1.285575	-0.271000	-1.014575	2.522534	21401.579150
748268022514.000000 0.007747 2.085830	2.000000	0.565574	1.434426	3.791220	1.532089	0.475000	1.057089	2.840035	-1.285575	-0.307000	-0.978575	2.538347	19683.729910
748268041630.000000 0.009201 2.095028	2.000000	0.565574	1.434426	3.818870	1.532089	0.475000	1.057089	2.860412	-1.285575	-0.307000	-0.978575	2.557210	19683.729910
748268057825.000000 0.007795 2.102820	2.000000	0.565574	1.434426	3.842381	1.532089	0.475000	1.057089	2.877738	-1.285575	-0.307000	-0.978575	2.573250	19683.729910
748268073698.000000 0.007640 2.110459	2.000000	0.565574	1.434426	3.865510	1.532089	0.475000	1.057089	2.894783	-1.285575	-0.307000	-0.978575	2.589028	19683.729910
748268090849.000000 0.008255 2.118711	2.000000	0.565574	1.434426	3.890597	1.532089	0.475000	1.057089	2.913271	-1.285575	-0.307000	-0.978575	2.606143	19683.729910
748268108932.000000 0.008704 2.127413	2.000000	0.565574	1.434426	3.917158	1.532089	0.475000	1.057089	2.932844	-1.285575	-0.307000	-0.978575	2.624263	19683.729910
748268126350.000000 0.008384 2.135795	2.000000	0.565574	1.434426	3.942843	1.532089	0.475000	1.057089	2.951773	-1.285575	-0.307000	-0.978575	2.641785	19683.729910
748268145016.000000 0.008984 2.144777	2.000000	0.565574	1.434426	3.970483	1.532089	0.475000	1.057089	2.972142	-1.285575	-0.307000	-0.978575	2.660642	19683.729910
748268161304.000000 0.007840 2.152614	2.000000	0.565574	1.434426	3.994690	1.532089	0.475000	1.057089	2.989981	-1.285575	-0.307000	-0.978575	2.677156	19683.729910
748268177783.000000 0.007931 2.160543	2.000000	0.565574	1.434426	4.019269	1.532089	0.475000	1.057089	3.008095	-1.285575	-0.307000	-0.978575	2.693924	19683.729910
748268194471.000000 0.008033 2.168575	2.000000	0.565574	1.434426	4.044256	1.532089	0.475000	1.057089	3.026508	-1.285575	-0.307000	-0.978575	2.710970	19683.729910
748268211260.000000 0.008081 2.176652	2.000000	0.565574	1.434426	4.069486	1.532089	0.475000	1.057089	3.045101	-1.285575	-0.307000	-0.978575	2.728182	19683.729910
748268227989.000000 0.008052 2.184702	2.000000	0.626541	1.373459	4.093646	1.532089	0.523000	1.009089	3.062852	-1.285575	-0.345000	-0.940575	2.744727	17856.327682
748268248288.000000 0.009771 2.194471	2.000000	0.626541	1.373459	4.123095	1.532089	0.523000	1.009089	3.084488	-1.285575	-0.345000	-0.940575	2.764894	17856.327682
748268265139.000000 0.008111 2.202579	2.000000	0.626541	1.373459	4.147632	1.532089	0.523000	1.009089	3.102515	-1.285575	-0.345000	-0.940575	2.781698	17856.327682
748268282761.000000 0.008481 2.211058	2.000000	0.626541	1.373459	4.173388	1.532089	0.523000	1.009089	3.121439	-1.285575	-0.345000	-0.940575	2.799336	17856.327682
748268299993.000000 0.008294 2.219350	2.000000	0.626541	1.373459	4.198669	1.532089	0.523000	1.009089	3.140013	-1.285575	-0.345000	-0.940575	2.816650	17856.327682
748268317085.000000 0.008226 2.227574	2.000000	0.626541	1.373459	4.223838	1.532089	0.523000	1.009089	3.158505	-1.285575	-0.345000	-0.940575	2.833886	17856.327682
748268337487.000000 0.009820 2.237393	2.000000	0.626541	1.373459	4.254015	1.532089	0.523000	1.009089	3.180676	-1.285575	-0.345000	-0.940575	2.854552	17856.327682
748268363916.000000 0.012720 2.250110	2.000000	0.626541	1.373459	4.293325	1.532089	0.523000	1.009089	3.209557	-1.285575	-0.345000	-0.940575	2.881472	17856.327682
748268392776.000000 0.013890 2.263997	2.000000	0.626541	1.373459	4.336515	1.532089	0.523000	1.009089	3.241289	-1.285575	-0.345000	-0.940575	2.911049	17856.327682
748268418212.000000 0.012242 2.276236	2.000000	0.626541	1.373459	4.374787	1.532089	0.523000	1.009089	3.269408	-1.285575	-0.345000	-0.940575	2.937259	17856.327682
748268447306.000000 0.014002 2.290237	2.000000	0.686166	1.313834	4.416919	1.532089	0.570000	0.962089	3.300261	-1.285575	-0.382000	-0.903575	2.966235	16080.956053
748268472034.000000 0.011902 2.302136	2.000000	0.686166	1.313834	4.452918	1.532089	0.570000	0.962089	3.326621	-1.285575	-0.382000	-0.903575	2.990993	16080.956053
748268492611.000000 0.009904 2.312037	2.000000	0.686166	1.313834	4.483002	1.532089	0.570000	0.962089	3.348651	-1.285575	-0.382000	-0.903575	3.011683	16080.956053
748268514772.000000 0.010666 2.322700	2.000000	0.686166	1.313834	4.515550	1.532089	0.570000	0.962089	3.372485	-1.285575	-0.382000	-0.903575	3.034067	16080.956053
748268540947.000000 0.012598 2.335297	2.000000	0.686166	1.313834	4.554203	1.532089	0.570000	0.962089	3.400790	-1.285575	-0.382000	-0.903575	3.060651	16080.956053
748268573852.000000 0.015836 2.351130	2.000000	0.686166	1.313834	4.603121	1.532089	0.570000	0.962089	3.436611	-1.285575	-0.382000	-0.903575	3.094293	16080.956053
748268605288.000000 0.015130 2.366256	2.000000	0.686166	1.313834	4.650158	1.532089	0.570000	0.962089	3.471056	-1.285575	-0.382000	-0.903575	3.126643	16080.956053
748268626506.000000 0.010213 2.376467	2.000000	0.686166	1.313834	4.682045	1.532089	0.570000	0.962089	3.494406	-1.285575	-0.382000	-0.903575	3.148573	16080.956053
748268647144.000000 0.009933 2.386396	2.000000	0.746384	1.253616	4.711762	1.532089	0.617000	0.915089	3.516098	-1.285575	-0.420000	-0.865575	3.169091	14287.929590
748268675851.000000 0.013816 2.400211	2.000000	0.746384	1.253616	4.753334	1.532089	0.617000	0.915089	3.546443	-1.285575	-0.420000	-0.865575	3.197794	14287.929590
748268695314.000000 0.009367 2.409575	2.000000	0.746384	1.253616	4.781629	1.532089	0.617000	0.915089	3.567098	-1.285575	-0.420000	-0.865575	3.217332	14287.929590
748268712208.000000 0.008131 2.417704	2.000000	0.746384	1.253616	4.806274	1.532089	0.617000	0.915089	3.585088	-1.285575	-0.420000	-0.865575	3.234348	14287.929590
748268728832.000000 0.008001 2.425704	2.000000	0.746384	1.253616	4.830605	1.532089	0.617000	0.915089	3.602848	-1.285575	-0.420000	-0.865575	3.251147	14287.929590
748268745704.000000 0.008121 2.433822	2.000000	0.746384	1.253616	4.855382	1.532089	0.617000	0.915089	3.620934	-1.285575	-0.420000	-0.865575	3.268255	14287.929590
748268762603.000000 0.008134 2.441954	2.000000	0.746384	1.253616	4.880281	1.532089	0.617000	0.915089	3.639110	-1.285575	-0.420000	-0.865575	3.285447	14287.929590
748268782971.000000 0.009803 2.451755	2.000000	0.746384	1.253616	4.910410	1.532089	0.617000	0.915089	3.661103	-1.285575	-0.420000	-0.865575	3.306250	14287.929590
748268800139.000000 0.008264 2.460017	2.000000	0.746384	1.253616	4.935894	1.532089	0.617000	0.915089	3.679705	-1.285575	-0.420000	-0.865575	3.323846	14287.929590
748268817134.000000 0.008180 2.468195	2.000000	0.746384	1.253616	4.961205	1.532089	0.617000	0.915089	3.698181	-1.285575	-0.420000	-0.865575	3.341322	14287.929590
748268835290.000000 0.008738 2.476930	2.000000	0.746384	1.253616	4.988339	1.532089	0.617000	0.915089	3.717988	-1.285575	-0.420000	-0.865575	3.360057	14287.929590
748268851883.000000 0.007987 2.484915	2.000000	0.806635	1.193365	5.012023	1.532089	0.664000	0.868089	3.735217	-1.285575	-0.458000	-0.827575	3.376482	14287.929590
748268871629.000000 0.009509 2.494422	2.000000	0.806635	1.193365	5.040329	1.532089	0.664000	0.868089	3.755807	-1.285575	-0.458000	-0.827575	3.396111	12493.913164
748268891398.000000 0.009516 2.503930	2.000000	0.806635	1.193365	5.068762	1.532089	0.664000	0.868089	3.776490	-1.285575	-0.458000	-0.827575	3.415829	12493.913164
748268910236.000000 0.009067 2.512994	2.000000	0.806635	1.193365	5.095952	1.532089	0.664000	0.868089	3.796269	-1.285575	-0.458000	-0.827575	3.434685	12493.913164
748268929483.000000 0.009264 2.522255	2.000000	0.806635	1.193365	5.123837	1.532089	0.664000	0.868089	3.816553	-1.285575	-0.458000	-0.827575	3.454022	12493.913164
748268945827.000000 0.007867 2.530119	2.000000	0.806635	1.193365	5.147588	1.532089	0.664000	0.868089	3.833830	-1.285575	-0.458000	-0.827575	3.470493	12493.913164
748268961765.000000 0.007672 2.537790	2.000000	0.806635	1.193365	5.170822	1.532089	0.664000	0.868089	3.850731	-1.285575	-0.458000	-0.827575	3.486605	12493.913164
748268982459.000000 0.009961 2.547747	2.000000	0.806635	1.193365	5.201106	1.532089	0.664000	0.868089	3.872761	-1.285575	-0.458000	-0.827575	3.507607	12493.913164
748269011253.000000 0.013858 2.561603	2.000000	0.806635	1.193365	5.243469	1.532089	0.664000	0.868089	3.903577	-1.285575	-0.458000	-0.827575	3.536984	12493.913164
748269032349.000000 0.010153 2.571753	2.000000	0.806635	1.193365	5.274629	1.532089	0.664000	0.868089	3.926244	-1.285575	-0.458000	-0.827575	3.558594	12493.913164
748269051870.000000 0.009395 2.581147	2.000000	0.806635	1.193365	5.303569	1.532089	0.664000	0.868089	3.947295	-1.285575	-0.458000	-0.827575	3.578663	12493.913164
748269081203.000000 0.014118 2.595263	2.000000	0.867161	1.132839	5.345075	1.532089	0.712000	0.820089	3.977343	-1.285575	-0.495000	-0.790575	3.607629	10691.695334
748269105130.000000 0.011516 2.606777	2.000000	0.867161	1.132839	5.379084	1.532089	0.712000	0.820089	4.001962	-1.285575	-0.495000	-0.790575	3.631362	10691.695334
748269125601.000000 0.009853 2.616627	2.000000	0.867161	1.132839	5.408291	1.532089	0.712000	0.820089	4.023106	-1.285575	-0.495000	-0.790575	3.651745	10691.695334
748269155283.000000 0.014285 2.630908	2.000000	0.867161	1.132839	5.450865	1.532089	0.712000	0.820089	4.053927	-1.285575	-0.495000	-0.790575	3.681456	10691.695334
748269172160.000000 0.008123 2.639030	2.000000	0.867161	1.132839	5.475151	1.532089	0.712000	0.820089	4.071508	-1.285575	-0.495000	-0.790575	3.698405	10691.695334
748269188975.000000 0.008093 2.647120	2.000000	0.867161	1.132839	5.499421	1.532089	0.712000	0.820089	4.089077	-1.285575	-0.495000	-0.790575	3.715342	10691.695334
748269205405.000000 0.007908 2.655027	2.000000	0.867161	1.132839	5.523205	1.532089	0.712000	0.820089	4.106295	-1.285575	-0.495000	-0.790575	3.731941	10691.695334
748269221881.000000 0.007931 2.662955	2.000000	0.867161	1.132839	5.547129	1.532089	0.712000	0.820089	4.123614	-1.285575	-0.495000	-0.790575	3.748636	10691.695334
748269240460.000000 0.008942 2.671896	2.000000	0.867161	1.132839	5.574197	1.532089	0.712000	0.820089	4.143209	-1.285575	-0.495000	-0.790575	3.767526	10691.695334
748269256713.000000 0.007823 2.679715	2.000000	0.867161	1.132839	5.597944	1.532089	0.712000	0.820089	4.160400	-1.285575	-0.495000	-0.790575	3.784099	10691.695334
748269273355.000000 0.008010 2.687724	2.000000	0.927454	1.072546	5.621036	1.532089	0.759000	0.773089	4.177045	-1.285575	-0.533000	-0.752575	3.800301	8896.457944
748269295160.000000 0.010494 2.698216	2.000000	0.927454	1.072546	5.651406	1.532089	0.759000	0.773089	4.198936	-1.285575	-0.533000	-0.752575	3.821611	8896.457944
748269311895.000000 0.008055 2.706269	2.000000	0.927454	1.072546	5.674787	1.532089	0.759000	0.773089	4.215788	-1.285575	-0.533000	-0.752575	3.838017	8896.457944
748269328188.000000 0.007842 2.714108	2.000000	0.927454	1.072546	5.697615	1.532089	0.759000	0.773089	4.232243	-1.285575	-0.533000	-0.752575	3.854035	8896.457944
748269344120.000000 0.007669 2.721776	2.000000	0.927454	1.072546	5.720002	1.532089	0.759000	0.773089	4.248379	-1.285575	-0.533000	-0.752575	3.869743	8896.457944
748269361266.000000 0.008253 2.730026	2.000000	0.927454	1.072546	5.744167	1.532089	0.759000	0.773089	4.265797	-1.285575	-0.533000	-0.752575	3.886699	8896.457944
748269377820.000000 0.007968 2.737991	2.000000	0.927454	1.072546	5.767566	1.532089	0.759000	0.773089	4.282664	-1.285575	-0.533000	-0.752575	3.903117	8896.457944
748269394721.000000 0.008135 2.746124	2.000000	0.927454	1.072546	5.791526	1.532089	0.759000	0.773089	4.299934	-1.285575	-0.533000	-0.752575	3.919930	8896.457944
748269411189.000000 0.007927 2.754048	2.000000	0.927454	1.072546	5.814941	1.532089	0.759000	0.773089	4.316811	-1.285575	-0.533000	-0.752575	3.936359	8896.457944
748269426829.000000 0.007528 2.761574	2.000000	0.927454	1.072546	5.837237	1.532089	0.759000	0.773089	4.332882	-1.285575	-0.533000	-0.752575	3.952004	8896.457944
748269442719.000000 0.007648 2.769220	2.000000	0.927454	1.072546	5.859953	1.532089	0.759000	0.773089	4.349256	-1.285575	-0.533000	-0.752575	3.967943	8896.457944
748269458267.000000 0.007483 2.776701	2.000000	0.927454	1.072546	5.882240	1.532089	0.759000	0.773089	4.365320	-1.285575	-0.533000	-0.752575	3.983581	8896.457944
748269475044.000000 0.008075 2.784774	2.000000	0.987764	1.012236	5.905002	1.532089	0.806000	0.726089	4.381648	-1.285575	-0.571000	-0.714575	3.999649	8896.457944
748269494164.000000 0.009203 2.793976	2.000000	0.987764	1.012236	5.931029	1.532089	0.806000	0.726089	4.400317	-1.285575	-0.571000	-0.714575	4.018023	7100.681874
748269513498.000000 0.009306 2.803279	2.000000	0.987764	1.012236	5.957435	1.532089	0.806000	0.726089	4.419258	-1.285575	-0.571000	-0.714575	4.036664	7100.681874
748269529791.000000 0.007842 2.811119	2.000000	0.987764	1.012236	5.979750	1.532089	0.806000	0.726089	4.435266	-1.285575	-0.571000	-0.714575	4.052417	7100.681874
748269546075.000000 0.007838 2.818954	2.000000	0.987764	1.012236	6.002116	1.532089	0.806000	0.726089	4.451309	-1.285575	-0.571000	-0.714575	4.068206	7100.681874
748269562687.000000 0.007996 2.826948	2.000000	0.987764	1.012236	6.024997	1.532089	0.806000	0.726089	4.467722	-1.285575	-0.571000	-0.714575	4.084358	7100.681874
748269579915.000000 0.008292 2.835237	2.000000	0.987764	1.012236	6.048794	1.532089	0.806000	0.726089	4.484791	-1.285575	-0.571000	-0.714575	4.101158	7100.681874
748269596768.000000 0.008111 2.843347	2.000000	0.987764	1.012236	6.072140	1.532089	0.806000	0.726089	4.501538	-1.285575	-0.571000	-0.714575	4.117638	7100.681874
748269615652.000000 0.009089 2.852446	2.000000	0.987764	1.012236	6.098382	1.532089	0.806000	0.726089	4.520362	-1.285575	-0.571000	-0.714575	4.136164	7100.681874
748269632477.000000 0.008098 2.860530	2.000000	0.987764	1.012236	6.121830	1.532089	0.806000	0.726089	4.537181	-1.285575	-0.571000	-0.714575	4.152717	7100.681874
748269650768.000000 0.008804 2.869333	2.000000	0.987764	1.012236	6.147401	1.532089	0.806000	0.726089	4.555523	-1.285575	-0.571000	-0.714575	4.170768	7100.681874
748269667220.000000 0.007918 2.877248	2.000000	0.987764	1.012236	6.170463	1.532089	0.806000	0.726089	4.572066	-1.285575	-0.571000	-0.714575	4.187048	7100.681874
748269689125.000000 0.010544 2.887792	2.000000	1.048089	0.951911	6.199449	1.532089	0.853000	0.679089	4.592744	-1.285575	-0.609000	-0.676575	4.207650	5304.460116
748269726000.000000 0.017746 2.905534	2.000000	1.048089	0.951911	6.248532	1.532089	0.853000	0.679089	4.627760	-1.285575	-0.609000	-0.676575	4.242536	5304.460116
748269750823.000000 0.011947 2.917478	2.000000	1.048089	0.951911	6.281711	1.532089	0.853000	0.679089	4.651430	-1.285575	-0.609000	-0.676575	4.266118	5304.460116
748269771993.000000 0.010189 2.927664	2.000000	1.048089	0.951911	6.310106	1.532089	0.853000	0.679089	4.671686	-1.285575	-0.609000	-0.676575	4.286300	5304.460116
748269795532.000000 0.011330 2.938992	2.000000	1.048089	0.951911	6.341802	1.532089	0.853000	0.679089	4.694298	-1.285575	-0.609000	-0.676575	4.308828	5304.460116
748269821503.000000 0.012499 2.951489	2.000000	1.048089	0.951911	6.376920	1.532089	0.853000	0.679089	4.719351	-1.285575	-0.609000	-0.676575	4.333788	5304.460116
748269838524.000000 0.008192 2.959678	2.000000	1.048089	0.951911	6.400001	1.532089	0.853000	0.679089	4.735817	-1.285575	-0.609000	-0.676575	4.350193	5304.460116
748269855093.000000 0.007975 2.967652	2.000000	1.048089	0.951911	6.422530	1.532089	0.853000	0.679089	4.751890	-1.285575	-0.609000	-0.676575	4.366206	5304.460116
748269871757.000000 0.008021 2.975670	2.000000	1.048089	0.951911	6.445250	1.532089	0.853000	0.679089	4.768098	-1.285575	-0.609000	-0.676575	4.382354	5304.460116
748269888380.000000 0.008001 2.983669	2.000000	1.048089	0.951911	6.467974	1.532089	0.853000	0.679089	4.784309	-1.285575	-0.609000	-0.676575	4.398505	5304.460116
748269907311.000000 0.009112 2.992779	2.000000	1.108655	0.891345	6.492281	1.532089	0.901000	0.631089	4.801519	-1.285575	-0.646000	-0.639575	4.415947	3501.042933
748269924866.000000 0.008449 3.001225	2.000000	1.108655	0.891345	6.514883	1.532089	0.901000	0.631089	4.817522	-1.285575	-0.646000	-0.639575	4.432165	3501.042933
748269941099.000000 0.007814 3.009038	2.000000	1.108655	0.891345	6.535842	1.532089	0.901000	0.631089	4.832360	-1.285575	-0.646000	-0.639575	4.447203	3501.042933
748269958204.000000 0.008233 3.017269	2.000000	1.108655	0.891345	6.557984	1.532089	0.901000	0.631089	4.848038	-1.285575	-0.646000	-0.639575	4.463091	3501.042933
748269977664.000000 0.009367 3.026633	2.000000	1.108655	0.891345	6.583254	1.532089	0.901000	0.631089	4.865929	-1.285575	-0.646000	-0.639575	4.481223	3501.042933
748269993774.000000 0.007754 3.034384	2.000000	1.108655	0.891345	6.604227	1.532089	0.901000	0.631089	4.880779	-1.285575	-0.646000	-0.639575	4.496272	3501.042933
748270010163.000000 0.007888 3.042270	2.000000	1.108655	0.891345	6.625617	1.532089	0.901000	0.631089	4.895924	-1.285575	-0.646000	-0.639575	4.511621	3501.042933
748270026272.000000 0.007754 3.050022	2.000000	1.108655	0.891345	6.646699	1.532089	0.901000	0.631089	4.910849	-1.285575	-0.646000	-0.639575	4.526748	3501.042933
748270046861.000000 0.009910 3.059929	2.000000	1.108655	0.891345	6.673727	1.532089	0.901000	0.631089	4.929986	-1.285575	-0.646000	-0.639575	4.546141	3501.042933
748270068382.000000 0.010358 3.070286	2.000000	1.108655	0.891345	6.702074	1.532089	0.901000	0.631089	4.950056	-1.285575	-0.646000	-0.639575	4.566481	3501.042933
748270088092.000000 0.009487 3.079770	2.000000	1.108655	0.891345	6.728117	1.532089	0.901000	0.631089	4.968495	-1.285575	-0.646000	-0.639575	4.585169	3501.042933
748270111744.000000 0.011384 3.091151	2.000000	1.169000	0.831000	6.757360	1.532089	0.948000	0.584089	4.989049	-1.285575	-0.684000	-0.601575	4.606338	1704.256055
748270130403.000000 0.008981 3.100128	2.000000	1.169000	0.831000	6.780497	1.532089	0.948000	0.584089	5.005312	-1.285575	-0.684000	-0.601575	4.623087	1704.256055
748270146816.000000 0.007900 3.108026	2.000000	1.169000	0.831000	6.800901	1.532089	0.948000	0.584089	5.019653	-1.285575	-0.684000	-0.601575	4.637858	1704.256055
748270162700.000000 0.007645 3.115669	2.000000	1.169000	0.831000	6.820696	1.532089	0.948000	0.584089	5.033566	-1.285575	-0.684000	-0.601575	4.652188	1704.256055
748270180909.000000 0.008765 3.124433	2.000000	1.169000	0.831000	6.843453	1.532089	0.948000	0.584089	5.049562	-1.285575	-0.684000	-0.601575	4.668662	1704.256055
748270198903.000000 0.008661 3.133090	2.000000	1.169000	0.831000	6.866003	1.532089	0.948000	0.584089	5.065411	-1.285575	-0.684000	-0.601575	4.684986	1704.256055
748270217882.000000 0.009135 3.142223	2.000000	1.169000	0.831000	6.889856	1.532089	0.948000	0.584089	5.082177	-1.285575	-0.684000	-0.601575	4.702254	1704.256055
748270234532.000000 0.008014 3.150234	2.000000	1.169000	0.831000	6.910835	1.532089	0.948000	0.584089	5.096923	-1.285575	-0.684000	-0.601575	4.717441	1704.256055
748270251093.000000 0.007970 3.158203	2.000000	1.169000	0.831000	6.931753	1.532089	0.948000	0.584089	5.111625	-1.285575	-0.684000	-0.601575	4.732584	1704.256055
748270267590.000000 0.007940 3.166141	2.000000	1.169000	0.831000	6.952644	1.532089	0.948000	0.584089	5.126309	-1.285575	-0.684000	-0.601575	4.747707	1704.256055
748270284236.000000 0.008012 3.174152	2.000000	1.169000	0.831000	6.973778	1.532089	0.948000	0.584089	5.141164	-1.285575	-0.684000	-0.601575	4.763007	1704.256055
748270300425.000000 0.007792 3.181941	2.000000	1.169000	0.831000	6.994381	1.532089	0.948000	0.584089	5.155646	-1.285575	-0.684000	-0.601575	4.777922	1704.256055
748270317828.000000 0.008377 3.190316	2.000000	1.229353	0.770647	7.014976	1.532089	0.995000	0.537089	5.169999	-1.285575	-0.722000	-0.563575	4.792983	-92.811590
748270341486.000000 0.011387 3.201701	2.000000	1.229353	0.770647	7.043072	1.532089	0.995000	0.537089	5.189580	-1.285575	-0.722000	-0.563575	4.813529	-92.811590
748270365857.000000 0.011730 3.213428	2.000000	1.229353	0.770647	7.072119	1.532089	0.995000	0.537089	5.209824	-1.285575	-0.722000	-0.563575	4.834772	-92.811590
748270385774.000000 0.009586 3.223012	2.000000	1.229353	0.770647	7.095930	1.532089	0.995000	0.537089	5.226418	-1.285575	-0.722000	-0.563575	4.852184	-92.811590
748270407032.000000 0.010231 3.233240	2.000000	1.229353	0.770647	7.121423	1.532089	0.995000	0.537089	5.244185	-1.285575	-0.722000	-0.563575	4.870827	-92.811590
748270425418.000000 0.008849 3.242087	2.000000	1.229353	0.770647	7.143532	1.532089	0.995000	0.537089	5.259594	-1.285575	-0.722000	-0.563575	4.886996	-92.811590
748270441745.000000 0.007858 3.249943	2.000000	1.229353	0.770647	7.163213	1.532089	0.995000	0.537089	5.273309	-1.285575	-0.722000	-0.563575	4.901388	-92.811590
748270457911.000000 0.007781 3.257722	2.000000	1.229353	0.770647	7.182747	1.532089	0.995000	0.537089	5.286924	-1.285575	-0.722000	-0.563575	4.915674	-92.811590
748270475356.000000 0.008396 3.266116	2.000000	1.229353	0.770647	7.203881	1.532089	0.995000	0.537089	5.301652	-1.285575	-0.722000	-0.563575	4.931129	-92.811590
748270493321.000000 0.008647 3.274762	2.000000	1.229353	0.770647	7.225702	1.532089	0.995000	0.537089	5.316860	-1.285575	-0.722000	-0.563575	4.947087	-92.811590
748270509569.000000 0.007820 3.282579	2.000000	1.229353	0.770647	7.245484	1.532089	0.995000	0.537089	5.330647	-1.285575	-0.722000	-0.563575	4.961553	-92.811590
748270526514.000000 0.008156 3.290734	2.000000	1.289934	0.710066	7.264541	1.532089	1.043000	0.489089	5.343773	-1.285575	-0.759000	-0.526575	4.975686	-1896.653660
748270547431.000000 0.010067 3.300800	2.000000	1.289934	0.710066	7.288137	1.532089	1.043000	0.489089	5.360026	-1.285575	-0.759000	-0.526575	4.993184	-1896.653660
748270564095.000000 0.008021 3.308818	2.000000	1.289934	0.710066	7.306982	1.532089	1.043000	0.489089	5.373006	-1.285575	-0.759000	-0.526575	5.007159	-1896.653660
748270581244.000000 0.008254 3.317070	2.000000	1.289934	0.710066	7.326424	1.532089	1.043000	0.489089	5.386398	-1.285575	-0.759000	-0.526575	5.021577	-1896.653660
748270597917.000000 0.008026 3.325093	2.000000	1.289934	0.710066	7.345373	1.532089	1.043000	0.489089	5.399450	-1.285575	-0.759000	-0.526575	5.035630	-1896.653660
748270614284.000000 0.007877 3.332967	2.000000	1.289934	0.710066	7.364015	1.532089	1.043000	0.489089	5.412291	-1.285575	-0.759000	-0.526575	5.049454	-1896.653660
748270634051.000000 0.009514 3.342481	2.000000	1.289934	0.710066	7.386596	1.532089	1.043000	0.489089	5.427844	-1.285575	-0.759000	-0.526575	5.066200	-1896.653660
748270656599.000000 0.010852 3.353331	2.000000	1.289934	0.710066	7.412436	1.532089	1.043000	0.489089	5.445643	-1.285575	-0.759000	-0.526575	5.085363	-1896.653660
748270678503.000000 0.010543 3.363872	2.000000	1.289934	0.710066	7.437618	1.532089	1.043000	0.489089	5.462988	-1.285575	-0.759000	-0.526575	5.104038	-1896.653660
748270698600.000000 0.009673 3.373540	2.000000	1.289934	0.710066	7.460789	1.532089	1.043000	0.489089	5.478948	-1.285575	-0.759000	-0.526575	5.121221	-1896.653660
748270716607.000000 0.008667 3.382204	2.000000	1.289934	0.710066	7.481603	1.532089	1.043000	0.489089	5.493285	-1.285575	-0.759000	-0.526575	5.136656	-1896.653660
748270733843.000000 0.008297 3.390500	2.000000	1.350300	0.649700	7.499879	1.532089	1.090000	0.442089	5.505721	-1.285575	-0.797000	-0.488575	5.150400	-3694.078015
748270753456.000000 0.009440 3.399936	2.000000	1.350300	0.649700	7.520731	1.532089	1.090000	0.442089	5.519909	-1.285575	-0.797000	-0.488575	5.166080	-3694.078015
748270771134.000000 0.008521 3.408456	2.000000	1.350300	0.649700	7.539601	1.532089	1.090000	0.442089	5.532749	-1.285575	-0.797000	-0.488575	5.180271	-3694.078015
748270788026.000000 0.008131 3.416572	2.000000	1.350300	0.649700	7.557649	1.532089	1.090000	0.442089	5.545030	-1.285575	-0.797000	-0.488575	5.193843	-3694.078015
748270804355.000000 0.007859 3.424428	2.000000	1.350300	0.649700	7.575135	1.532089	1.090000	0.442089	5.556928	-1.285575	-0.797000	-0.488575	5.206992	-3694.078015
748270821521.000000 0.008262 3.432689	2.000000	1.350300	0.649700	7.593561	1.532089	1.090000	0.442089	5.569466	-1.285575	-0.797000	-0.488575	5.220849	-3694.078015
748270837934.000000 0.007900 3.440586	2.000000	1.350300	0.649700	7.611220	1.532089	1.090000	0.442089	5.581482	-1.285575	-0.797000	-0.488575	5.234128	-3694.078015
748270855034.000000 0.008230 3.448814	2.000000	1.350300	0.649700	7.629662	1.532089	1.090000	0.442089	5.594031	-1.285575	-0.797000	-0.488575	5.247996	-3694.078015
748270872753.000000 0.008528 3.457341	2.000000	1.350300	0.649700	7.648818	1.532089	1.090000	0.442089	5.607066	-1.285575	-0.797000	-0.488575	5.262402	-3694.078015
748270889445.000000 0.008035 3.465375	2.000000	1.350300	0.649700	7.666908	1.532089	1.090000	0.442089	5.619375	-1.285575	-0.797000	-0.488575	5.276006	-3694.078015
748270906020.000000 0.007978 3.473349	2.000000	1.350300	0.649700	7.684912	1.532089	1.090000	0.442089	5.631626	-1.285575	-0.797000	-0.488575	5.289545	-3694.078015
748270925427.000000 0.009341 3.482688	2.000000	1.350300	0.649700	7.706048	1.532089	1.090000	0.442089	5.646008	-1.285575	-0.797000	-0.488575	5.305439	-3694.078015
748270952334.000000 0.012949 3.495636	2.000000	1.410671	0.589329	7.732724	1.532089	1.137000	0.395089	5.663892	-1.285575	-0.835000	-0.450575	5.325835	-5491.692499
748270975423.000000 0.011113 3.506747	2.000000	1.410671	0.589329	7.755691	1.532089	1.137000	0.395089	5.679289	-1.285575	-0.835000	-0.450575	5.343394	-5491.692499
748270998983.000000 0.011339 3.518083	2.000000	1.410671	0.589329	7.779201	1.532089	1.137000	0.395089	5.695050	-1.285575	-0.835000	-0.450575	5.361368	-5491.692499
748271023608.000000 0.011852 3.529932	2.000000	1.410671	0.589329	7.803856	1.532089	1.137000	0.395089	5.711579	-1.285575	-0.835000	-0.450575	5.380219	-5491.692499
748271043337.000000 0.009495 3.539424	2.000000	1.410671	0.589329	7.823662	1.532089	1.137000	0.395089	5.724857	-1.285575	-0.835000	-0.450575	5.395362	-5491.692499
748271064169.000000 0.010027 3.549449	2.000000	1.410671	0.589329	7.844636	1.532089	1.137000	0.395089	5.738918	-1.285575	-0.835000	-0.450575	5.411397	-5491.692499
748271081353.000000 0.008271 3.557719	2.000000	1.410671	0.589329	7.861978	1.532089	1.137000	0.395089	5.750544	-1.285575	-0.835000	-0.450575	5.424656	-5491.692499
748271097379.000000 0.007714 3.565429	2.000000	1.410671	0.589329	7.878185	1.532089	1.137000	0.395089	5.761410	-1.285575	-0.835000	-0.450575	5.437048	-5491.692499
748271116325.000000 0.009119 3.574546	2.000000	1.410671	0.589329	7.897394	1.532089	1.137000	0.395089	5.774288	-1.285575	-0.835000	-0.450575	5.451734	-5491.692499
748271133224.000000 0.008134 3.582677	2.000000	1.410671	0.589329	7.914567	1.532089	1.137000	0.395089	5.785801	-1.285575	-0.835000	-0.450575	5.464864	-5491.692499
748271150973.000000 0.008543 3.591219	2.000000	1.470456	0.529544	7.930814	1.532089	1.184000	0.348089	5.796480	-1.285575	-0.872000	-0.413575	5.477552	-7271.809756
748271171786.000000 0.010017 3.601234	2.000000	1.470456	0.529544	7.949917	1.532089	1.184000	0.348089	5.809037	-1.285575	-0.872000	-0.413575	5.492472	-7271.809756
748271188099.000000 0.007852 3.609082	2.000000	1.470456	0.529544	7.964923	1.532089	1.184000	0.348089	5.818901	-1.285575	-0.872000	-0.413575	5.504192	-7271.809756
748271204941.000000 0.008107 3.617188	2.000000	1.470456	0.529544	7.980451	1.532089	1.184000	0.348089	5.829108	-1.285575	-0.872000	-0.413575	5.516319	-7271.809756
748271233314.000000 0.013656 3.630843	2.000000	1.470456	0.529544	8.006708	1.532089	1.184000	0.348089	5.846368	-1.285575	-0.872000	-0.413575	5.536826	-7271.809756
748271256014.000000 0.010925 3.641765	2.000000	1.470456	0.529544	8.027777	1.532089	1.184000	0.348089	5.860218	-1.285575	-0.872000	-0.413575	5.553281	-7271.809756
748271288173.000000 0.015477 3.657238	2.000000	1.470456	0.529544	8.057751	1.532089	1.184000	0.348089	5.879920	-1.285575	-0.872000	-0.413575	5.576691	-7271.809756
748271308683.000000 0.009872 3.667108	2.000000	1.470456	0.529544	8.076921	1.532089	1.184000	0.348089	5.892521	-1.285575	-0.872000	-0.413575	5.591662	-7271.809756
748271337205.000000 0.013727 3.680834	2.000000	1.470456	0.529544	8.103678	1.532089	1.184000	0.348089	5.910110	-1.285575	-0.872000	-0.413575	5.612560	-7271.809756
748271367876.000000 0.014762 3.695592	2.000000	1.531641	0.468359	8.129228	1.532089	1.232000	0.300089	5.926480	-1.285575	-0.910000	-0.375575	5.633048	-9093.642702
748271399856.000000 0.015391 3.710980	2.000000	1.531641	0.468359	8.155979	1.532089	1.232000	0.300089	5.943621	-1.285575	-0.910000	-0.375575	5.654500	-9093.642702
748271426955.000000 0.013043 3.724021	2.000000	1.531641	0.468359	8.178728	1.532089	1.232000	0.300089	5.958196	-1.285575	-0.910000	-0.375575	5.672742	-9093.642702
748271448571.000000 0.010404 3.734421	2.000000	1.531641	0.468359	8.196925	1.532089	1.232000	0.300089	5.969856	-1.285575	-0.910000	-0.375575	5.687334	-9093.642702
748271471245.000000 0.010913 3.745331	2.000000	1.531641	0.468359	8.216068	1.532089	1.232000	0.300089	5.982121	-1.285575	-0.910000	-0.375575	5.702685	-9093.642702
748271492164.000000 0.010068 3.755398	2.000000	1.531641	0.468359	8.233777	1.532089	1.232000	0.300089	5.993468	-1.285575	-0.910000	-0.375575	5.716886	-9093.642702
748271519480.000000 0.013147 3.768542	2.000000	1.531641	0.468359	8.256982	1.532089	1.232000	0.300089	6.008335	-1.285575	-0.910000	-0.375575	5.735493	-9093.642702
748271551874.000000 0.015590 3.784130	2.000000	1.531641	0.468359	8.284612	1.532089	1.232000	0.300089	6.026039	-1.285575	-0.910000	-0.375575	5.757650	-9093.642702
748271582979.000000 0.014970 3.799097	2.000000	1.592025	0.407975	8.307815	1.532089	1.279000	0.253089	6.040433	-1.285575	-0.948000	-0.337575	5.776849	-10891.632791
748271610792.000000 0.013386 3.812481	2.000000	1.592025	0.407975	8.328636	1.532089	1.279000	0.253089	6.053349	-1.285575	-0.948000	-0.337575	5.794077	-10891.632791
748271633329.000000 0.010847 3.823324	2.000000	1.592025	0.407975	8.345555	1.532089	1.279000	0.253089	6.063845	-1.285575	-0.948000	-0.337575	5.808077	-10891.632791
748271653941.000000 0.009921 3.833243	2.000000	1.592025	0.407975	8.361070	1.532089	1.279000	0.253089	6.073470	-1.285575	-0.948000	-0.337575	5.820914	-10891.632791
748271679454.000000 0.012280 3.845520	2.000000	1.592025	0.407975	8.380335	1.532089	1.279000	0.253089	6.085421	-1.285575	-0.948000	-0.337575	5.836855	-10891.632791
748271700231.000000 0.010001 3.855518	2.000000	1.592025	0.407975	8.396065	1.532089	1.279000	0.253089	6.095179	-1.285575	-0.948000	-0.337575	5.849871	-10891.632791
748271719466.000000 0.009258 3.864773	2.000000	1.592025	0.407975	8.410662	1.532089	1.279000	0.253089	6.104234	-1.285575	-0.948000	-0.337575	5.861949	-10891.632791
748271735892.000000 0.007906 3.872676	2.000000	1.592025	0.407975	8.423153	1.532089	1.279000	0.253089	6.111983	-1.285575	-0.948000	-0.337575	5.872285	-10891.632791
748271751882.000000 0.007697 3.880370	2.000000	1.592025	0.407975	8.435338	1.532089	1.279000	0.253089	6.119542	-1.285575	-0.948000	-0.337575	5.882367	-10891.632791
748271768531.000000 0.008014 3.888382	2.000000	1.651817	0.348183	8.446187	1.532089	1.326000	0.206089	6.125964	-1.285575	-0.985000	-0.300575	5.891733	-12671.982418
748271788547.000000 0.009634 3.898014	2.000000	1.651817	0.348183	8.459263	1.532089	1.326000	0.206089	6.133703	-1.285575	-0.985000	-0.300575	5.903020	-12671.982418
748271809348.000000 0.010011 3.908023	2.000000	1.651817	0.348183	8.472885	1.532089	1.326000	0.206089	6.141766	-1.285575	-0.985000	-0.300575	5.914780	-12671.982418
748271829801.000000 0.009844 3.917865	2.000000	1.651817	0.348183	8.486314	1.532089	1.326000	0.206089	6.149715	-1.285575	-0.985000	-0.300575	5.926373	-12671.982418
748271850944.000000 0.010176 3.928040	2.000000	1.651817	0.348183	8.500232	1.532089	1.326000	0.206089	6.157953	-1.285575	-0.985000	-0.300575	5.938388	-12671.982418
748271871003.000000 0.009654 3.937691	2.000000	1.651817	0.348183	8.513468	1.532089	1.326000	0.206089	6.165787	-1.285575	-0.985000	-0.300575	5.949814	-12671.982418
748271889977.000000 0.009133 3.946823	2.000000	1.651817	0.348183	8.526019	1.532089	1.326000	0.206089	6.173216	-1.285575	-0.985000	-0.300575	5.960649	-12671.982418
748271906807.000000 0.008100 3.954920	2.000000	1.651817	0.348183	8.537173	1.532089	1.326000	0.206089	6.179818	-1.285575	-0.985000	-0.300575	5.970278	-12671.982418
748271923255.000000 0.007917 3.962834	2.000000	1.651817	0.348183	8.548096	1.532089	1.326000	0.206089	6.186284	-1.285575	-0.985000	-0.300575	5.979708	-12671.982418
748271939696.000000 0.007914 3.970745	2.000000	1.651817	0.348183	8.559037	1.532089	1.326000	0.206089	6.192760	-1.285575	-0.985000	-0.300575	5.989153	-12671.982418
748271957805.000000 0.008716 3.979460	2.000000	1.651817	0.348183	8.571114	1.532089	1.326000	0.206089	6.199908	-1.285575	-0.985000	-0.300575	5.999578	-12671.982418
748271979456.000000 0.010421 3.989878	2.000000	1.712209	0.287791	8.583079	1.532089	1.373000	0.159089	6.206522	-1.285575	-1.023000	-0.262575	6.010495	-14470.167301
748271999311.000000 0.009557 3.999433	2.000000	1.712209	0.287791	8.594079	1.532089	1.373000	0.159089	6.212603	-1.285575	-1.023000	-0.262575	6.020531	-14470.167301
748272016624.000000 0.008333 4.007762	2.000000	1.712209	0.287791	8.603690	1.532089	1.373000	0.159089	6.217916	-1.285575	-1.023000	-0.262575	6.029300	-14470.167301
748272034879.000000 0.008787 4.016547	2.000000	1.712209	0.287791	8.613847	1.532089	1.373000	0.159089	6.223530	-1.285575	-1.023000	-0.262575	6.038567	-14470.167301
748272052940.000000 0.008693 4.025238	2.000000	1.712209	0.287791	8.623918	1.532089	1.373000	0.159089	6.229097	-1.285575	-1.023000	-0.262575	6.047755	-14470.167301
748272071111.000000 0.008746 4.033981	2.000000	1.712209	0.287791	8.634071	1.532089	1.373000	0.159089	6.234710	-1.285575	-1.023000	-0.262575	6.057019	-14470.167301
748272089270.000000 0.008740 4.042720	2.000000	1.712209	0.287791	8.644240	1.532089	1.373000	0.159089	6.240332	-1.285575	-1.023000	-0.262575	6.066297	-14470.167301
748272108414.000000 0.009215 4.051932	2.000000	1.712209	0.287791	8.654986	1.532089	1.373000	0.159089	6.246272	-1.285575	-1.023000	-0.262575	6.076101	-14470.167301
748272128366.000000 0.009603 4.061533	2.000000	1.712209	0.287791	8.666211	1.532089	1.373000	0.159089	6.252477	-1.285575	-1.023000	-0.262575	6.086343	-14470.167301
748272147147.000000 0.009040 4.070570	2.000000	1.712209	0.287791	8.676801	1.532089	1.373000	0.159089	6.258331	-1.285575	-1.023000	-0.262575	6.096005	-14470.167301
748272166502.000000 0.009316 4.079884	2.000000	1.712209	0.287791	8.687740	1.532089	1.373000	0.159089	6.264378	-1.285575	-1.023000	-0.262575	6.105985	-14470.167301
748272187063.000000 0.009897 4.089778	2.000000	1.773404	0.226596	8.696912	1.532089	1.421000	0.111089	6.268874	-1.285575	-1.061000	-0.224575	6.115076	-16292.307459
748272209181.000000 0.010645 4.100420	2.000000	1.773404	0.226596	8.706803	1.532089	1.421000	0.111089	6.273724	-1.285575	-1.061000	-0.224575	6.124878	-16292.307459
748272228177.000000 0.009143 4.109560	2.000000	1.773404	0.226596	8.715317	1.532089	1.421000	0.111089	6.277897	-1.285575	-1.061000	-0.224575	6.133316	-16292.307459
748272244512.000000 0.007862 4.117420	2.000000	1.773404	0.226596	8.722652	1.532089	1.421000	0.111089	6.281494	-1.285575	-1.061000	-0.224575	6.140586	-16292.307459
748272260749.000000 0.007816 4.125234	2.000000	1.773404	0.226596	8.729958	1.532089	1.421000	0.111089	6.285075	-1.285575	-1.061000	-0.224575	6.147827	-16292.307459
748272276923.000000 0.007784 4.133016	2.000000	1.773404	0.226596	8.737248	1.532089	1.421000	0.111089	6.288649	-1.285575	-1.061000	-0.224575	6.155052	-16292.307459
748272293482.000000 0.007970 4.140984	2.000000	1.773404	0.226596	8.744726	1.532089	1.421000	0.111089	6.292315	-1.285575	-1.061000	-0.224575	6.162464	-16292.307459
748272310894.000000 0.008381 4.149363	2.000000	1.773404	0.226596	8.752606	1.532089	1.421000	0.111089	6.296179	-1.285575	-1.061000	-0.224575	6.170273	-16292.307459
748272329514.000000 0.008962 4.158323	2.000000	1.773404	0.226596	8.761051	1.532089	1.421000	0.111089	6.300318	-1.285575	-1.061000	-0.224575	6.178642	-16292.307459
748272346337.000000 0.008098 4.166419	2.000000	1.773404	0.226596	8.768696	1.532089	1.421000	0.111089	6.304067	-1.285575	-1.061000	-0.224575	6.186219	-16292.307459
748272363923.000000 0.008464 4.174880	2.000000	1.773404	0.226596	8.776703	1.532089	1.421000	0.111089	6.307992	-1.285575	-1.061000	-0.224575	6.194155	-16292.307459
748272381306.000000 0.008367 4.183245	2.000000	1.773404	0.226596	8.784634	1.532089	1.421000	0.111089	6.311880	-1.285575	-1.061000	-0.224575	6.202015	-16292.307459
748272402089.000000 0.010003 4.193247	2.000000	1.833202	0.166798	8.791631	1.532089	1.468000	0.064089	6.314569	-1.285575	-1.098000	-0.187575	6.209884	-18072.819523
748272424704.000000 0.010884 4.204128	2.000000	1.833202	0.166798	8.799263	1.532089	1.468000	0.064089	6.317501	-1.285575	-1.098000	-0.187575	6.218467	-18072.819523
748272446792.000000 0.010631 4.214757	2.000000	1.833202	0.166798	8.806737	1.532089	1.468000	0.064089	6.320373	-1.285575	-1.098000	-0.187575	6.226871	-18072.819523
748272468044.000000 0.010228 4.224982	2.000000	1.833202	0.166798	8.813945	1.532089	1.468000	0.064089	6.323142	-1.285575	-1.098000	-0.187575	6.234977	-18072.819523
748272485667.000000 0.008482 4.233463	2.000000	1.833202	0.166798	8.819935	1.532089	1.468000	0.064089	6.325444	-1.285575	-1.098000	-0.187575	6.241713	-18072.819523
748272502956.000000 0.008321 4.241781	2.000000	1.833202	0.166798	8.825822	1.532089	1.468000	0.064089	6.327706	-1.285575	-1.098000	-0.187575	6.248334	-18072.819523
748272521195.000000 0.008779 4.250559	2.000000	1.833202	0.166798	8.832046	1.532089	1.468000	0.064089	6.330097	-1.285575	-1.098000	-0.187575	6.255333	-18072.819523
748272538424.000000 0.008292 4.258849	2.000000	1.833202	0.166798	8.837937	1.532089	1.468000	0.064089	6.332361	-1.285575	-1.098000	-0.187575	6.261958	-18072.819523
748272555238.000000 0.008094 4.266940	2.000000	1.833202	0.166798	8.843698	1.532089	1.468000	0.064089	6.334574	-1.285575	-1.098000	-0.187575	6.268436	-18072.819523
748272571446.000000 0.007801 4.274738	2.000000	1.833202	0.166798	8.849260	1.532089	1.468000	0.064089	6.336711	-1.285575	-1.098000	-0.187575	6.274691	-18072.819523
748272590721.000000 0.009277 4.284013	2.000000	1.833202	0.166798	8.855889	1.532089	1.468000	0.064089	6.339259	-1.285575	-1.098000	-0.187575	6.282146	-18072.819523
748272612931.000000 0.010690 4.294702	2.000000	1.893600	0.106400	8.860774	1.532089	1.515000	0.017089	6.340043	-1.285575	-1.136000	-0.149575	6.289014	-19871.224987
748272634760.000000 0.010508 4.305207	2.000000	1.893600	0.106400	8.865588	1.532089	1.515000	0.017089	6.340816	-1.285575	-1.136000	-0.149575	6.295780	-19871.224987
748272654720.000000 0.009607 4.314810	2.000000	1.893600	0.106400	8.869998	1.532089	1.515000	0.017089	6.341525	-1.285575	-1.136000	-0.149575	6.301980	-19871.224987
748272675450.000000 0.009978 4.324785	2.000000	1.893600	0.106400	8.874590	1.532089	1.515000	0.017089	6.342262	-1.285575	-1.136000	-0.149575	6.308435	-19871.224987
748272697832.000000 0.010772 4.335554	2.000000	1.893600	0.106400	8.879559	1.532089	1.515000	0.017089	6.343060	-1.285575	-1.136000	-0.149575	6.315421	-19871.224987
748272719224.000000 0.010296 4.345848	2.000000	1.893600	0.106400	8.884320	1.532089	1.515000	0.017089	6.343825	-1.285575	-1.136000	-0.149575	6.322113	-19871.224987
748272741205.000000 0.010579 4.356425	2.000000	1.893600	0.106400	8.889224	1.532089	1.515000	0.017089	6.344612	-1.285575	-1.136000	-0.149575	6.329007	-19871.224987
748272764401.000000 0.011164 4.367587	2.000000	1.893600	0.106400	8.894412	1.532089	1.515000	0.017089	6.345446	-1.285575	-1.136000	-0.149575	6.336300	-19871.224987
748272785144.000000 0.009984 4.377569	2.000000	1.893600	0.106400	8.899062	1.532089	1.515000	0.017089	6.346193	-1.285575	-1.136000	-0.149575	6.342837	-19871.224987
