921701871143.000000 0.000003 0.000005 0.005360 -0.000006 0.000000 -40.000000 -0.000006 -40.000000 0.000000 -1722589.203534
921701898714.000000 0.013269 0.013274 0.018296 -0.014939 0.000000 -40.000000 -0.014939 -40.000000 0.000003 -20840.741712
921701924820.000000 0.012564 0.025836 0.031506 -0.044005 0.000000 -40.000000 -0.044005 -40.000000 0.000017 -22499.519507
921701951447.000000 0.012815 0.038649 0.043840 -0.087485 0.000000 -40.000000 -0.087485 -40.000000 0.000060 -24118.662103
921701977111.000000 0.012351 0.050998 0.057158 -0.144858 0.000000 -40.000000 -0.144858 -40.000000 0.000151 -26266.669212
921702005237.000000 0.013536 0.064532 0.070421 -0.217456 0.000000 -40.000000 -0.217456 -40.000000 0.000341 -28508.514642
921702032974.000000 0.013349 0.077879 0.084908 -0.305070 0.000000 -40.000000 -0.305070 -40.000000 0.000659 -31559.680013
921702065743.000000 0.015771 0.093648 0.098898 -0.410424 0.000000 -40.000000 -0.410424 -40.000000 0.001265 -34453.037593
921702092779.000000 0.013012 0.106657 0.112363 -0.530413 0.000000 -40.000000 -0.530413 -40.000000 0.002001 -39279.803012
921702125752.000000 0.015869 0.122524 0.132553 -0.668253 0.000000 -40.000000 -0.668253 -40.000000 0.003300 -42530.685813
921702167119.000000 0.019908 0.142429 0.146822 -0.828486 0.000000 -40.000000 -0.828486 -40.000000 0.005649 -46942.723991
921702185388.000000 0.008793 0.151219 0.158381 -0.998608 0.000000 -40.000000 -0.998608 -40.000000 0.006977 -59038.948524
921702223566.000000 0.018373 0.169591 0.177676 -1.189398 0.000000 -40.000000 -1.189398 -40.000000 0.010683 -57132.623992
921702320388.000000 0.046593 0.216181 0.224547 -1.432602 0.000000 -40.000000 -1.432602 -40.000000 0.025113 -63221.467647
921702356770.000000 0.017509 0.233687 0.242079 -1.695500 0.000000 -40.000000 -1.695500 -40.000000 0.032051 -75923.716122
921702394720.000000 0.018264 0.251949 0.259507 -1.978943 0.000000 -40.000000 -1.978943 -40.000000 0.041157 -83037.362575
921702430259.000000 0.017103 0.269050 0.277366 -2.281624 0.000000 -40.000000 -2.281624 -40.000000 0.051656 -91066.983760
921702469131.000000 0.018707 0.287754 0.296196 -2.605347 0.000000 -40.000000 -2.605347 -40.000000 0.065681 -84130.611402
921702507676.000000 0.018550 0.306302 0.316525 -2.958472 -0.966809 -40.073771 -1.991663 -39.033191 0.076997 -81881.817607
921702550237.000000 0.020482 0.326782 0.335101 -3.335208 -0.966809 -40.073771 -2.368399 -39.033191 0.092850 -82810.768892
921702590084.000000 0.019176 0.345957 0.357213 -3.734050 -0.966809 -40.073771 -2.767241 -39.033191 0.111208 -83794.229431
921702634411.000000 0.021333 0.367288 0.371789 -4.157483 -0.966809 -40.073771 -3.190674 -39.033191 0.136208 -84838.326027
921702652918.000000 0.008908 0.376191 0.380992 -4.591181 -0.966809 -40.073771 -3.624372 -39.033191 0.148354 -85907.734155
921702671871.000000 0.009122 0.385312 0.391482 -5.035393 -0.966809 -40.073771 -4.068584 -39.033191 0.162655 -87003.068001
921702706270.000000 0.016555 0.401864 0.410627 -5.537098 -3.955128 -40.203416 -1.581970 -36.044872 0.173179 -78633.952530
921702742362.000000 0.017370 0.419232 0.425588 -6.060486 -3.955128 -40.203416 -2.105358 -36.044872 0.188511 -79924.516955
921702770781.000000 0.013677 0.432906 0.436314 -6.600944 -3.955128 -40.203416 -2.645816 -36.044872 0.204176 -81257.174036
921702787186.000000 0.007896 0.440800 0.443911 -7.151258 -3.955128 -40.203416 -3.196131 -36.044872 0.215301 -82614.133345
921702801214.000000 0.006752 0.447550 0.450661 -7.710000 -3.955128 -40.203416 -3.754872 -36.044872 0.226648 -83991.872348
921702815988.000000 0.007111 0.454658 0.457786 -8.277615 -3.955128 -40.203416 -4.322487 -36.044872 0.240622 -85391.491650
921702830141.000000 0.006812 0.461469 0.464599 -8.853733 -3.955128 -40.203416 -4.898605 -36.044872 0.256021 -86812.077290
921702844251.000000 0.006791 0.468258 0.471396 -9.438326 -3.955128 -40.203416 -5.483199 -36.044872 0.273458 -88253.562609
921702858520.000000 0.006868 0.475124 0.478349 -10.031492 -3.955128 -40.203416 -6.076365 -36.044872 0.293286 -89716.184614
921702872597.000000 0.006776 0.481899 0.485081 -10.633116 -3.955128 -40.203416 -6.677988 -36.044872 0.315092 -91199.661860
921702887350.000000 0.007101 0.488997 0.492172 -11.243601 -3.955128 -40.203416 -7.288474 -36.044872 0.340400 -92704.991261
921702901780.000000 0.006946 0.495942 0.498909 -11.862758 -3.955128 -40.203416 -7.907630 -36.044872 0.367643 -94231.700282
921702915426.000000 0.006569 0.502508 0.505685 -12.490110 -3.955128 -40.203416 -8.534983 -36.044872 0.395815 -95778.620177
921702931133.000000 0.007560 0.510065 0.513286 -13.184464 -6.943446 -40.349127 -6.241018 -33.056554 0.419881 -88027.484725
921702945019.000000 0.006684 0.516747 0.519666 -13.887914 -6.943446 -40.349127 -6.944467 -33.056554 0.443866 -89762.043795
921702958664.000000 0.006568 0.523314 0.526235 -14.600302 -6.943446 -40.349127 -7.656856 -33.056554 0.470183 -91518.644036
921702972020.000000 0.006429 0.529739 0.532733 -15.321438 -6.943446 -40.349127 -8.377992 -33.056554 0.498715 -93296.813806
921702985477.000000 0.006477 0.536215 0.539306 -16.051389 -6.943446 -40.349127 -9.107943 -33.056554 0.530349 -95096.719472
921702999307.000000 0.006656 0.542870 0.545966 -16.790399 -6.943446 -40.349127 -9.846953 -33.056554 0.565931 -96918.963508
921703013028.000000 0.006604 0.549473 0.552436 -17.538398 -6.943446 -40.349127 -10.594952 -33.056554 0.604379 -98763.371471
921703026704.000000 0.006583 0.556053 0.559062 -18.295355 -6.943446 -40.349127 -11.351909 -33.056554 0.645931 -100629.869062
921703040451.000000 0.006617 0.562668 0.565823 -19.061318 -6.943446 -40.349127 -12.117871 -33.056554 0.691050 -102518.570959
921703055006.000000 0.007006 0.569672 0.572947 -19.836814 -6.943446 -40.349127 -12.893368 -33.056554 0.742507 -104430.782255
921703069120.000000 0.006793 0.576463 0.579979 -20.621555 -6.943446 -40.349127 -13.678109 -33.056554 0.796073 -106365.789025
921703083705.000000 0.007020 0.583482 0.586496 -21.415851 -6.943446 -40.349127 -14.472405 -33.056554 0.855349 -108324.355264
921703097995.000000 0.006878 0.590358 0.593662 -22.219507 -6.943446 -40.349127 -15.276061 -33.056554 0.917379 -110306.002871
921703112593.000000 0.007026 0.597383 0.600404 -23.032727 -6.943446 -40.349127 -16.089281 -33.056554 0.984912 -112311.230944
921703126146.000000 0.006524 0.603904 0.607287 -23.854823 -9.931765 -40.349127 -13.923058 -33.056554 1.039763 -114338.346744
921703141550.000000 0.007414 0.611317 0.614842 -24.769717 -9.931765 -40.571358 -14.837952 -30.068235 1.107015 -109228.785889
921703156281.000000 0.007090 0.618405 0.621567 -25.695219 -9.931765 -40.571358 -15.763454 -30.068235 1.176133 -111510.879367
921703170537.000000 0.006862 0.625265 0.628254 -26.630987 -9.931765 -40.571358 -16.699223 -30.068235 1.247780 -113818.287769
921703184691.000000 0.006813 0.632075 0.635415 -27.576949 -9.931765 -40.571358 -17.645184 -30.068235 1.323769 -116150.829969
921703199125.000000 0.006947 0.639020 0.642122 -28.533304 -9.931765 -40.571358 -18.601539 -30.068235 1.406351 -118509.001398
921703213729.000000 0.007029 0.646048 0.649107 -29.500178 -9.931765 -40.571358 -19.568413 -30.068235 1.495216 -120893.107483
921703227487.000000 0.006622 0.652668 0.655530 -30.476958 -9.931765 -40.571358 -20.545193 -30.068235 1.584014 -123301.642399
921703240789.000000 0.006403 0.659069 0.662367 -31.463318 -9.931765 -40.571358 -21.531553 -30.068235 1.674874 -125733.798184
921703255111.000000 0.006894 0.665961 0.668962 -32.459992 -9.931765 -40.571358 -22.528227 -30.068235 1.778297 -128191.387867
921703269286.000000 0.006823 0.672782 0.675903 -33.466875 -9.931765 -40.571358 -23.535110 -30.068235 1.886330 -130674.148638
921703283414.000000 0.006800 0.679580 0.682569 -34.483931 -9.931765 -40.571358 -24.552166 -30.068235 1.999792 -133181.995263
921703296931.000000 0.006506 0.686083 0.689169 -35.510720 -9.931765 -40.571358 -25.578955 -30.068235 2.113963 -135713.842766
921703310914.000000 0.006730 0.692813 0.695670 -36.547581 -9.931765 -40.571358 -26.615816 -30.068235 2.238070 -138270.523966
921703324212.000000 0.006401 0.699213 0.702496 -37.594020 -9.931765 -40.571358 -27.662255 -30.068235 2.361883 -140850.822485
921703338972.000000 0.007105 0.706315 0.710636 -38.727278 -11.953275 -40.809014 -26.774004 -28.046725 2.496241 -140183.294096
921703358126.000000 0.009218 0.715531 0.718714 -39.875323 -11.953275 -40.809014 -27.922048 -28.046725 2.680412 -143014.130683
921703375033.000000 0.008137 0.723667 0.726932 -40.000000 -11.953275 -40.809014 -28.046725 -28.046725 2.845574 -143321.558085
921703389912.000000 0.007162 0.730827 0.734206 -40.000000 -11.953275 -40.809014 -28.046725 -28.046725 2.992377 -143321.558085
921703404834.000000 0.007182 0.738006 0.741841 -40.000000 -11.953275 -40.809014 -28.046725 -28.046725 3.141040 -143321.558085
921703422306.000000 0.008410 0.746415 0.750318 -40.000000 -11.953275 -40.809014 -28.046725 -28.046725 3.317095 -143321.558085
921703439875.000000 0.008456 0.754868 0.757980 -40.000000 -11.953275 -40.809014 -28.046725 -28.046725 3.496121 -143321.558085
921703454941.000000 0.007253 0.762118 0.765335 -40.000000 -11.953275 -40.809014 -28.046725 -28.046725 3.651143 -143321.558085
921703469525.000000 0.007020 0.769136 0.773043 -40.000000 -11.953275 -40.809014 -28.046725 -28.046725 3.802569 -143321.558085
921703486040.000000 0.007949 0.777082 0.780291 -40.000000 -11.953275 -40.809014 -28.046725 -28.046725 3.975810 -143321.558085
921703503059.000000 0.008191 0.785271 0.788400 -40.000000 -11.953275 -40.809014 -28.046725 -28.046725 4.156208 -143321.558085
921703518243.000000 0.007308 0.792577 0.795713 -40.000000 -11.953275 -40.809014 -28.046725 -28.046725 4.318655 -143321.558085
921703532832.000000 0.007022 0.799598 0.803383 -40.000000 -11.953275 -40.809014 -28.046725 -28.046725 4.476132 -143321.558085
921703551311.000000 0.008894 0.808491 0.812503 -40.000000 -14.941593 -41.066599 -25.058407 -25.058407 4.656327 -133377.871533
921703569453.000000 0.008732 0.817220 0.820775 -40.000000 -14.941593 -41.066599 -25.058407 -25.058407 4.835147 -133377.871533
921703586363.000000 0.008139 0.825357 0.829179 -40.000000 -14.941593 -41.066599 -25.058407 -25.058407 5.003477 -133377.871533
921703603199.000000 0.008103 0.833459 0.836846 -40.000000 -14.941593 -41.066599 -25.058407 -25.058407 5.172715 -133377.871533
921703618341.000000 0.007288 0.840744 0.844676 -40.000000 -14.941593 -41.066599 -25.058407 -25.058407 5.326249 -133377.871533
921703635706.000000 0.008358 0.849100 0.853337 -40.000000 -14.941593 -41.066599 -25.058407 -25.058407 5.504089 -133377.871533
921703653016.000000 0.008331 0.857430 0.860489 -40.000000 -14.941593 -41.066599 -25.058407 -25.058407 5.683095 -133377.871533
921703667201.000000 0.006828 0.864256 0.868047 -40.000000 -14.941593 -41.066599 -25.058407 -25.058407 5.830971 -133377.871533
921703683003.000000 0.007606 0.871859 0.875126 -40.000000 -14.941593 -41.066599 -25.058407 -25.058407 5.997136 -133377.871533
921703698232.000000 0.007330 0.879188 0.883150 -40.000000 -14.941593 -41.066599 -25.058407 -25.058407 6.158634 -133377.871533
921703716169.000000 0.008633 0.887819 0.891378 -40.000000 -14.941593 -41.066599 -25.058407 -25.058407 6.350686 -133377.871533
921703733479.000000 0.008331 0.896148 0.899538 -40.000000 -14.941593 -41.066599 -25.058407 -25.058407 6.537775 -133377.871533
921703749619.000000 0.007769 0.903915 0.908174 -40.000000 -18.984612 -41.066599 -21.015388 -25.058407 6.685353 -133377.871533
921703768617.000000 0.009144 0.913057 0.916633 -40.000000 -18.984612 -41.365147 -21.015388 -21.015388 6.860812 -120739.897939
921703784231.000000 0.007516 0.920571 0.924705 -40.000000 -18.984612 -41.365147 -21.015388 -21.015388 7.006222 -120739.897939
921703802464.000000 0.008776 0.929343 0.933184 -40.000000 -18.984612 -41.365147 -21.015388 -21.015388 7.177621 -120739.897939
921703820127.000000 0.008501 0.937843 0.941700 -40.000000 -18.984612 -41.365147 -21.015388 -21.015388 7.345173 -120739.897939
921703838485.000000 0.008836 0.946677 0.950491 -40.000000 -18.984612 -41.365147 -21.015388 -21.015388 7.520966 -120739.897939
921703856216.000000 0.008534 0.955209 0.959091 -40.000000 -18.984612 -41.365147 -21.015388 -21.015388 7.692287 -120739.897939
921703874022.000000 0.008571 0.963777 0.967751 -40.000000 -18.984612 -41.365147 -21.015388 -21.015388 7.865875 -120739.897939
921703890643.000000 0.008000 0.971774 0.975803 -40.000000 -18.984612 -41.365147 -21.015388 -21.015388 8.029249 -120739.897939
921703909018.000000 0.008845 0.980617 0.984251 -40.000000 -18.984612 -41.365147 -21.015388 -21.015388 8.211523 -120739.897939
921703925129.000000 0.007754 0.988369 0.992397 -40.000000 -18.984612 -41.365147 -21.015388 -21.015388 8.372589 -120739.897939
921703942371.000000 0.008299 0.996665 1.000212 -40.000000 -18.984612 -41.365147 -21.015388 -21.015388 8.546406 -120739.897939
921703959444.000000 0.008218 1.004881 1.009241 -40.000000 -22.939740 -41.662240 -17.060260 -17.060260 8.687289 -109625.025915
921703979421.000000 0.009615 1.014494 1.017701 -40.000000 -22.939740 -41.662240 -17.060260 -17.060260 8.853703 -109625.025915
921703994995.000000 0.007496 1.021987 1.025731 -40.000000 -22.939740 -41.662240 -17.060260 -17.060260 8.984399 -109625.025915
921704012421.000000 0.008388 1.030373 1.034260 -40.000000 -22.939740 -41.662240 -17.060260 -17.060260 9.131841 -109625.025915
921704030147.000000 0.008532 1.038903 1.042204 -40.000000 -22.939740 -41.662240 -17.060260 -17.060260 9.283071 -109625.025915
921704045547.000000 0.007413 1.046313 1.050005 -40.000000 -22.939740 -41.662240 -17.060260 -17.060260 9.415391 -109625.025915
921704062252.000000 0.008041 1.054352 1.058119 -40.000000 -22.939740 -41.662240 -17.060260 -17.060260 9.560024 -109625.025915
921704079001.000000 0.008061 1.062411 1.065994 -40.000000 -22.939740 -41.662240 -17.060260 -17.060260 9.706137 -109625.025915
921704096133.000000 0.008247 1.070655 1.074040 -40.000000 -22.939740 -41.662240 -17.060260 -17.060260 9.856767 -109625.025915
921704111332.000000 0.007317 1.077969 1.081832 -40.000000 -22.939740 -41.662240 -17.060260 -17.060260 9.991321 -109625.025915
921704128463.000000 0.008245 1.086211 1.089368 -40.000000 -22.939740 -41.662240 -17.060260 -17.060260 10.144114 -109625.025915
921704143911.000000 0.007436 1.093646 1.097668 -40.000000 -22.939740 -41.662240 -17.060260 -17.060260 10.282851 -109625.025915
921704163030.000000 0.009203 1.102847 1.107922 -40.000000 -27.949568 -41.662240 -12.050432 -17.060260 10.405161 -109625.025915
921704185333.000000 0.010734 1.113577 1.118328 -40.000000 -27.949568 -41.918960 -12.050432 -12.050432 10.549201 -96462.444355
921704204351.000000 0.009154 1.122729 1.126561 -40.000000 -27.949568 -41.918960 -12.050432 -12.050432 10.673045 -96462.444355
921704220400.000000 0.007725 1.130451 1.133911 -40.000000 -27.949568 -41.918960 -12.050432 -12.050432 10.778272 -96462.444355
921704235665.000000 0.007347 1.137796 1.141913 -40.000000 -27.949568 -41.918960 -12.050432 -12.050432 10.879011 -96462.444355
921704256062.000000 0.009817 1.147612 1.152133 -40.000000 -27.949568 -41.918960 -12.050432 -12.050432 11.014769 -96462.444355
921704275596.000000 0.009402 1.157011 1.161219 -40.000000 -27.949568 -41.918960 -12.050432 -12.050432 11.145857 -96462.444355
921704293294.000000 0.008518 1.165527 1.169381 -40.000000 -27.949568 -41.918960 -12.050432 -12.050432 11.265494 -96462.444355
921704310622.000000 0.008340 1.173866 1.177475 -40.000000 -27.949568 -41.918960 -12.050432 -12.050432 11.383475 -96462.444355
921704327343.000000 0.008048 1.181910 1.185577 -40.000000 -27.949568 -41.918960 -12.050432 -12.050432 11.498098 -96462.444355
921704346168.000000 0.009061 1.190971 1.195563 -40.000000 -27.949568 -41.918960 -12.050432 -12.050432 11.628143 -96462.444355
921704365876.000000 0.009486 1.200453 1.204123 -40.000000 -27.949568 -41.918960 -12.050432 -12.050432 11.765371 -96462.444355
921704382754.000000 0.008124 1.208575 1.213123 -40.000000 -31.992588 -42.153383 -8.007412 -8.007412 11.843991 -85560.435688
921704402292.000000 0.009404 1.217976 1.221540 -40.000000 -31.992588 -42.153383 -8.007412 -8.007412 11.935706 -85560.435688
921704419245.000000 0.008160 1.226134 1.229640 -40.000000 -31.992588 -42.153383 -8.007412 -8.007412 12.015818 -85560.435688
921704435295.000000 0.007726 1.233857 1.237522 -40.000000 -31.992588 -42.153383 -8.007412 -8.007412 12.092146 -85560.435688
921704453089.000000 0.008564 1.242418 1.245898 -40.000000 -31.992588 -42.153383 -8.007412 -8.007412 12.177348 -85560.435688
921704470368.000000 0.008316 1.250733 1.254340 -40.000000 -31.992588 -42.153383 -8.007412 -8.007412 12.260638 -85560.435688
921704487122.000000 0.008064 1.258795 1.262637 -40.000000 -31.992588 -42.153383 -8.007412 -8.007412 12.341924 -85560.435688
921704503979.000000 0.008113 1.266906 1.270272 -40.000000 -31.992588 -42.153383 -8.007412 -8.007412 12.424231 -85560.435688
921704518966.000000 0.007214 1.274118 1.277493 -40.000000 -31.992588 -42.153383 -8.007412 -8.007412 12.497827 -85560.435688
921704534925.000000 0.007682 1.281798 1.285065 -40.000000 -31.992588 -42.153383 -8.007412 -8.007412 12.576671 -85560.435688
921704549703.000000 0.007113 1.288908 1.292693 -40.000000 -31.992588 -42.153383 -8.007412 -8.007412 12.650083 -85560.435688
921704566027.000000 0.007856 1.296763 1.299948 -40.000000 -31.992588 -42.153383 -8.007412 -8.007412 12.731662 -85560.435688
921704580583.000000 0.007007 1.303767 1.307633 -40.000000 -34.980906 -42.153383 -5.019094 -8.007412 12.777511 -85560.435688
921704598772.000000 0.008755 1.312521 1.316211 -40.000000 -34.980906 -42.347001 -5.019094 -5.019094 12.835185 -79211.200808
921704614215.000000 0.007433 1.319951 1.323224 -40.000000 -34.980906 -42.347001 -5.019094 -5.019094 12.884428 -79211.200808
921704629613.000000 0.007411 1.327361 1.330565 -40.000000 -34.980906 -42.347001 -5.019094 -5.019094 12.933804 -79211.200808
921704646229.000000 0.007997 1.335357 1.339484 -40.000000 -34.980906 -42.347001 -5.019094 -5.019094 12.987404 -79211.200808
921704664491.000000 0.008789 1.344143 1.347574 -40.000000 -34.980906 -42.347001 -5.019094 -5.019094 13.046701 -79211.200808
921704680690.000000 0.007797 1.351938 1.355183 -40.000000 -34.980906 -42.347001 -5.019094 -5.019094 13.099606 -79211.200808
921704695335.000000 0.007049 1.358986 1.362276 -40.000000 -34.980906 -42.347001 -5.019094 -5.019094 13.147690 -79211.200808
921704710470.000000 0.007285 1.366269 1.369953 -40.000000 -34.980906 -42.347001 -5.019094 -5.019094 13.197648 -79211.200808
921704728101.000000 0.008486 1.374753 1.378662 -40.000000 -34.980906 -42.347001 -5.019094 -5.019094 13.256203 -79211.200808
921704745049.000000 0.008157 1.382907 1.387501 -40.000000 -34.980906 -42.347001 -5.019094 -5.019094 13.312822 -79211.200808
921704763984.000000 0.009114 1.392020 1.396279 -40.000000 -34.980906 -42.347001 -5.019094 -5.019094 13.376500 -79211.200808
921704783556.000000 0.009421 1.401438 1.405664 -40.000000 -34.980906 -42.347001 -5.019094 -5.019094 13.442769 -79211.200808
921704803753.000000 0.009721 1.411157 1.415412 -40.000000 -37.969225 -42.498395 -2.030775 -2.030775 13.470627 -71785.217014
921704820808.000000 0.008209 1.419362 1.422806 -40.000000 -37.969225 -42.498395 -2.030775 -2.030775 13.494289 -71785.217014
921704836322.000000 0.007467 1.426827 1.431103 -40.000000 -37.969225 -42.498395 -2.030775 -2.030775 13.515925 -71785.217014
921704854919.000000 0.008951 1.435776 1.439961 -40.000000 -37.969225 -42.498395 -2.030775 -2.030775 13.542023 -71785.217014
921704872974.000000 0.008690 1.444465 1.449103 -40.000000 -37.969225 -42.498395 -2.030775 -2.030775 13.567515 -71785.217014
921704892921.000000 0.009601 1.454063 1.457987 -40.000000 -37.969225 -42.498395 -2.030775 -2.030775 13.595865 -71785.217014
921704909963.000000 0.008203 1.462263 1.466063 -40.000000 -37.969225 -42.498395 -2.030775 -2.030775 13.620224 -71785.217014
921704927120.000000 0.008258 1.470518 1.474588 -40.000000 -37.969225 -42.498395 -2.030775 -2.030775 13.644884 -71785.217014
921704944567.000000 0.008397 1.478914 1.483074 -40.000000 -37.969225 -42.498395 -2.030775 -2.030775 13.670104 -71785.217014
921704962478.000000 0.008622 1.487533 1.491464 -40.000000 -37.969225 -42.498395 -2.030775 -2.030775 13.696148 -71785.217014
921704980984.000000 0.008907 1.496438 1.500582 -40.000000 -37.969225 -42.498395 -2.030775 -2.030775 13.723217 -71785.217014
