748080986176.000000 0.000002 0.000005	0.000005	0.000000	0.000005	0.000000	0.000004	0.000000	0.000004	0.000000	-0.000003	0.000000	-0.000003	0.000000	2208271.263869
748081023260.000000 0.017847 0.017853	0.017856	0.000000	0.017856	0.000006	0.013678	0.000000	0.013678	0.000004	-0.011477	0.000000	-0.011477	0.000004	-19440.519218
748081057506.000000 0.016481 0.034331	0.052183	0.000000	0.052183	0.000035	0.039974	0.000000	0.039974	0.000027	-0.033543	0.000000	-0.033543	0.000023	-17752.241975
748081091299.000000 0.016263 0.050591	0.102769	0.000000	0.102769	0.000120	0.078726	0.000000	0.078726	0.000092	-0.066059	0.000000	-0.066059	0.000077	-15979.911178
748081131645.000000 0.019416 0.070005	0.172767	0.000000	0.172767	0.000355	0.132347	0.000000	0.132347	0.000272	-0.111053	0.000000	-0.111053	0.000228	-13992.090392
748081173779.000000 0.020277 0.090280	0.263038	0.000000	0.263038	0.000836	0.201499	0.000000	0.201499	0.000641	-0.169078	0.000000	-0.169078	0.000537	-11170.596236
748081217309.000000 0.020949 0.111227	0.374254	0.000000	0.374254	0.001708	0.286695	0.000000	0.286695	0.001309	-0.240566	0.000000	-0.240566	0.001098	-7825.361175
748081255454.000000 0.018357 0.129582	0.503822	0.000000	0.503822	0.002907	0.385950	0.000000	0.385950	0.002227	-0.323851	0.000000	-0.323851	0.001868	-3477.928652
748081292510.000000 0.017833 0.147413	0.651220	0.000000	0.651220	0.004619	0.498864	0.000000	0.498864	0.003538	-0.418596	0.000000	-0.418596	0.002969	913.494900
748081329404.000000 0.017755 0.165166	0.816370	0.000000	0.816370	0.007013	0.625375	0.000000	0.625375	0.005372	-0.524752	0.000000	-0.524752	0.004508	5764.212016
748081386735.000000 0.027590 0.192752	1.009103	0.000000	1.009103	0.012379	0.773018	0.000000	0.773018	0.009483	-0.648639	0.000000	-0.648639	0.007957	9655.927693
748081426996.000000 0.019376 0.212127	1.221208	0.000000	1.221208	0.017398	0.935500	0.000000	0.935500	0.013328	-0.784978	0.000000	-0.784978	0.011183	17748.453572
748081462567.000000 0.017118 0.229243	1.450428	0.000000	1.450428	0.023090	1.111092	0.000000	1.111092	0.017688	-0.932317	0.000000	-0.932317	0.014842	24754.514379
748081503485.000000 0.019692 0.248933	1.699336	0.000000	1.699336	0.031420	1.301767	0.000000	1.301767	0.024069	-1.092312	0.000000	-1.092312	0.020196	30689.241611
748081543207.000000 0.019116 0.268046	1.967355	0.003000	1.964355	0.041485	1.507081	0.003000	1.504081	0.031776	-1.264591	0.000000	-1.264591	0.026676	38776.784860
748081582972.000000 0.019137 0.287180	2.000000	0.003000	1.997000	0.052460	1.532089	0.003000	1.529089	0.040179	-1.285575	0.000000	-1.285575	0.033741	36362.357266
748081620894.000000 0.018250 0.305427	2.000000	0.003000	1.997000	0.063591	1.532089	0.003000	1.529089	0.048702	-1.285575	0.000000	-1.285575	0.040907	36282.503240
748081657676.000000 0.017702 0.323129	2.000000	0.003000	1.997000	0.075014	1.532089	0.003000	1.529089	0.057449	-1.285575	0.000000	-1.285575	0.048260	35614.460325
748081692417.000000 0.016719 0.339844	2.000000	0.003000	1.997000	0.086361	1.532089	0.003000	1.529089	0.066137	-1.285575	0.000000	-1.285575	0.055565	34648.377526
748081726838.000000 0.016565 0.356407	2.000000	0.003000	1.997000	0.098151	1.532089	0.003000	1.529089	0.075165	-1.285575	0.000000	-1.285575	0.063155	33635.210408
748081773691.000000 0.022548 0.378954	2.000000	0.009000	1.991000	0.115163	1.532089	0.009000	1.523089	0.088179	-1.285575	0.000000	-1.285575	0.074140	39308.968914
748081823313.000000 0.023880 0.402831	2.000000	0.009000	1.991000	0.134316	1.532089	0.009000	1.523089	0.102830	-1.285575	0.000000	-1.285575	0.086506	38101.286077
748081858615.000000 0.016989 0.419817	2.000000	0.009000	1.991000	0.148517	1.532089	0.009000	1.523089	0.113693	-1.285575	0.000000	-1.285575	0.095676	36842.679210
748081898201.000000 0.019051 0.438867	2.000000	0.009000	1.991000	0.165163	1.532089	0.009000	1.523089	0.126428	-1.285575	0.000000	-1.285575	0.106424	35526.960972
748081932587.000000 0.016548 0.455412	2.000000	0.009000	1.991000	0.180168	1.532089	0.009000	1.523089	0.137906	-1.285575	0.000000	-1.285575	0.116112	34161.643018
748081969142.000000 0.017592 0.473002	2.000000	0.018028	1.981972	0.196660	1.532089	0.018000	1.514089	0.150505	-1.285575	-0.001000	-1.284575	0.126801	41723.091959
748082003899.000000 0.016727 0.489728	2.000000	0.018028	1.981972	0.212895	1.532089	0.018000	1.514089	0.162908	-1.285575	-0.001000	-1.284575	0.137324	40125.940683
748082018379.000000 0.006970 0.496694	2.000000	0.018028	1.981972	0.219757	1.532089	0.018000	1.514089	0.168150	-1.285575	-0.001000	-1.284575	0.141771	38506.068889
748082034728.000000 0.007869 0.504561	2.000000	0.018028	1.981972	0.227626	1.532089	0.018000	1.514089	0.174161	-1.285575	-0.001000	-1.284575	0.146872	36860.541963
748082051553.000000 0.008098 0.512658	2.000000	0.018028	1.981972	0.235855	1.532089	0.018000	1.514089	0.180447	-1.285575	-0.001000	-1.284575	0.152205	35188.608203
748082070535.000000 0.009136 0.521791	2.000000	0.018028	1.981972	0.245303	1.532089	0.018000	1.514089	0.187665	-1.285575	-0.001000	-1.284575	0.158329	33486.888878
748082087889.000000 0.008353 0.530142	2.000000	0.018028	1.981972	0.254079	1.532089	0.018000	1.514089	0.194369	-1.285575	-0.001000	-1.284575	0.164017	31757.935691
748082105763.000000 0.008602 0.538742	2.000000	0.018028	1.981972	0.263264	1.532089	0.018000	1.514089	0.201386	-1.285575	-0.001000	-1.284575	0.169970	30000.934169
748082122249.000000 0.007935 0.546677	2.000000	0.018028	1.981972	0.271862	1.532089	0.018000	1.514089	0.207954	-1.285575	-0.001000	-1.284575	0.175542	28218.054672
748082137446.000000 0.007315 0.553988	2.000000	0.018028	1.981972	0.279894	1.532089	0.018000	1.514089	0.214090	-1.285575	-0.001000	-1.284575	0.180748	26411.332599
748082153158.000000 0.007562 0.561549	2.000000	0.018028	1.981972	0.288310	1.532089	0.018000	1.514089	0.220520	-1.285575	-0.001000	-1.284575	0.186203	24579.951907
748082167802.000000 0.007048 0.568595	2.000000	0.018028	1.981972	0.296253	1.532089	0.018000	1.514089	0.226587	-1.285575	-0.001000	-1.284575	0.191351	22725.591762
748082183408.000000 0.007512 0.576106	2.000000	0.030067	1.969933	0.304778	1.532089	0.030000	1.502089	0.233088	-1.285575	-0.002000	-1.283575	0.196906	31998.339723
748082200983.000000 0.008458 0.584561	2.000000	0.030067	1.969933	0.314518	1.532089	0.030000	1.502089	0.240515	-1.285575	-0.002000	-1.283575	0.203252	29841.139238
748082215926.000000 0.007192 0.591752	2.000000	0.030067	1.969933	0.322902	1.532089	0.030000	1.502089	0.246907	-1.285575	-0.002000	-1.283575	0.208715	27657.402122
748082230998.000000 0.007254 0.599005	2.000000	0.030067	1.969933	0.331462	1.532089	0.030000	1.502089	0.253435	-1.285575	-0.002000	-1.283575	0.214293	25446.901080
748082245691.000000 0.007072 0.606074	2.000000	0.030067	1.969933	0.339905	1.532089	0.030000	1.502089	0.259873	-1.285575	-0.002000	-1.283575	0.219794	23210.312669
748082261808.000000 0.007758 0.613831	2.000000	0.030067	1.969933	0.349286	1.532089	0.030000	1.502089	0.267025	-1.285575	-0.002000	-1.283575	0.225906	20945.099358
748082276447.000000 0.007046 0.620874	2.000000	0.030067	1.969933	0.357904	1.532089	0.030000	1.502089	0.273597	-1.285575	-0.002000	-1.283575	0.231522	18653.892791
748082291380.000000 0.007188 0.628060	2.000000	0.030067	1.969933	0.366797	1.532089	0.030000	1.502089	0.280377	-1.285575	-0.002000	-1.283575	0.237316	16336.169126
748082306177.000000 0.007122 0.635180	2.000000	0.030067	1.969933	0.375708	1.532089	0.030000	1.502089	0.287173	-1.285575	-0.002000	-1.283575	0.243123	13992.169864
748082321680.000000 0.007462 0.642639	2.000000	0.030067	1.969933	0.385155	1.532089	0.030000	1.502089	0.294376	-1.285575	-0.002000	-1.283575	0.249278	11620.644883
748082337621.000000 0.007673 0.650311	2.000000	0.030067	1.969933	0.394984	1.532089	0.030000	1.502089	0.301870	-1.285575	-0.002000	-1.283575	0.255682	9220.809309
748082356022.000000 0.008856 0.659165	2.000000	0.030067	1.969933	0.406483	1.532089	0.030000	1.502089	0.310639	-1.285575	-0.002000	-1.283575	0.263175	6788.300152
748082373161.000000 0.008249 0.667412	2.000000	0.030067	1.969933	0.417329	1.532089	0.030000	1.502089	0.318909	-1.285575	-0.002000	-1.283575	0.270242	4325.354843
748082390778.000000 0.008479 0.675889	2.000000	0.045277	1.954723	0.428531	1.532089	0.045000	1.487089	0.327430	-1.285575	-0.005000	-1.280575	0.277580	11552.831868
748082409536.000000 0.009028 0.684916	2.000000	0.045277	1.954723	0.440618	1.532089	0.045000	1.487089	0.336626	-1.285575	-0.005000	-1.280575	0.285499	8632.640889
748082427306.000000 0.008553 0.693466	2.000000	0.045277	1.954723	0.452211	1.532089	0.045000	1.487089	0.345446	-1.285575	-0.005000	-1.280575	0.293094	5675.992990
748082441989.000000 0.007067 0.700532	2.000000	0.045277	1.954723	0.461889	1.532089	0.045000	1.487089	0.352808	-1.285575	-0.005000	-1.280575	0.299434	2689.221460
748082456947.000000 0.007200 0.707730	2.000000	0.045277	1.954723	0.471849	1.532089	0.045000	1.487089	0.360386	-1.285575	-0.005000	-1.280575	0.305959	-328.241995
748082475379.000000 0.008871 0.716598	2.000000	0.045277	1.954723	0.484275	1.532089	0.045000	1.487089	0.369839	-1.285575	-0.005000	-1.280575	0.314099	-3383.514373
748082495147.000000 0.009515 0.726112	2.000000	0.045277	1.954723	0.497780	1.532089	0.045000	1.487089	0.380113	-1.285575	-0.005000	-1.280575	0.322947	-6479.348919
748082512119.000000 0.008169 0.734278	2.000000	0.045277	1.954723	0.509504	1.532089	0.045000	1.487089	0.389033	-1.285575	-0.005000	-1.280575	0.330628	-9610.001157
748082530976.000000 0.009075 0.743351	2.000000	0.045277	1.954723	0.522691	1.532089	0.045000	1.487089	0.399065	-1.285575	-0.005000	-1.280575	0.339266	-12779.336298
748082548900.000000 0.008627 0.751977	2.000000	0.045277	1.954723	0.535372	1.532089	0.045000	1.487089	0.408712	-1.285575	-0.005000	-1.280575	0.347574	-15985.450459
748082565757.000000 0.008114 0.760089	2.000000	0.045277	1.954723	0.547428	1.532089	0.045000	1.487089	0.417883	-1.285575	-0.005000	-1.280575	0.355472	-17534.095344
748082584438.000000 0.008992 0.769077	2.000000	0.045277	1.954723	0.560945	1.532089	0.045000	1.487089	0.428167	-1.285575	-0.005000	-1.280575	0.364327	-17534.095344
748082601913.000000 0.008411 0.777486	2.000000	0.063640	1.936360	0.573607	1.532089	0.063000	1.469089	0.437774	-1.285575	-0.009000	-1.276575	0.372675	-10356.958934
748082622487.000000 0.009902 0.787387	2.000000	0.063640	1.936360	0.588705	1.532089	0.063000	1.469089	0.449228	-1.285575	-0.009000	-1.276575	0.382629	-10356.958934
748082648674.000000 0.012603 0.799988	2.000000	0.063640	1.936360	0.608228	1.532089	0.063000	1.469089	0.464040	-1.285575	-0.009000	-1.276575	0.395499	-10356.958934
748082684737.000000 0.017356 0.817341	2.000000	0.063640	1.936360	0.635696	1.532089	0.063000	1.469089	0.484880	-1.285575	-0.009000	-1.276575	0.413608	-10356.958934
748082706587.000000 0.010516 0.827855	2.000000	0.063640	1.936360	0.652554	1.532089	0.063000	1.469089	0.497670	-1.285575	-0.009000	-1.276575	0.424722	-10356.958934
748082727888.000000 0.010252 0.838104	2.000000	0.063640	1.936360	0.669192	1.532089	0.063000	1.469089	0.510292	-1.285575	-0.009000	-1.276575	0.435691	-10356.958934
748082747678.000000 0.009525 0.847627	2.000000	0.063640	1.936360	0.684825	1.532089	0.063000	1.469089	0.522153	-1.285575	-0.009000	-1.276575	0.445997	-10356.958934
748082766663.000000 0.009138 0.856764	2.000000	0.063640	1.936360	0.699984	1.532089	0.063000	1.469089	0.533654	-1.285575	-0.009000	-1.276575	0.455991	-10356.958934
748082786029.000000 0.009321 0.866081	2.000000	0.063640	1.936360	0.715616	1.532089	0.063000	1.469089	0.545514	-1.285575	-0.009000	-1.276575	0.466297	-10356.958934
748082805454.000000 0.009349 0.875428	2.000000	0.084345	1.915655	0.731295	1.532089	0.083000	1.449089	0.557374	-1.285575	-0.015000	-1.270575	0.476696	1000.269069
748082826824.000000 0.010285 0.885713	2.000000	0.084345	1.915655	0.748746	1.532089	0.083000	1.449089	0.570575	-1.285575	-0.015000	-1.270575	0.488271	1000.269069
748082847758.000000 0.010075 0.895785	2.000000	0.084345	1.915655	0.766036	1.532089	0.083000	1.449089	0.583653	-1.285575	-0.015000	-1.270575	0.499738	1000.269069
748082868280.000000 0.009878 0.905660	2.000000	0.084345	1.915655	0.783173	1.532089	0.083000	1.449089	0.596617	-1.285575	-0.015000	-1.270575	0.511104	1000.269069
748082888398.000000 0.009682 0.915340	2.000000	0.084345	1.915655	0.800150	1.532089	0.083000	1.449089	0.609459	-1.285575	-0.015000	-1.270575	0.522365	1000.269069
748082908614.000000 0.009730 0.925069	2.000000	0.084345	1.915655	0.817393	1.532089	0.083000	1.449089	0.622503	-1.285575	-0.015000	-1.270575	0.533801	1000.269069
748082929302.000000 0.009957 0.935024	2.000000	0.084345	1.915655	0.835229	1.532089	0.083000	1.449089	0.635994	-1.285575	-0.015000	-1.270575	0.545631	1000.269069
748082951806.000000 0.010831 0.945851	2.000000	0.084345	1.915655	0.854853	1.532089	0.083000	1.449089	0.650839	-1.285575	-0.015000	-1.270575	0.558647	1000.269069
748082971940.000000 0.009690 0.955540	2.000000	0.084345	1.915655	0.872591	1.532089	0.083000	1.449089	0.664257	-1.285575	-0.015000	-1.270575	0.570412	1000.269069
748082992347.000000 0.009821 0.965359	2.000000	0.084345	1.915655	0.890753	1.532089	0.083000	1.449089	0.677995	-1.285575	-0.015000	-1.270575	0.582458	1000.269069
748083009488.000000 0.008250 0.973608	2.000000	0.107708	1.892292	0.905953	1.532089	0.105000	1.427089	0.689458	-1.285575	-0.024000	-1.261575	0.592591	10045.261898
748083028962.000000 0.009373 0.982979	2.000000	0.107708	1.892292	0.923386	1.532089	0.105000	1.427089	0.702606	-1.285575	-0.024000	-1.261575	0.604214	10045.261898
748083044269.000000 0.007368 0.990343	2.000000	0.107708	1.892292	0.937193	1.532089	0.105000	1.427089	0.713019	-1.285575	-0.024000	-1.261575	0.613419	10045.261898
748083058930.000000 0.007056 0.997398	2.000000	0.107708	1.892292	0.950511	1.532089	0.105000	1.427089	0.723062	-1.285575	-0.024000	-1.261575	0.622298	10045.261898
748083073590.000000 0.007056 1.004452	2.000000	0.107708	1.892292	0.963923	1.532089	0.105000	1.427089	0.733177	-1.285575	-0.024000	-1.261575	0.631239	10045.261898
748083089226.000000 0.007526 1.011976	2.000000	0.107708	1.892292	0.978334	1.532089	0.105000	1.427089	0.744046	-1.285575	-0.024000	-1.261575	0.640848	10045.261898
748083103957.000000 0.007090 1.019064	2.000000	0.107708	1.892292	0.992006	1.532089	0.105000	1.427089	0.754356	-1.285575	-0.024000	-1.261575	0.649963	10045.261898
748083118633.000000 0.007064 1.026127	2.000000	0.107708	1.892292	1.005723	1.532089	0.105000	1.427089	0.764701	-1.285575	-0.024000	-1.261575	0.659107	10045.261898
748083133035.000000 0.006932 1.033057	2.000000	0.107708	1.892292	1.019274	1.532089	0.105000	1.427089	0.774920	-1.285575	-0.024000	-1.261575	0.668141	10045.261898
748083146124.000000 0.006300 1.039355	2.000000	0.107708	1.892292	1.031664	1.532089	0.105000	1.427089	0.784264	-1.285575	-0.024000	-1.261575	0.676402	10045.261898
748083160122.000000 0.006738 1.046091	2.000000	0.107708	1.892292	1.045001	1.532089	0.105000	1.427089	0.794323	-1.285575	-0.024000	-1.261575	0.685294	10045.261898
748083173217.000000 0.006303 1.052392	2.000000	0.107708	1.892292	1.057553	1.532089	0.105000	1.427089	0.803789	-1.285575	-0.024000	-1.261575	0.693662	10045.261898
748083187113.000000 0.006688 1.059078	2.000000	0.107708	1.892292	1.070957	1.532089	0.105000	1.427089	0.813898	-1.285575	-0.024000	-1.261575	0.702598	10045.261898
748083200421.000000 0.006405 1.065482	2.000000	0.107708	1.892292	1.083871	1.532089	0.105000	1.427089	0.823637	-1.285575	-0.024000	-1.261575	0.711208	10045.261898
748083213229.000000 0.006165 1.071645	2.000000	0.107708	1.892292	1.096372	1.532089	0.105000	1.427089	0.833064	-1.285575	-0.024000	-1.261575	0.719542	10045.261898
748083227948.000000 0.007085 1.078729	2.000000	0.135163	1.864837	1.110624	1.532089	0.130000	1.402089	0.843780	-1.285575	-0.037000	-1.248575	0.729085	21568.896133
748083244771.000000 0.008097 1.086824	2.000000	0.135163	1.864837	1.127035	1.532089	0.130000	1.402089	0.856119	-1.285575	-0.037000	-1.248575	0.740072	21568.896133
748083261221.000000 0.007917 1.094739	2.000000	0.135163	1.864837	1.143198	1.532089	0.130000	1.402089	0.868271	-1.285575	-0.037000	-1.248575	0.750894	21568.896133
748083278158.000000 0.008152 1.102890	2.000000	0.135163	1.864837	1.159964	1.532089	0.130000	1.402089	0.880877	-1.285575	-0.037000	-1.248575	0.762119	21568.896133
748083295009.000000 0.008110 1.110998	2.000000	0.135163	1.864837	1.176767	1.532089	0.130000	1.402089	0.893510	-1.285575	-0.037000	-1.248575	0.773370	21568.896133
748083312496.000000 0.008417 1.119413	2.000000	0.135163	1.864837	1.194337	1.532089	0.130000	1.402089	0.906720	-1.285575	-0.037000	-1.248575	0.785133	21568.896133
748083327378.000000 0.007163 1.126574	2.000000	0.135163	1.864837	1.209386	1.532089	0.130000	1.402089	0.918035	-1.285575	-0.037000	-1.248575	0.795209	21568.896133
748083341253.000000 0.006678 1.133250	2.000000	0.135163	1.864837	1.223500	1.532089	0.130000	1.402089	0.928646	-1.285575	-0.037000	-1.248575	0.804659	21568.896133
748083354957.000000 0.006596 1.139845	2.000000	0.135163	1.864837	1.237521	1.532089	0.130000	1.402089	0.939188	-1.285575	-0.037000	-1.248575	0.814046	21568.896133
748083368894.000000 0.006708 1.146550	2.000000	0.135163	1.864837	1.251863	1.532089	0.130000	1.402089	0.949971	-1.285575	-0.037000	-1.248575	0.823649	21568.896133
748083382206.000000 0.006408 1.152957	2.000000	0.135163	1.864837	1.265640	1.532089	0.130000	1.402089	0.960330	-1.285575	-0.037000	-1.248575	0.832874	21568.896133
748083397596.000000 0.007408 1.160362	2.000000	0.135163	1.864837	1.281670	1.532089	0.130000	1.402089	0.972382	-1.285575	-0.037000	-1.248575	0.843606	21568.896133
748083411922.000000 0.006895 1.167256	2.000000	0.135163	1.864837	1.296680	1.532089	0.130000	1.402089	0.983667	-1.285575	-0.037000	-1.248575	0.853656	21568.896133
748083426070.000000 0.006809 1.174063	2.000000	0.164438	1.835562	1.311355	1.532089	0.156000	1.376089	0.994669	-1.285575	-0.052000	-1.233575	0.863518	30654.371615
748083442284.000000 0.007804 1.181866	2.000000	0.164438	1.835562	1.328285	1.532089	0.156000	1.376089	1.007361	-1.285575	-0.052000	-1.233575	0.874895	30654.371615
748083456028.000000 0.006615 1.188479	2.000000	0.164438	1.835562	1.342716	1.532089	0.156000	1.376089	1.018180	-1.285575	-0.052000	-1.233575	0.884594	30654.371615
748083470157.000000 0.006801 1.195278	2.000000	0.164438	1.835562	1.357637	1.532089	0.156000	1.376089	1.029366	-1.285575	-0.052000	-1.233575	0.894621	30654.371615
748083483047.000000 0.006204 1.201479	2.000000	0.164438	1.835562	1.371318	1.532089	0.156000	1.376089	1.039622	-1.285575	-0.052000	-1.233575	0.903816	30654.371615
748083496783.000000 0.006612 1.208090	2.000000	0.164438	1.835562	1.385980	1.532089	0.156000	1.376089	1.050614	-1.285575	-0.052000	-1.233575	0.913669	30654.371615
748083510030.000000 0.006376 1.214464	2.000000	0.164438	1.835562	1.400194	1.532089	0.156000	1.376089	1.061270	-1.285575	-0.052000	-1.233575	0.923221	30654.371615
748083523073.000000 0.006278 1.220740	2.000000	0.164438	1.835562	1.414261	1.532089	0.156000	1.376089	1.071816	-1.285575	-0.052000	-1.233575	0.932675	30654.371615
748083539013.000000 0.007672 1.228411	2.000000	0.164438	1.835562	1.431561	1.532089	0.156000	1.376089	1.084785	-1.285575	-0.052000	-1.233575	0.944301	30654.371615
748083555078.000000 0.007732 1.236141	2.000000	0.164438	1.835562	1.449105	1.532089	0.156000	1.376089	1.097938	-1.285575	-0.052000	-1.233575	0.956092	30654.371615
748083570869.000000 0.007600 1.243740	2.000000	0.164438	1.835562	1.466457	1.532089	0.156000	1.376089	1.110946	-1.285575	-0.052000	-1.233575	0.967753	30654.371615
748083586991.000000 0.007760 1.251497	2.000000	0.164438	1.835562	1.484282	1.532089	0.156000	1.376089	1.124310	-1.285575	-0.052000	-1.233575	0.979732	30654.371615
748083604996.000000 0.008666 1.260163	2.000000	0.164438	1.835562	1.504328	1.532089	0.156000	1.376089	1.139338	-1.285575	-0.052000	-1.233575	0.993204	30654.371615
748083620735.000000 0.007575 1.267734	2.000000	0.164438	1.835562	1.521955	1.532089	0.156000	1.376089	1.152552	-1.285575	-0.052000	-1.233575	1.005050	30654.371615
748083633979.000000 0.006374 1.274107	2.000000	0.196291	1.803709	1.536604	1.532089	0.183000	1.349089	1.163509	-1.285575	-0.071000	-1.214575	1.014914	35046.102737
748083648543.000000 0.007010 1.281116	2.000000	0.196291	1.803709	1.552803	1.532089	0.183000	1.349089	1.175625	-1.285575	-0.071000	-1.214575	1.025822	35046.102737
748083662802.000000 0.006863 1.287977	2.000000	0.196291	1.803709	1.568746	1.532089	0.183000	1.349089	1.187549	-1.285575	-0.071000	-1.214575	1.036558	35046.102737
748083675439.000000 0.006083 1.294057	2.000000	0.196291	1.803709	1.582943	1.532089	0.183000	1.349089	1.198169	-1.285575	-0.071000	-1.214575	1.046118	35046.102737
748083688272.000000 0.006177 1.300233	2.000000	0.196291	1.803709	1.597430	1.532089	0.183000	1.349089	1.209004	-1.285575	-0.071000	-1.214575	1.055873	35046.102737
748083701216.000000 0.006230 1.306460	2.000000	0.196291	1.803709	1.612111	1.532089	0.183000	1.349089	1.219985	-1.285575	-0.071000	-1.214575	1.065759	35046.102737
748083715114.000000 0.006689 1.313149	2.000000	0.196291	1.803709	1.627954	1.532089	0.183000	1.349089	1.231835	-1.285575	-0.071000	-1.214575	1.076427	35046.102737
748083728042.000000 0.006222 1.319369	2.000000	0.196291	1.803709	1.642762	1.532089	0.183000	1.349089	1.242910	-1.285575	-0.071000	-1.214575	1.086398	35046.102737
748083741137.000000 0.006303 1.325671	2.000000	0.196291	1.803709	1.657833	1.532089	0.183000	1.349089	1.254183	-1.285575	-0.071000	-1.214575	1.096547	35046.102737
748083754175.000000 0.006275 1.331944	2.000000	0.196291	1.803709	1.672909	1.532089	0.183000	1.349089	1.265459	-1.285575	-0.071000	-1.214575	1.106699	35046.102737
748083767846.000000 0.006580 1.338523	2.000000	0.196291	1.803709	1.688795	1.532089	0.183000	1.349089	1.277341	-1.285575	-0.071000	-1.214575	1.117396	35046.102737
748083781502.000000 0.006573 1.345094	2.000000	0.196291	1.803709	1.704742	1.532089	0.183000	1.349089	1.289268	-1.285575	-0.071000	-1.214575	1.128135	35046.102737
748083795004.000000 0.006499 1.351592	2.000000	0.196291	1.803709	1.720586	1.532089	0.183000	1.349089	1.301119	-1.285575	-0.071000	-1.214575	1.138803	35046.102737
748083810835.000000 0.007620 1.359209	2.000000	0.196291	1.803709	1.739268	1.532089	0.183000	1.349089	1.315092	-1.285575	-0.071000	-1.214575	1.151383	35046.102737
748083825040.000000 0.006837 1.366044	2.000000	0.196291	1.803709	1.756113	1.532089	0.183000	1.349089	1.327691	-1.285575	-0.071000	-1.214575	1.162726	35046.102737
748083842630.000000 0.008466 1.374509	2.000000	0.231502	1.768498	1.776693	1.532089	0.212000	1.320089	1.343053	-1.285575	-0.093000	-1.192575	1.176604	36953.873863
748083867377.000000 0.011910 1.386417	2.000000	0.231502	1.768498	1.805894	1.532089	0.212000	1.320089	1.364850	-1.285575	-0.093000	-1.192575	1.196296	36953.873863
748083887306.000000 0.009592 1.396007	2.000000	0.231502	1.768498	1.829576	1.532089	0.212000	1.320089	1.382527	-1.285575	-0.093000	-1.192575	1.212266	36953.873863
748083904286.000000 0.008173 1.404177	2.000000	0.231502	1.768498	1.849871	1.532089	0.212000	1.320089	1.397676	-1.285575	-0.093000	-1.192575	1.225951	36953.873863
748083919103.000000 0.007131 1.411306	2.000000	0.231502	1.768498	1.867669	1.532089	0.212000	1.320089	1.410962	-1.285575	-0.093000	-1.192575	1.237954	36953.873863
748083932595.000000 0.006494 1.417798	2.000000	0.231502	1.768498	1.883952	1.532089	0.212000	1.320089	1.423116	-1.285575	-0.093000	-1.192575	1.248933	36953.873863
748083947265.000000 0.007061 1.424858	2.000000	0.231502	1.768498	1.901743	1.532089	0.212000	1.320089	1.436396	-1.285575	-0.093000	-1.192575	1.260931	36953.873863
748083960051.000000 0.006154 1.431010	2.000000	0.231502	1.768498	1.917317	1.532089	0.212000	1.320089	1.448021	-1.285575	-0.093000	-1.192575	1.271433	36953.873863
748083974136.000000 0.006779 1.437788	2.000000	0.231502	1.768498	1.934554	1.532089	0.212000	1.320089	1.460888	-1.285575	-0.093000	-1.192575	1.283057	36953.873863
748083987367.000000 0.006368 1.444154	2.000000	0.231502	1.768498	1.950818	1.532089	0.212000	1.320089	1.473028	-1.285575	-0.093000	-1.192575	1.294025	36953.873863
748084000025.000000 0.006092 1.450245	2.000000	0.231502	1.768498	1.966444	1.532089	0.212000	1.320089	1.484692	-1.285575	-0.093000	-1.192575	1.304562	36953.873863
748084013544.000000 0.006507 1.456751	2.000000	0.231502	1.768498	1.983207	1.532089	0.212000	1.320089	1.497204	-1.285575	-0.093000	-1.192575	1.315866	36953.873863
748084027437.000000 0.006687 1.463435	2.000000	0.231502	1.768498	2.000512	1.532089	0.212000	1.320089	1.510122	-1.285575	-0.093000	-1.192575	1.327535	36953.873863
748084040428.000000 0.006253 1.469687	2.000000	0.231502	1.768498	2.016764	1.532089	0.212000	1.320089	1.522253	-1.285575	-0.093000	-1.192575	1.338494	36953.873863
748084053931.000000 0.006499 1.476184	2.000000	0.269676	1.730324	2.033364	1.532089	0.242000	1.290089	1.534630	-1.285575	-0.119000	-1.166575	1.349686	38556.694338
748084069175.000000 0.007337 1.483520	2.000000	0.269676	1.730324	2.052198	1.532089	0.242000	1.290089	1.548672	-1.285575	-0.119000	-1.166575	1.362384	38556.694338
748084082702.000000 0.006511 1.490029	2.000000	0.269676	1.730324	2.068984	1.532089	0.242000	1.290089	1.561187	-1.285575	-0.119000	-1.166575	1.373701	38556.694338
748084096062.000000 0.006430 1.496458	2.000000	0.269676	1.730324	2.085634	1.532089	0.242000	1.290089	1.573601	-1.285575	-0.119000	-1.166575	1.384926	38556.694338
748084108634.000000 0.006051 1.502508	2.000000	0.269676	1.730324	2.101367	1.532089	0.242000	1.290089	1.585331	-1.285575	-0.119000	-1.166575	1.395533	38556.694338
748084126846.000000 0.008766 1.511272	2.000000	0.269676	1.730324	2.124289	1.532089	0.242000	1.290089	1.602422	-1.285575	-0.119000	-1.166575	1.410988	38556.694338
748084143057.000000 0.007803 1.519073	2.000000	0.269676	1.730324	2.144799	1.532089	0.242000	1.290089	1.617713	-1.285575	-0.119000	-1.166575	1.424816	38556.694338
748084159117.000000 0.007730 1.526801	2.000000	0.269676	1.730324	2.165222	1.532089	0.242000	1.290089	1.632940	-1.285575	-0.119000	-1.166575	1.438584	38556.694338
748084175239.000000 0.007760 1.534558	2.000000	0.269676	1.730324	2.185826	1.532089	0.242000	1.290089	1.648302	-1.285575	-0.119000	-1.166575	1.452475	38556.694338
748084190789.000000 0.007484 1.542040	2.000000	0.269676	1.730324	2.205796	1.532089	0.242000	1.290089	1.663191	-1.285575	-0.119000	-1.166575	1.465939	38556.694338
748084205039.000000 0.006858 1.548896	2.000000	0.269676	1.730324	2.224178	1.532089	0.242000	1.290089	1.676896	-1.285575	-0.119000	-1.166575	1.478332	38556.694338
748084217801.000000 0.006143 1.555038	2.000000	0.269676	1.730324	2.240706	1.532089	0.242000	1.290089	1.689219	-1.285575	-0.119000	-1.166575	1.489475	38556.694338
748084231342.000000 0.006518 1.561554	2.000000	0.269676	1.730324	2.258317	1.532089	0.242000	1.290089	1.702350	-1.285575	-0.119000	-1.166575	1.501349	38556.694338
748084244163.000000 0.006171 1.567722	2.000000	0.269676	1.730324	2.275057	1.532089	0.242000	1.290089	1.714830	-1.285575	-0.119000	-1.166575	1.512634	38556.694338
748084256728.000000 0.006048 1.573768	2.000000	0.310061	1.689939	2.291141	1.532089	0.273000	1.259089	1.726814	-1.285575	-0.147000	-1.138575	1.523471	35325.772169
748084271037.000000 0.006887 1.580655	2.000000	0.310061	1.689939	2.309538	1.532089	0.273000	1.259089	1.740521	-1.285575	-0.147000	-1.138575	1.535866	35325.772169
748084284662.000000 0.006558 1.587210	2.000000	0.310061	1.689939	2.327128	1.532089	0.273000	1.259089	1.753626	-1.285575	-0.147000	-1.138575	1.547716	35325.772169
748084297457.000000 0.006158 1.593367	2.000000	0.310061	1.689939	2.343710	1.532089	0.273000	1.259089	1.765980	-1.285575	-0.147000	-1.138575	1.558889	35325.772169
748084311392.000000 0.006707 1.600073	2.000000	0.310061	1.689939	2.361847	1.532089	0.273000	1.259089	1.779493	-1.285575	-0.147000	-1.138575	1.571108	35325.772169
748084325092.000000 0.006595 1.606667	2.000000	0.310061	1.689939	2.379754	1.532089	0.273000	1.259089	1.792835	-1.285575	-0.147000	-1.138575	1.583173	35325.772169
748084338656.000000 0.006529 1.613192	2.000000	0.310061	1.689939	2.397553	1.532089	0.273000	1.259089	1.806096	-1.285575	-0.147000	-1.138575	1.595165	35325.772169
748084352298.000000 0.006566 1.619756	2.000000	0.310061	1.689939	2.415526	1.532089	0.273000	1.259089	1.819486	-1.285575	-0.147000	-1.138575	1.607273	35325.772169
748084365104.000000 0.006164 1.625919	2.000000	0.310061	1.689939	2.432461	1.532089	0.273000	1.259089	1.832104	-1.285575	-0.147000	-1.138575	1.618684	35325.772169
748084378145.000000 0.006277 1.632193	2.000000	0.310061	1.689939	2.449774	1.532089	0.273000	1.259089	1.845003	-1.285575	-0.147000	-1.138575	1.630348	35325.772169
748084391245.000000 0.006305 1.638497	2.000000	0.310061	1.689939	2.467233	1.532089	0.273000	1.259089	1.858011	-1.285575	-0.147000	-1.138575	1.642110	35325.772169
748084405511.000000 0.006867 1.645363	2.000000	0.310061	1.689939	2.486326	1.532089	0.273000	1.259089	1.872236	-1.285575	-0.147000	-1.138575	1.654974	35325.772169
748084422276.000000 0.008071 1.653432	2.000000	0.310061	1.689939	2.508876	1.532089	0.273000	1.259089	1.889038	-1.285575	-0.147000	-1.138575	1.670167	35325.772169
748084443382.000000 0.010158 1.663587	2.000000	0.310061	1.689939	2.537436	1.532089	0.273000	1.259089	1.910315	-1.285575	-0.147000	-1.138575	1.689409	35325.772169
748084460337.000000 0.008161 1.671744	2.000000	0.354370	1.645630	2.559886	1.532089	0.307000	1.225089	1.927029	-1.285575	-0.177000	-1.108575	1.704532	35325.772169
748084481852.000000 0.010355 1.682098	2.000000	0.354370	1.645630	2.588549	1.532089	0.307000	1.225089	1.948367	-1.285575	-0.177000	-1.108575	1.723841	33389.286260
748084498798.000000 0.008156 1.690251	2.000000	0.354370	1.645630	2.611236	1.532089	0.307000	1.225089	1.965256	-1.285575	-0.177000	-1.108575	1.739124	33389.286260
748084511672.000000 0.006196 1.696445	2.000000	0.354370	1.645630	2.628534	1.532089	0.307000	1.225089	1.978134	-1.285575	-0.177000	-1.108575	1.750777	33389.286260
748084525650.000000 0.006728 1.703172	2.000000	0.354370	1.645630	2.647390	1.532089	0.307000	1.225089	1.992171	-1.285575	-0.177000	-1.108575	1.763479	33389.286260
748084558236.000000 0.015682 1.718852	2.000000	0.354370	1.645630	2.691748	1.532089	0.307000	1.225089	2.025193	-1.285575	-0.177000	-1.108575	1.793361	33389.286260
748084574267.000000 0.007716 1.726567	2.000000	0.354370	1.645630	2.713673	1.532089	0.307000	1.225089	2.041515	-1.285575	-0.177000	-1.108575	1.808130	33389.286260
748084589358.000000 0.007265 1.733830	2.000000	0.354370	1.645630	2.734400	1.532089	0.307000	1.225089	2.056946	-1.285575	-0.177000	-1.108575	1.822093	33389.286260
748084603064.000000 0.006597 1.740423	2.000000	0.354370	1.645630	2.753295	1.532089	0.307000	1.225089	2.071012	-1.285575	-0.177000	-1.108575	1.834822	33389.286260
748084616097.000000 0.006273 1.746694	2.000000	0.354370	1.645630	2.771327	1.532089	0.307000	1.225089	2.084436	-1.285575	-0.177000	-1.108575	1.846969	33389.286260
748084628845.000000 0.006136 1.752828	2.000000	0.354370	1.645630	2.789025	1.532089	0.307000	1.225089	2.097611	-1.285575	-0.177000	-1.108575	1.858892	33389.286260
748084642047.000000 0.006355 1.759182	2.000000	0.354370	1.645630	2.807423	1.532089	0.307000	1.225089	2.111308	-1.285575	-0.177000	-1.108575	1.871285	33389.286260
748084654874.000000 0.006174 1.765353	2.000000	0.354370	1.645630	2.825358	1.532089	0.307000	1.225089	2.124660	-1.285575	-0.177000	-1.108575	1.883367	33389.286260
748084667375.000000 0.006017 1.771369	2.000000	0.354370	1.645630	2.842899	1.532089	0.307000	1.225089	2.137718	-1.285575	-0.177000	-1.108575	1.895183	33389.286260
748084680886.000000 0.006503 1.777871	2.000000	0.402180	1.597820	2.861373	1.532089	0.343000	1.189089	2.151466	-1.285575	-0.210000	-1.075575	1.907619	31953.235196
748084695899.000000 0.007226 1.785095	2.000000	0.402180	1.597820	2.881984	1.532089	0.343000	1.189089	2.166804	-1.285575	-0.210000	-1.075575	1.921493	31953.235196
748084710508.000000 0.007032 1.792125	2.000000	0.402180	1.597820	2.902119	1.532089	0.343000	1.189089	2.181789	-1.285575	-0.210000	-1.075575	1.935047	31953.235196
748084726108.000000 0.007508 1.799631	2.000000	0.402180	1.597820	2.923708	1.532089	0.343000	1.189089	2.197855	-1.285575	-0.210000	-1.075575	1.949580	31953.235196
748084739484.000000 0.006438 1.806067	2.000000	0.402180	1.597820	2.942288	1.532089	0.343000	1.189089	2.211682	-1.285575	-0.210000	-1.075575	1.962087	31953.235196
748084753476.000000 0.006735 1.812800	2.000000	0.402180	1.597820	2.961795	1.532089	0.343000	1.189089	2.226199	-1.285575	-0.210000	-1.075575	1.975219	31953.235196
748084766309.000000 0.006177 1.818976	2.000000	0.402180	1.597820	2.979748	1.532089	0.343000	1.189089	2.239560	-1.285575	-0.210000	-1.075575	1.987304	31953.235196
748084779216.000000 0.006213 1.825186	2.000000	0.402180	1.597820	2.997866	1.532089	0.343000	1.189089	2.253043	-1.285575	-0.210000	-1.075575	1.999500	31953.235196
748084792533.000000 0.006409 1.831594	2.000000	0.402180	1.597820	3.016624	1.532089	0.343000	1.189089	2.267003	-1.285575	-0.210000	-1.075575	2.012127	31953.235196
748084808752.000000 0.007806 1.839399	2.000000	0.402180	1.597820	3.039567	1.532089	0.343000	1.189089	2.284077	-1.285575	-0.210000	-1.075575	2.027571	31953.235196
748084824810.000000 0.007729 1.847125	2.000000	0.402180	1.597820	3.062378	1.532089	0.343000	1.189089	2.301053	-1.285575	-0.210000	-1.075575	2.042926	31953.235196
748084838201.000000 0.006446 1.853569	2.000000	0.402180	1.597820	3.081467	1.532089	0.343000	1.189089	2.315259	-1.285575	-0.210000	-1.075575	2.055776	31953.235196
748084852107.000000 0.006693 1.860260	2.000000	0.402180	1.597820	3.101363	1.532089	0.343000	1.189089	2.330065	-1.285575	-0.210000	-1.075575	2.069169	31953.235196
748084865188.000000 0.006296 1.866555	2.000000	0.402180	1.597820	3.120140	1.532089	0.343000	1.189089	2.344039	-1.285575	-0.210000	-1.075575	2.081809	31953.235196
748084878311.000000 0.006316 1.872869	2.000000	0.452435	1.547565	3.138446	1.532089	0.381000	1.151089	2.357655	-1.285575	-0.244000	-1.041575	2.094130	31953.235196
748084892163.000000 0.006667 1.879536	2.000000	0.452435	1.547565	3.157840	1.532089	0.381000	1.151089	2.372080	-1.285575	-0.244000	-1.041575	2.107182	30445.223078
748084906860.000000 0.007074 1.886607	2.000000	0.452435	1.547565	3.178493	1.532089	0.381000	1.151089	2.387443	-1.285575	-0.244000	-1.041575	2.121083	30445.223078
748084921310.000000 0.006955 1.893560	2.000000	0.452435	1.547565	3.198873	1.532089	0.381000	1.151089	2.402601	-1.285575	-0.244000	-1.041575	2.134800	30445.223078
748084933989.000000 0.006103 1.899662	2.000000	0.452435	1.547565	3.216815	1.532089	0.381000	1.151089	2.415947	-1.285575	-0.244000	-1.041575	2.146875	30445.223078
748084957163.000000 0.011153 1.910813	2.000000	0.452435	1.547565	3.249796	1.532089	0.381000	1.151089	2.440478	-1.285575	-0.244000	-1.041575	2.169073	30445.223078
748084976827.000000 0.009465 1.920277	2.000000	0.452435	1.547565	3.277922	1.532089	0.381000	1.151089	2.461398	-1.285575	-0.244000	-1.041575	2.188003	30445.223078
748084996292.000000 0.009369 1.929643	2.000000	0.452435	1.547565	3.305901	1.532089	0.381000	1.151089	2.482209	-1.285575	-0.244000	-1.041575	2.206834	30445.223078
748085013959.000000 0.008504 1.938144	2.000000	0.452435	1.547565	3.331407	1.532089	0.381000	1.151089	2.501181	-1.285575	-0.244000	-1.041575	2.224000	30445.223078
748085031508.000000 0.008446 1.946587	2.000000	0.452435	1.547565	3.356852	1.532089	0.381000	1.151089	2.520106	-1.285575	-0.244000	-1.041575	2.241125	30445.223078
748085047939.000000 0.007909 1.954494	2.000000	0.452435	1.547565	3.380774	1.532089	0.381000	1.151089	2.537900	-1.285575	-0.244000	-1.041575	2.257226	30445.223078
748085067092.000000 0.009219 1.963711	2.000000	0.452435	1.547565	3.408789	1.532089	0.381000	1.151089	2.558738	-1.285575	-0.244000	-1.041575	2.276081	30445.223078
748085082961.000000 0.007637 1.971346	2.000000	0.452435	1.547565	3.432089	1.532089	0.381000	1.151089	2.576069	-1.285575	-0.244000	-1.041575	2.291763	30445.223078
748085097273.000000 0.006888 1.978232	2.000000	0.506996	1.493004	3.452434	1.532089	0.422000	1.110089	2.591195	-1.285575	-0.281000	-1.004575	2.305452	28808.555768
748085114012.000000 0.008056 1.986287	2.000000	0.506996	1.493004	3.476324	1.532089	0.422000	1.110089	2.608959	-1.285575	-0.281000	-1.004575	2.321527	28808.555768
748085126753.000000 0.006132 1.992417	2.000000	0.506996	1.493004	3.494566	1.532089	0.422000	1.110089	2.622522	-1.285575	-0.281000	-1.004575	2.333801	28808.555768
748085138971.000000 0.005881 1.998297	2.000000	0.506996	1.493004	3.512111	1.532089	0.422000	1.110089	2.635567	-1.285575	-0.281000	-1.004575	2.345606	28808.555768
748085151449.000000 0.006006 2.004301	2.000000	0.506996	1.493004	3.530084	1.532089	0.422000	1.110089	2.648931	-1.285575	-0.281000	-1.004575	2.357700	28808.555768
748085165290.000000 0.006662 2.010962	2.000000	0.506996	1.493004	3.550086	1.532089	0.422000	1.110089	2.663803	-1.285575	-0.281000	-1.004575	2.371158	28808.555768
748085177942.000000 0.006089 2.017049	2.000000	0.506996	1.493004	3.568424	1.532089	0.422000	1.110089	2.677438	-1.285575	-0.281000	-1.004575	2.383497	28808.555768
748085190794.000000 0.006186 2.023234	2.000000	0.506996	1.493004	3.587110	1.532089	0.422000	1.110089	2.691331	-1.285575	-0.281000	-1.004575	2.396070	28808.555768
748085203433.000000 0.006083 2.029315	2.000000	0.506996	1.493004	3.605540	1.532089	0.422000	1.110089	2.705034	-1.285575	-0.281000	-1.004575	2.408471	28808.555768
748085217570.000000 0.006805 2.036119	2.000000	0.506996	1.493004	3.626226	1.532089	0.422000	1.110089	2.720414	-1.285575	-0.281000	-1.004575	2.422389	28808.555768
748085230978.000000 0.006454 2.042571	2.000000	0.506996	1.493004	3.645907	1.532089	0.422000	1.110089	2.735048	-1.285575	-0.281000	-1.004575	2.435632	28808.555768
748085243683.000000 0.006115 2.048683	2.000000	0.506996	1.493004	3.664611	1.532089	0.422000	1.110089	2.748955	-1.285575	-0.281000	-1.004575	2.448217	28808.555768
748085256390.000000 0.006116 2.054798	2.000000	0.506996	1.493004	3.683373	1.532089	0.422000	1.110089	2.762905	-1.285575	-0.281000	-1.004575	2.460841	28808.555768
748085269969.000000 0.006536 2.061332	2.000000	0.506996	1.493004	3.703487	1.532089	0.422000	1.110089	2.777860	-1.285575	-0.281000	-1.004575	2.474375	28808.555768
748085282522.000000 0.006042 2.067372	2.000000	0.506996	1.493004	3.722136	1.532089	0.422000	1.110089	2.791726	-1.285575	-0.281000	-1.004575	2.486923	28808.555768
748085296123.000000 0.006547 2.073918	2.000000	0.563078	1.436922	3.741645	1.532089	0.464000	1.068089	2.806228	-1.285575	-0.319000	-0.966575	2.500046	27126.612652
748085316911.000000 0.010006 2.083922	2.000000	0.563078	1.436922	3.771607	1.532089	0.464000	1.068089	2.828499	-1.285575	-0.319000	-0.966575	2.520201	27126.612652
748085336276.000000 0.009321 2.093241	2.000000	0.563078	1.436922	3.799643	1.532089	0.464000	1.068089	2.849339	-1.285575	-0.319000	-0.966575	2.539060	27126.612652
748085353413.000000 0.008249 2.101486	2.000000	0.563078	1.436922	3.824552	1.532089	0.464000	1.068089	2.867854	-1.285575	-0.319000	-0.966575	2.555815	27126.612652
748085372564.000000 0.009218 2.110702	2.000000	0.563078	1.436922	3.852508	1.532089	0.464000	1.068089	2.888634	-1.285575	-0.319000	-0.966575	2.574620	27126.612652
748085388887.000000 0.007857 2.118556	2.000000	0.563078	1.436922	3.876426	1.532089	0.464000	1.068089	2.906413	-1.285575	-0.319000	-0.966575	2.590709	27126.612652
748085406348.000000 0.008406 2.126959	2.000000	0.563078	1.436922	3.902117	1.532089	0.464000	1.068089	2.925509	-1.285575	-0.319000	-0.966575	2.607991	27126.612652
748085422116.000000 0.007589 2.134545	2.000000	0.563078	1.436922	3.925395	1.532089	0.464000	1.068089	2.942812	-1.285575	-0.319000	-0.966575	2.623649	27126.612652
748085446290.000000 0.011635 2.146178	2.000000	0.563078	1.436922	3.961275	1.532089	0.464000	1.068089	2.969483	-1.285575	-0.319000	-0.966575	2.647785	27126.612652
748085471275.000000 0.012025 2.158201	2.000000	0.563078	1.436922	3.998566	1.532089	0.464000	1.068089	2.997202	-1.285575	-0.319000	-0.966575	2.672870	27126.612652
748085494471.000000 0.011164 2.169362	2.000000	0.563078	1.436922	4.033367	1.532089	0.464000	1.068089	3.023070	-1.285575	-0.319000	-0.966575	2.696279	27126.612652
748085523008.000000 0.013734 2.183094	2.000000	0.622866	1.377134	4.074658	1.532089	0.509000	1.023089	3.053745	-1.285575	-0.359000	-0.926575	2.724061	25334.329232
748085546860.000000 0.011479 2.194571	2.000000	0.622866	1.377134	4.109351	1.532089	0.509000	1.023089	3.079519	-1.285575	-0.359000	-0.926575	2.747403	25334.329232
748085569229.000000 0.010766 2.205335	2.000000	0.622866	1.377134	4.142047	1.532089	0.509000	1.023089	3.103809	-1.285575	-0.359000	-0.926575	2.769402	25334.329232
748085592428.000000 0.011166 2.216498	2.000000	0.622866	1.377134	4.176129	1.532089	0.509000	1.023089	3.129129	-1.285575	-0.359000	-0.926575	2.792333	25334.329232
748085615224.000000 0.010971 2.227468	2.000000	0.622866	1.377134	4.209783	1.532089	0.509000	1.023089	3.154131	-1.285575	-0.359000	-0.926575	2.814977	25334.329232
748085634516.000000 0.009285 2.236749	2.000000	0.622866	1.377134	4.238384	1.532089	0.509000	1.023089	3.175379	-1.285575	-0.359000	-0.926575	2.834220	25334.329232
748085648794.000000 0.006872 2.243620	2.000000	0.622866	1.377134	4.259618	1.532089	0.509000	1.023089	3.191154	-1.285575	-0.359000	-0.926575	2.848507	25334.329232
748085664794.000000 0.007701 2.251319	2.000000	0.622866	1.377134	4.283494	1.532089	0.509000	1.023089	3.208892	-1.285575	-0.359000	-0.926575	2.864571	25334.329232
748085679934.000000 0.007287 2.258604	2.000000	0.622866	1.377134	4.306160	1.532089	0.509000	1.023089	3.225731	-1.285575	-0.359000	-0.926575	2.879822	25334.329232
748085696804.000000 0.008120 2.266723	2.000000	0.622866	1.377134	4.331508	1.532089	0.509000	1.023089	3.244562	-1.285575	-0.359000	-0.926575	2.896876	25334.329232
748085711265.000000 0.006960 2.273680	2.000000	0.683313	1.316687	4.352344	1.532089	0.554000	0.978089	3.260040	-1.285575	-0.400000	-0.885575	2.910890	25334.329232
748085725239.000000 0.006726 2.280404	2.000000	0.683313	1.316687	4.372538	1.532089	0.554000	0.978089	3.275041	-1.285575	-0.400000	-0.885575	2.924473	23534.490850
748085741384.000000 0.007770 2.288173	2.000000	0.683313	1.316687	4.395948	1.532089	0.554000	0.978089	3.292431	-1.285575	-0.400000	-0.885575	2.940218	23534.490850
748085757018.000000 0.007525 2.295697	2.000000	0.683313	1.316687	4.418694	1.532089	0.554000	0.978089	3.309327	-1.285575	-0.400000	-0.885575	2.955516	23534.490850
748085772769.000000 0.007581 2.303276	2.000000	0.683313	1.316687	4.441685	1.532089	0.554000	0.978089	3.326406	-1.285575	-0.400000	-0.885575	2.970980	23534.490850
748085789393.000000 0.008001 2.311274	2.000000	0.683313	1.316687	4.466034	1.532089	0.554000	0.978089	3.344493	-1.285575	-0.400000	-0.885575	2.987356	23534.490850
748085803174.000000 0.006633 2.317906	2.000000	0.683313	1.316687	4.486276	1.532089	0.554000	0.978089	3.359530	-1.285575	-0.400000	-0.885575	3.000971	23534.490850
748085818082.000000 0.007176 2.325113	2.000000	0.683313	1.316687	4.508244	1.532089	0.554000	0.978089	3.375849	-1.285575	-0.400000	-0.885575	3.015745	23534.490850
748085842054.000000 0.011538 2.336616	2.000000	0.683313	1.316687	4.543740	1.532089	0.554000	0.978089	3.402217	-1.285575	-0.400000	-0.885575	3.039619	23534.490850
748085859986.000000 0.008630 2.345244	2.000000	0.683313	1.316687	4.570390	1.532089	0.554000	0.978089	3.422013	-1.285575	-0.400000	-0.885575	3.057543	23534.490850
748085875793.000000 0.007608 2.352850	2.000000	0.683313	1.316687	4.593960	1.532089	0.554000	0.978089	3.439522	-1.285575	-0.400000	-0.885575	3.073396	23534.490850
748085892953.000000 0.008259 2.361108	2.000000	0.683313	1.316687	4.619636	1.532089	0.554000	0.978089	3.458595	-1.285575	-0.400000	-0.885575	3.090665	23534.490850
748085908942.000000 0.007696 2.368801	2.000000	0.683313	1.316687	4.643639	1.532089	0.554000	0.978089	3.476426	-1.285575	-0.400000	-0.885575	3.106809	23534.490850
748085925600.000000 0.008017 2.376816	2.000000	0.743237	1.256763	4.667587	1.532089	0.599000	0.933089	3.494206	-1.285575	-0.440000	-0.845575	3.122922	21750.202631
748085945798.000000 0.009722 2.386538	2.000000	0.743237	1.256763	4.696746	1.532089	0.599000	0.933089	3.515855	-1.285575	-0.440000	-0.845575	3.142541	21750.202631
748085963700.000000 0.008616 2.395151	2.000000	0.743237	1.256763	4.722682	1.532089	0.599000	0.933089	3.535112	-1.285575	-0.440000	-0.845575	3.159991	21750.202631
748085979443.000000 0.007577 2.402726	2.000000	0.743237	1.256763	4.745563	1.532089	0.599000	0.933089	3.552100	-1.285575	-0.440000	-0.845575	3.175386	21750.202631
748085995517.000000 0.007736 2.410461	2.000000	0.743237	1.256763	4.768999	1.532089	0.599000	0.933089	3.569499	-1.285575	-0.440000	-0.845575	3.191154	21750.202631
748086011016.000000 0.007461 2.417921	2.000000	0.743237	1.256763	4.791670	1.532089	0.599000	0.933089	3.586332	-1.285575	-0.440000	-0.845575	3.206408	21750.202631
748086030991.000000 0.009613 2.427530	2.000000	0.743237	1.256763	4.820999	1.532089	0.599000	0.933089	3.608107	-1.285575	-0.440000	-0.845575	3.226140	21750.202631
748086059902.000000 0.013914 2.441442	2.000000	0.743237	1.256763	4.863692	1.532089	0.599000	0.933089	3.639805	-1.285575	-0.440000	-0.845575	3.254865	21750.202631
748086080450.000000 0.009889 2.451330	2.000000	0.743237	1.256763	4.894159	1.532089	0.599000	0.933089	3.662425	-1.285575	-0.440000	-0.845575	3.275364	21750.202631
748086103797.000000 0.011237 2.462566	2.000000	0.743237	1.256763	4.928936	1.532089	0.599000	0.933089	3.688246	-1.285575	-0.440000	-0.845575	3.298763	21750.202631
748086122922.000000 0.009205 2.471766	2.000000	0.743237	1.256763	4.957530	1.532089	0.599000	0.933089	3.709475	-1.285575	-0.440000	-0.845575	3.318001	21750.202631
748086138101.000000 0.007306 2.479070	2.000000	0.803802	1.196198	4.979196	1.532089	0.644000	0.888089	3.725560	-1.285575	-0.481000	-0.804575	3.332574	19946.845079
748086154126.000000 0.007713 2.486782	2.000000	0.803802	1.196198	5.002139	1.532089	0.644000	0.888089	3.742595	-1.285575	-0.481000	-0.804575	3.348006	19946.845079
748086168495.000000 0.006916 2.493696	2.000000	0.803802	1.196198	5.022769	1.532089	0.644000	0.888089	3.757910	-1.285575	-0.481000	-0.804575	3.361881	19946.845079
748086189675.000000 0.010194 2.503887	2.000000	0.803802	1.196198	5.053300	1.532089	0.644000	0.888089	3.780577	-1.285575	-0.481000	-0.804575	3.382417	19946.845079
748086202495.000000 0.006170 2.510056	2.000000	0.803802	1.196198	5.071826	1.532089	0.644000	0.888089	3.794332	-1.285575	-0.481000	-0.804575	3.394878	19946.845079
748086214359.000000 0.005710 2.515765	2.000000	0.803802	1.196198	5.089011	1.532089	0.644000	0.888089	3.807090	-1.285575	-0.481000	-0.804575	3.406436	19946.845079
748086225893.000000 0.005552 2.521314	2.000000	0.803802	1.196198	5.105754	1.532089	0.644000	0.888089	3.819521	-1.285575	-0.481000	-0.804575	3.417698	19946.845079
748086237801.000000 0.005731 2.527044	2.000000	0.803802	1.196198	5.123078	1.532089	0.644000	0.888089	3.832382	-1.285575	-0.481000	-0.804575	3.429350	19946.845079
748086249417.000000 0.005590 2.532634	2.000000	0.803802	1.196198	5.140015	1.532089	0.644000	0.888089	3.844957	-1.285575	-0.481000	-0.804575	3.440742	19946.845079
748086261140.000000 0.005642 2.538275	2.000000	0.803802	1.196198	5.157147	1.532089	0.644000	0.888089	3.857676	-1.285575	-0.481000	-0.804575	3.452265	19946.845079
748086272901.000000 0.005660 2.543934	2.000000	0.803802	1.196198	5.174371	1.532089	0.644000	0.888089	3.870464	-1.285575	-0.481000	-0.804575	3.463851	19946.845079
748086284406.000000 0.005537 2.549470	2.000000	0.803802	1.196198	5.191257	1.532089	0.644000	0.888089	3.883001	-1.285575	-0.481000	-0.804575	3.475209	19946.845079
748086295794.000000 0.005481 2.554950	2.000000	0.803802	1.196198	5.208009	1.532089	0.644000	0.888089	3.895438	-1.285575	-0.481000	-0.804575	3.486476	19946.845079
748086307951.000000 0.005851 2.560800	2.000000	0.803802	1.196198	5.225933	1.532089	0.644000	0.888089	3.908745	-1.285575	-0.481000	-0.804575	3.498532	19946.845079
748086320601.000000 0.006089 2.566889	2.000000	0.803802	1.196198	5.244629	1.532089	0.644000	0.888089	3.922625	-1.285575	-0.481000	-0.804575	3.511107	19946.845079
748086334659.000000 0.006766 2.573652	2.000000	0.863807	1.136193	5.264414	1.532089	0.689000	0.843089	3.937307	-1.285575	-0.521000	-0.764575	3.524421	19946.845079
748086350789.000000 0.007764 2.581415	2.000000	0.863807	1.136193	5.287186	1.532089	0.689000	0.843089	3.954204	-1.285575	-0.521000	-0.764575	3.539745	18160.151605
748086366830.000000 0.007721 2.589133	2.000000	0.863807	1.136193	5.309899	1.532089	0.689000	0.843089	3.971057	-1.285575	-0.521000	-0.764575	3.555029	18160.151605
748086381288.000000 0.006959 2.596090	2.000000	0.863807	1.136193	5.330424	1.532089	0.689000	0.843089	3.986288	-1.285575	-0.521000	-0.764575	3.568841	18160.151605
748086397530.000000 0.007817 2.603906	2.000000	0.863807	1.136193	5.353551	1.532089	0.689000	0.843089	4.003448	-1.285575	-0.521000	-0.764575	3.584403	18160.151605
748086414031.000000 0.007942 2.611847	2.000000	0.863807	1.136193	5.377119	1.532089	0.689000	0.843089	4.020937	-1.285575	-0.521000	-0.764575	3.600263	18160.151605
748086430065.000000 0.007717 2.619562	2.000000	0.863807	1.136193	5.400089	1.532089	0.689000	0.843089	4.037981	-1.285575	-0.521000	-0.764575	3.615720	18160.151605
748086447027.000000 0.008165 2.627726	2.000000	0.863807	1.136193	5.424467	1.532089	0.689000	0.843089	4.056070	-1.285575	-0.521000	-0.764575	3.632125	18160.151605
748086463637.000000 0.007994 2.635716	2.000000	0.863807	1.136193	5.448407	1.532089	0.689000	0.843089	4.073834	-1.285575	-0.521000	-0.764575	3.648235	18160.151605
748086478564.000000 0.007185 2.642899	2.000000	0.863807	1.136193	5.469981	1.532089	0.689000	0.843089	4.089843	-1.285575	-0.521000	-0.764575	3.662753	18160.151605
748086494466.000000 0.007654 2.650551	2.000000	0.863807	1.136193	5.493031	1.532089	0.689000	0.843089	4.106947	-1.285575	-0.521000	-0.764575	3.678263	18160.151605
748086510429.000000 0.007683 2.658232	2.000000	0.863807	1.136193	5.516236	1.532089	0.689000	0.843089	4.124166	-1.285575	-0.521000	-0.764575	3.693879	18160.151605
748086526865.000000 0.007911 2.666142	2.000000	0.863807	1.136193	5.540202	1.532089	0.689000	0.843089	4.141949	-1.285575	-0.521000	-0.764575	3.710006	18160.151605
748086542090.000000 0.007329 2.673467	2.000000	0.924446	1.075554	5.561275	1.532089	0.734000	0.798089	4.157585	-1.285575	-0.562000	-0.723575	3.724183	18160.151605
748086556695.000000 0.007030 2.680495	2.000000	0.924446	1.075554	5.581542	1.532089	0.734000	0.798089	4.172624	-1.285575	-0.562000	-0.723575	3.737817	16354.580650
748086578317.000000 0.010407 2.690900	2.000000	0.924446	1.075554	5.611661	1.532089	0.734000	0.798089	4.194973	-1.285575	-0.562000	-0.723575	3.758080	16354.580650
748086593025.000000 0.007087 2.697985	2.000000	0.924446	1.075554	5.632227	1.532089	0.734000	0.798089	4.210234	-1.285575	-0.562000	-0.723575	3.771916	16354.580650
748086604833.000000 0.005683 2.703657	2.000000	0.924446	1.075554	5.648754	1.532089	0.734000	0.798089	4.222498	-1.285575	-0.562000	-0.723575	3.783034	16354.580650
748086617598.000000 0.006144 2.709801	2.000000	0.924446	1.075554	5.666662	1.532089	0.734000	0.798089	4.235786	-1.285575	-0.562000	-0.723575	3.795082	16354.580650
748086634537.000000 0.008153 2.717952	2.000000	0.924446	1.075554	5.690495	1.532089	0.734000	0.798089	4.253471	-1.285575	-0.562000	-0.723575	3.811115	16354.580650
748086648580.000000 0.006759 2.724709	2.000000	0.924446	1.075554	5.710303	1.532089	0.734000	0.798089	4.268168	-1.285575	-0.562000	-0.723575	3.824441	16354.580650
748086660206.000000 0.005596 2.730303	2.000000	0.924446	1.075554	5.726735	1.532089	0.734000	0.798089	4.280361	-1.285575	-0.562000	-0.723575	3.835495	16354.580650
748086671910.000000 0.005634 2.735935	2.000000	0.924446	1.075554	5.743313	1.532089	0.734000	0.798089	4.292663	-1.285575	-0.562000	-0.723575	3.846648	16354.580650
748086685651.000000 0.006614 2.742547	2.000000	0.924446	1.075554	5.762823	1.532089	0.734000	0.798089	4.307140	-1.285575	-0.562000	-0.723575	3.859773	16354.580650
748086700020.000000 0.006915 2.749461	2.000000	0.924446	1.075554	5.783273	1.532089	0.734000	0.798089	4.322314	-1.285575	-0.562000	-0.723575	3.873531	16354.580650
748086713892.000000 0.006677 2.756137	2.000000	0.924446	1.075554	5.803064	1.532089	0.734000	0.798089	4.337000	-1.285575	-0.562000	-0.723575	3.886846	16354.580650
748086728892.000000 0.007220 2.763355	2.000000	0.924446	1.075554	5.824523	1.532089	0.734000	0.798089	4.352922	-1.285575	-0.562000	-0.723575	3.901282	16354.580650
748086743328.000000 0.006948 2.770301	2.000000	0.924446	1.075554	5.845225	1.532089	0.734000	0.798089	4.368284	-1.285575	-0.562000	-0.723575	3.915209	16354.580650
748086757229.000000 0.006691 2.776990	2.000000	0.984502	1.015498	5.864093	1.532089	0.779000	0.753089	4.382277	-1.285575	-0.602000	-0.683575	3.927910	14566.352728
748086772949.000000 0.007566 2.784554	2.000000	0.984502	1.015498	5.885489	1.532089	0.779000	0.753089	4.398143	-1.285575	-0.602000	-0.683575	3.942312	14566.352728
748086787875.000000 0.007184 2.791736	2.000000	0.984502	1.015498	5.905854	1.532089	0.779000	0.753089	4.413246	-1.285575	-0.602000	-0.683575	3.956021	14566.352728
748086803365.000000 0.007455 2.799190	2.000000	0.984502	1.015498	5.927046	1.532089	0.779000	0.753089	4.428962	-1.285575	-0.602000	-0.683575	3.970286	14566.352728
748086818640.000000 0.007352 2.806542	2.000000	0.984502	1.015498	5.948000	1.532089	0.779000	0.753089	4.444501	-1.285575	-0.602000	-0.683575	3.984391	14566.352728
748086834388.000000 0.007579 2.814118	2.000000	0.984502	1.015498	5.969659	1.532089	0.779000	0.753089	4.460564	-1.285575	-0.602000	-0.683575	3.998971	14566.352728
748086849284.000000 0.007169 2.821285	2.000000	0.984502	1.015498	5.990199	1.532089	0.779000	0.753089	4.475796	-1.285575	-0.602000	-0.683575	4.012798	14566.352728
748086864777.000000 0.007457 2.828740	2.000000	0.984502	1.015498	6.011619	1.532089	0.779000	0.753089	4.491681	-1.285575	-0.602000	-0.683575	4.027216	14566.352728
748086878901.000000 0.006798 2.835537	2.000000	0.984502	1.015498	6.031193	1.532089	0.779000	0.753089	4.506197	-1.285575	-0.602000	-0.683575	4.040392	14566.352728
748086892603.000000 0.006595 2.842131	2.000000	0.984502	1.015498	6.050227	1.532089	0.779000	0.753089	4.520312	-1.285575	-0.602000	-0.683575	4.053205	14566.352728
748086907078.000000 0.006967 2.849096	2.000000	0.984502	1.015498	6.070384	1.532089	0.779000	0.753089	4.535261	-1.285575	-0.602000	-0.683575	4.066774	14566.352728
748086920094.000000 0.006265 2.855359	2.000000	0.984502	1.015498	6.088551	1.532089	0.779000	0.753089	4.548733	-1.285575	-0.602000	-0.683575	4.079002	14566.352728
748086936129.000000 0.007717 2.863074	2.000000	0.984502	1.015498	6.110989	1.532089	0.779000	0.753089	4.565373	-1.285575	-0.602000	-0.683575	4.094106	14566.352728
748086952074.000000 0.007675 2.870748	2.000000	0.984502	1.015498	6.133362	1.532089	0.779000	0.753089	4.581965	-1.285575	-0.602000	-0.683575	4.109166	14566.352728
748086970930.000000 0.009075 2.879822	2.000000	1.045191	0.954809	6.158316	1.532089	0.824000	0.708089	4.600471	-1.285575	-0.643000	-0.642575	4.125960	12759.296886
748086992747.000000 0.010500 2.890320	2.000000	1.045191	0.954809	6.187293	1.532089	0.824000	0.708089	4.621961	-1.285575	-0.643000	-0.642575	4.145462	12759.296886
748087008650.000000 0.007654 2.897971	2.000000	1.045191	0.954809	6.208471	1.532089	0.824000	0.708089	4.637666	-1.285575	-0.643000	-0.642575	4.159714	12759.296886
748087024886.000000 0.007815 2.905784	2.000000	1.045191	0.954809	6.230152	1.532089	0.824000	0.708089	4.653745	-1.285575	-0.643000	-0.642575	4.174305	12759.296886
748087039903.000000 0.007229 2.913012	2.000000	1.045191	0.954809	6.250260	1.532089	0.824000	0.708089	4.668657	-1.285575	-0.643000	-0.642575	4.187838	12759.296886
748087053020.000000 0.006313 2.919321	2.000000	1.045191	0.954809	6.267858	1.532089	0.824000	0.708089	4.681708	-1.285575	-0.643000	-0.642575	4.199681	12759.296886
748087064609.000000 0.005578 2.924898	2.000000	1.045191	0.954809	6.283435	1.532089	0.824000	0.708089	4.693260	-1.285575	-0.643000	-0.642575	4.210164	12759.296886
748087076088.000000 0.005525 2.930422	2.000000	1.045191	0.954809	6.298894	1.532089	0.824000	0.708089	4.704724	-1.285575	-0.643000	-0.642575	4.220568	12759.296886
748087089430.000000 0.006422 2.936842	2.000000	1.045191	0.954809	6.316901	1.532089	0.824000	0.708089	4.718078	-1.285575	-0.643000	-0.642575	4.232686	12759.296886
748087101052.000000 0.005594 2.942434	2.000000	1.045191	0.954809	6.332617	1.532089	0.824000	0.708089	4.729733	-1.285575	-0.643000	-0.642575	4.243263	12759.296886
748087112748.000000 0.005629 2.948062	2.000000	1.045191	0.954809	6.348463	1.532089	0.824000	0.708089	4.741485	-1.285575	-0.643000	-0.642575	4.253927	12759.296886
748087124629.000000 0.005718 2.953780	2.000000	1.045191	0.954809	6.364591	1.532089	0.824000	0.708089	4.753445	-1.285575	-0.643000	-0.642575	4.264781	12759.296886
748087137653.000000 0.006268 2.960046	2.000000	1.045191	0.954809	6.382307	1.532089	0.824000	0.708089	4.766584	-1.285575	-0.643000	-0.642575	4.276704	12759.296886
748087149435.000000 0.005671 2.965716	2.000000	1.045191	0.954809	6.398365	1.532089	0.824000	0.708089	4.778492	-1.285575	-0.643000	-0.642575	4.287511	12759.296886
748087162165.000000 0.006127 2.971842	2.000000	1.045191	0.954809	6.415751	1.532089	0.824000	0.708089	4.791386	-1.285575	-0.643000	-0.642575	4.299211	12759.296886
748087178198.000000 0.007717 2.979558	2.000000	1.105283	0.894717	6.436324	1.532089	0.869000	0.663089	4.806633	-1.285575	-0.683000	-0.602575	4.313067	10970.033761
748087194729.000000 0.007957 2.987535	2.000000	1.105283	0.894717	6.457593	1.532089	0.869000	0.663089	4.822396	-1.285575	-0.683000	-0.602575	4.327391	10970.033761
748087209852.000000 0.007279 2.994790	2.000000	1.105283	0.894717	6.477099	1.532089	0.869000	0.663089	4.836851	-1.285575	-0.683000	-0.602575	4.340528	10970.033761
748087223817.000000 0.006721 3.001508	2.000000	1.105283	0.894717	6.495149	1.532089	0.869000	0.663089	4.850228	-1.285575	-0.683000	-0.602575	4.352684	10970.033761
748087239380.000000 0.007491 3.008997	2.000000	1.105283	0.894717	6.515315	1.532089	0.869000	0.663089	4.865174	-1.285575	-0.683000	-0.602575	4.366266	10970.033761
748087254615.000000 0.007332 3.016328	2.000000	1.105283	0.894717	6.535103	1.532089	0.869000	0.663089	4.879840	-1.285575	-0.683000	-0.602575	4.379593	10970.033761
748087268201.000000 0.006539 3.022865	2.000000	1.105283	0.894717	6.552789	1.532089	0.869000	0.663089	4.892946	-1.285575	-0.683000	-0.602575	4.391503	10970.033761
748087279717.000000 0.005543 3.028406	2.000000	1.105283	0.894717	6.567807	1.532089	0.869000	0.663089	4.904077	-1.285575	-0.683000	-0.602575	4.401618	10970.033761
748087291036.000000 0.005449 3.033853	2.000000	1.105283	0.894717	6.582597	1.532089	0.869000	0.663089	4.915038	-1.285575	-0.683000	-0.602575	4.411579	10970.033761
748087302139.000000 0.005344 3.039195	2.000000	1.105283	0.894717	6.597129	1.532089	0.869000	0.663089	4.925808	-1.285575	-0.683000	-0.602575	4.421366	10970.033761
748087313350.000000 0.005396 3.044590	2.000000	1.105283	0.894717	6.611828	1.532089	0.869000	0.663089	4.936701	-1.285575	-0.683000	-0.602575	4.431265	10970.033761
748087324641.000000 0.005435 3.050023	2.000000	1.105283	0.894717	6.626659	1.532089	0.869000	0.663089	4.947693	-1.285575	-0.683000	-0.602575	4.441253	10970.033761
748087336777.000000 0.005841 3.055863	2.000000	1.105283	0.894717	6.642629	1.532089	0.869000	0.663089	4.959529	-1.285575	-0.683000	-0.602575	4.452009	10970.033761
748087348593.000000 0.005687 3.061548	2.000000	1.105283	0.894717	6.658208	1.532089	0.869000	0.663089	4.971074	-1.285575	-0.683000	-0.602575	4.462501	10970.033761
748087360235.000000 0.005603 3.067150	2.000000	1.105283	0.894717	6.673585	1.532089	0.869000	0.663089	4.982470	-1.285575	-0.683000	-0.602575	4.472857	10970.033761
748087371473.000000 0.005409 3.072558	2.000000	1.105283	0.894717	6.688455	1.532089	0.869000	0.663089	4.993491	-1.285575	-0.683000	-0.602575	4.482872	10970.033761
748087383447.000000 0.005763 3.078320	2.000000	1.166007	0.833993	6.703251	1.532089	0.914000	0.618089	5.004456	-1.285575	-0.724000	-0.561575	4.492835	9161.931776
748087395427.000000 0.005768 3.084087	2.000000	1.166007	0.833993	6.718086	1.532089	0.914000	0.618089	5.015451	-1.285575	-0.724000	-0.561575	4.502824	9161.931776
748087407807.000000 0.005959 3.090042	2.000000	1.166007	0.833993	6.733443	1.532089	0.914000	0.618089	5.026832	-1.285575	-0.724000	-0.561575	4.513165	9161.931776
748087419050.000000 0.005412 3.095453	2.000000	1.166007	0.833993	6.747414	1.532089	0.914000	0.618089	5.037187	-1.285575	-0.724000	-0.561575	4.522573	9161.931776
748087430902.000000 0.005705 3.101155	2.000000	1.166007	0.833993	6.762168	1.532089	0.914000	0.618089	5.048121	-1.285575	-0.724000	-0.561575	4.532507	9161.931776
748087442652.000000 0.005655 3.106809	2.000000	1.166007	0.833993	6.776820	1.532089	0.914000	0.618089	5.058980	-1.285575	-0.724000	-0.561575	4.542374	9161.931776
748087454938.000000 0.005913 3.112721	2.000000	1.166007	0.833993	6.792171	1.532089	0.914000	0.618089	5.070357	-1.285575	-0.724000	-0.561575	4.552710	9161.931776
748087466821.000000 0.005719 3.118440	2.000000	1.166007	0.833993	6.807046	1.532089	0.914000	0.618089	5.081381	-1.285575	-0.724000	-0.561575	4.562726	9161.931776
748087482734.000000 0.007659 3.126097	2.000000	1.166007	0.833993	6.827015	1.532089	0.914000	0.618089	5.096180	-1.285575	-0.724000	-0.561575	4.576172	9161.931776
748087498121.000000 0.007407 3.133502	2.000000	1.166007	0.833993	6.846370	1.532089	0.914000	0.618089	5.110525	-1.285575	-0.724000	-0.561575	4.589205	9161.931776
748087512306.000000 0.006828 3.140327	2.000000	1.166007	0.833993	6.864252	1.532089	0.914000	0.618089	5.123777	-1.285575	-0.724000	-0.561575	4.601246	9161.931776
748087526150.000000 0.006663 3.146990	2.000000	1.166007	0.833993	6.881740	1.532089	0.914000	0.618089	5.136738	-1.285575	-0.724000	-0.561575	4.613022	9161.931776
748087537705.000000 0.005562 3.152548	2.000000	1.166007	0.833993	6.896362	1.532089	0.914000	0.618089	5.147575	-1.285575	-0.724000	-0.561575	4.622868	9161.931776
748087550453.000000 0.006136 3.158682	2.000000	1.166007	0.833993	6.912526	1.532089	0.914000	0.618089	5.159554	-1.285575	-0.724000	-0.561575	4.633752	9161.931776
748087562154.000000 0.005632 3.164313	2.000000	1.166007	0.833993	6.927388	1.532089	0.914000	0.618089	5.170569	-1.285575	-0.724000	-0.561575	4.643759	9161.931776
748087574306.000000 0.005849 3.170161	2.000000	1.166007	0.833993	6.942852	1.532089	0.914000	0.618089	5.182029	-1.285575	-0.724000	-0.561575	4.654172	9161.931776
748087586187.000000 0.005719 3.175878	2.000000	1.226123	0.773877	6.956908	1.532089	0.959000	0.573089	5.192438	-1.285575	-0.764000	-0.521575	4.663645	7371.939428
748087599041.000000 0.006187 3.182063	2.000000	1.226123	0.773877	6.972144	1.532089	0.959000	0.573089	5.203721	-1.285575	-0.764000	-0.521575	4.673914	7371.939428
748087613140.000000 0.006786 3.188848	2.000000	1.226123	0.773877	6.988891	1.532089	0.959000	0.573089	5.216123	-1.285575	-0.764000	-0.521575	4.685201	7371.939428
748087624884.000000 0.005653 3.194498	2.000000	1.226123	0.773877	7.002865	1.532089	0.959000	0.573089	5.226471	-1.285575	-0.764000	-0.521575	4.694619	7371.939428
748087636635.000000 0.005655 3.200152	2.000000	1.226123	0.773877	7.016870	1.532089	0.959000	0.573089	5.236843	-1.285575	-0.764000	-0.521575	4.704059	7371.939428
748087649967.000000 0.006417 3.206568	2.000000	1.226123	0.773877	7.032795	1.532089	0.959000	0.573089	5.248636	-1.285575	-0.764000	-0.521575	4.714791	7371.939428
748087662286.000000 0.005929 3.212496	2.000000	1.226123	0.773877	7.047535	1.532089	0.959000	0.573089	5.259552	-1.285575	-0.764000	-0.521575	4.724726	7371.939428
748087673954.000000 0.005616 3.218110	2.000000	1.226123	0.773877	7.061521	1.532089	0.959000	0.573089	5.269909	-1.285575	-0.764000	-0.521575	4.734153	7371.939428
748087685402.000000 0.005510 3.223619	2.000000	1.226123	0.773877	7.075267	1.532089	0.959000	0.573089	5.280089	-1.285575	-0.764000	-0.521575	4.743417	7371.939428
748087696861.000000 0.005515 3.229133	2.000000	1.226123	0.773877	7.089050	1.532089	0.959000	0.573089	5.290296	-1.285575	-0.764000	-0.521575	4.752706	7371.939428
748087709069.000000 0.005876 3.235008	2.000000	1.226123	0.773877	7.103760	1.532089	0.959000	0.573089	5.301189	-1.285575	-0.764000	-0.521575	4.762621	7371.939428
748087720796.000000 0.005644 3.240650	2.000000	1.226123	0.773877	7.117916	1.532089	0.959000	0.573089	5.311672	-1.285575	-0.764000	-0.521575	4.772161	7371.939428
748087732010.000000 0.005398 3.246045	2.000000	1.226123	0.773877	7.131475	1.532089	0.959000	0.573089	5.321712	-1.285575	-0.764000	-0.521575	4.781299	7371.939428
748087743275.000000 0.005422 3.251467	2.000000	1.226123	0.773877	7.145118	1.532089	0.959000	0.573089	5.331816	-1.285575	-0.764000	-0.521575	4.790495	7371.939428
748087754924.000000 0.005607 3.257073	2.000000	1.226123	0.773877	7.159251	1.532089	0.959000	0.573089	5.342282	-1.285575	-0.764000	-0.521575	4.800020	7371.939428
748087767358.000000 0.005984 3.263055	2.000000	1.226123	0.773877	7.174362	1.532089	0.959000	0.573089	5.353473	-1.285575	-0.764000	-0.521575	4.810205	7371.939428
748087778756.000000 0.005487 3.268540	2.000000	1.226123	0.773877	7.188240	1.532089	0.959000	0.573089	5.363750	-1.285575	-0.764000	-0.521575	4.819558	7371.939428
748087790443.000000 0.005625 3.274163	2.000000	1.285467	0.714533	7.201400	1.532089	1.003000	0.529089	5.373495	-1.285575	-0.804000	-0.481575	4.828428	7371.939428
748087802285.000000 0.005700 3.279862	2.000000	1.285467	0.714533	7.214758	1.532089	1.003000	0.529089	5.383386	-1.285575	-0.804000	-0.481575	4.837430	5604.927940
748087816429.000000 0.006808 3.286668	2.000000	1.285467	0.714533	7.230746	1.532089	1.003000	0.529089	5.395224	-1.285575	-0.804000	-0.481575	4.848206	5604.927940
748087882015.000000 0.031562 3.318229	2.000000	1.285467	0.714533	7.305579	1.532089	1.003000	0.529089	5.450635	-1.285575	-0.804000	-0.481575	4.898641	5604.927940
748087897021.000000 0.007223 3.325448	2.000000	1.285467	0.714533	7.322741	1.532089	1.003000	0.529089	5.463343	-1.285575	-0.804000	-0.481575	4.910208	5604.927940
748087912042.000000 0.007229 3.332676	2.000000	1.285467	0.714533	7.339956	1.532089	1.003000	0.529089	5.476091	-1.285575	-0.804000	-0.481575	4.921810	5604.927940
748087928776.000000 0.008054 3.340729	2.000000	1.285467	0.714533	7.359182	1.532089	1.003000	0.529089	5.490327	-1.285575	-0.804000	-0.481575	4.934768	5604.927940
748087943240.000000 0.006961 3.347689	2.000000	1.285467	0.714533	7.375834	1.532089	1.003000	0.529089	5.502657	-1.285575	-0.804000	-0.481575	4.945991	5604.927940
748087957970.000000 0.007090 3.354777	2.000000	1.285467	0.714533	7.392829	1.532089	1.003000	0.529089	5.515242	-1.285575	-0.804000	-0.481575	4.957445	5604.927940
748087973605.000000 0.007525 3.362299	2.000000	1.285467	0.714533	7.410908	1.532089	1.003000	0.529089	5.528628	-1.285575	-0.804000	-0.481575	4.969630	5604.927940
748087986012.000000 0.005972 3.368270	2.000000	1.285467	0.714533	7.425280	1.532089	1.003000	0.529089	5.539270	-1.285575	-0.804000	-0.481575	4.979316	5604.927940
748087998266.000000 0.005898 3.374167	2.000000	1.346228	0.653772	7.438290	1.532089	1.048000	0.484089	5.548904	-1.285575	-0.845000	-0.440575	4.988084	5604.927940
748088011135.000000 0.006194 3.380359	2.000000	1.346228	0.653772	7.451979	1.532089	1.048000	0.484089	5.559039	-1.285575	-0.845000	-0.440575	4.997308	3795.731417
748088025620.000000 0.006972 3.387329	2.000000	1.346228	0.653772	7.467418	1.532089	1.048000	0.484089	5.570472	-1.285575	-0.845000	-0.440575	5.007713	3795.731417
748088037567.000000 0.005751 3.393078	2.000000	1.346228	0.653772	7.480176	1.532089	1.048000	0.484089	5.579918	-1.285575	-0.845000	-0.440575	5.016311	3795.731417
748088050895.000000 0.006415 3.399491	2.000000	1.346228	0.653772	7.494433	1.532089	1.048000	0.484089	5.590475	-1.285575	-0.845000	-0.440575	5.025918	3795.731417
748088063406.000000 0.006022 3.405512	2.000000	1.346228	0.653772	7.507841	1.532089	1.048000	0.484089	5.600403	-1.285575	-0.845000	-0.440575	5.034954	3795.731417
748088079150.000000 0.007578 3.413088	2.000000	1.346228	0.653772	7.524750	1.532089	1.048000	0.484089	5.612923	-1.285575	-0.845000	-0.440575	5.046349	3795.731417
748088091597.000000 0.005991 3.419077	2.000000	1.346228	0.653772	7.538141	1.532089	1.048000	0.484089	5.622839	-1.285575	-0.845000	-0.440575	5.055373	3795.731417
748088103490.000000 0.005724 3.424800	2.000000	1.346228	0.653772	7.550958	1.532089	1.048000	0.484089	5.632329	-1.285575	-0.845000	-0.440575	5.064010	3795.731417
748088116008.000000 0.006025 3.430822	2.000000	1.346228	0.653772	7.564472	1.532089	1.048000	0.484089	5.642336	-1.285575	-0.845000	-0.440575	5.073117	3795.731417
748088130740.000000 0.007091 3.437912	2.000000	1.346228	0.653772	7.580409	1.532089	1.048000	0.484089	5.654137	-1.285575	-0.845000	-0.440575	5.083857	3795.731417
748088145334.000000 0.007024 3.444934	2.000000	1.346228	0.653772	7.596229	1.532089	1.048000	0.484089	5.665850	-1.285575	-0.845000	-0.440575	5.094518	3795.731417
748088162433.000000 0.008230 3.453164	2.000000	1.346228	0.653772	7.614809	1.532089	1.048000	0.484089	5.679608	-1.285575	-0.845000	-0.440575	5.107040	3795.731417
748088175852.000000 0.006459 3.459620	2.000000	1.346228	0.653772	7.629417	1.532089	1.048000	0.484089	5.690425	-1.285575	-0.845000	-0.440575	5.116884	3795.731417
748088187833.000000 0.005767 3.465384	2.000000	1.346228	0.653772	7.642482	1.532089	1.048000	0.484089	5.700099	-1.285575	-0.845000	-0.440575	5.125688	3795.731417
748088199555.000000 0.005642 3.471025	2.000000	1.346228	0.653772	7.655285	1.532089	1.048000	0.484089	5.709579	-1.285575	-0.845000	-0.440575	5.134316	3795.731417
748088211846.000000 0.005916 3.476940	2.000000	1.406369	0.593631	7.667496	1.532089	1.093000	0.439089	5.718611	-1.285575	-0.885000	-0.400575	5.142556	2004.979741
748088226362.000000 0.006987 3.483925	2.000000	1.406369	0.593631	7.681946	1.532089	1.093000	0.439089	5.729299	-1.285575	-0.885000	-0.400575	5.152307	2004.979741
748088240956.000000 0.007024 3.490947	2.000000	1.406369	0.593631	7.696502	1.532089	1.093000	0.439089	5.740066	-1.285575	-0.885000	-0.400575	5.162129	2004.979741
748088252617.000000 0.005613 3.496558	2.000000	1.406369	0.593631	7.708152	1.532089	1.093000	0.439089	5.748683	-1.285575	-0.885000	-0.400575	5.169990	2004.979741
748088264989.000000 0.005955 3.502512	2.000000	1.406369	0.593631	7.720534	1.532089	1.093000	0.439089	5.757841	-1.285575	-0.885000	-0.400575	5.178345	2004.979741
748088277540.000000 0.006041 3.508551	2.000000	1.406369	0.593631	7.733116	1.532089	1.093000	0.439089	5.767148	-1.285575	-0.885000	-0.400575	5.186836	2004.979741
748088290717.000000 0.006343 3.514892	2.000000	1.406369	0.593631	7.746351	1.532089	1.093000	0.439089	5.776937	-1.285575	-0.885000	-0.400575	5.195766	2004.979741
748088302519.000000 0.005680 3.520570	2.000000	1.406369	0.593631	7.758222	1.532089	1.093000	0.439089	5.785718	-1.285575	-0.885000	-0.400575	5.203777	2004.979741
748088314972.000000 0.005994 3.526563	2.000000	1.406369	0.593631	7.770770	1.532089	1.093000	0.439089	5.794999	-1.285575	-0.885000	-0.400575	5.212244	2004.979741
748088326318.000000 0.005462 3.532023	2.000000	1.406369	0.593631	7.782221	1.532089	1.093000	0.439089	5.803469	-1.285575	-0.885000	-0.400575	5.219971	2004.979741
748088337743.000000 0.005500 3.537521	2.000000	1.406369	0.593631	7.793770	1.532089	1.093000	0.439089	5.812011	-1.285575	-0.885000	-0.400575	5.227764	2004.979741
748088349071.000000 0.005452 3.542971	2.000000	1.406369	0.593631	7.805238	1.532089	1.093000	0.439089	5.820494	-1.285575	-0.885000	-0.400575	5.235502	2004.979741
748088360229.000000 0.005371 3.548340	2.000000	1.406369	0.593631	7.816550	1.532089	1.093000	0.439089	5.828861	-1.285575	-0.885000	-0.400575	5.243136	2004.979741
748088371760.000000 0.005550 3.553888	2.000000	1.406369	0.593631	7.828259	1.532089	1.093000	0.439089	5.837522	-1.285575	-0.885000	-0.400575	5.251037	2004.979741
748088384661.000000 0.006210 3.560097	2.000000	1.406369	0.593631	7.841384	1.532089	1.093000	0.439089	5.847230	-1.285575	-0.885000	-0.400575	5.259893	2004.979741
748088395993.000000 0.005454 3.565549	2.000000	1.406369	0.593631	7.852929	1.532089	1.093000	0.439089	5.855769	-1.285575	-0.885000	-0.400575	5.267684	2004.979741
748088407822.000000 0.005694 3.571242	2.000000	1.406369	0.593631	7.865000	1.532089	1.093000	0.439089	5.864698	-1.285575	-0.885000	-0.400575	5.275829	2004.979741
748088419827.000000 0.005778 3.577018	2.000000	1.467147	0.532853	7.876013	1.532089	1.138000	0.394089	5.872843	-1.285575	-0.926000	-0.359575	5.283261	195.278341
748088431816.000000 0.005770 3.582787	2.000000	1.467147	0.532853	7.887030	1.532089	1.138000	0.394089	5.880990	-1.285575	-0.926000	-0.359575	5.290695	195.278341
748088445043.000000 0.006366 3.589152	2.000000	1.467147	0.532853	7.899205	1.532089	1.138000	0.394089	5.889995	-1.285575	-0.926000	-0.359575	5.298911	195.278341
748088456329.000000 0.005432 3.594582	2.000000	1.467147	0.532853	7.909609	1.532089	1.138000	0.394089	5.897690	-1.285575	-0.926000	-0.359575	5.305932	195.278341
748088467752.000000 0.005498 3.600079	2.000000	1.467147	0.532853	7.920157	1.532089	1.138000	0.394089	5.905491	-1.285575	-0.926000	-0.359575	5.313049	195.278341
748088479240.000000 0.005529 3.605607	2.000000	1.467147	0.532853	7.930780	1.532089	1.138000	0.394089	5.913347	-1.285575	-0.926000	-0.359575	5.320218	195.278341
748088492291.000000 0.006281 3.611886	2.000000	1.467147	0.532853	7.942869	1.532089	1.138000	0.394089	5.922288	-1.285575	-0.926000	-0.359575	5.328376	195.278341
748088503807.000000 0.005543 3.617429	2.000000	1.467147	0.532853	7.953554	1.532089	1.138000	0.394089	5.930191	-1.285575	-0.926000	-0.359575	5.335587	195.278341
748088515363.000000 0.005562 3.622990	2.000000	1.467147	0.532853	7.964292	1.532089	1.138000	0.394089	5.938132	-1.285575	-0.926000	-0.359575	5.342833	195.278341
748088527187.000000 0.005692 3.628679	2.000000	1.467147	0.532853	7.975297	1.532089	1.138000	0.394089	5.946271	-1.285575	-0.926000	-0.359575	5.350259	195.278341
748088539221.000000 0.005792 3.634469	2.000000	1.467147	0.532853	7.986514	1.532089	1.138000	0.394089	5.954568	-1.285575	-0.926000	-0.359575	5.357828	195.278341
748088550936.000000 0.005638 3.640106	2.000000	1.467147	0.532853	7.997450	1.532089	1.138000	0.394089	5.962656	-1.285575	-0.926000	-0.359575	5.365208	195.278341
748088563258.000000 0.005931 3.646036	2.000000	1.467147	0.532853	8.008972	1.532089	1.138000	0.394089	5.971177	-1.285575	-0.926000	-0.359575	5.372983	195.278341
748088574817.000000 0.005564 3.651598	2.000000	1.467147	0.532853	8.019799	1.532089	1.138000	0.394089	5.979184	-1.285575	-0.926000	-0.359575	5.380289	195.278341
748088587477.000000 0.006094 3.657691	2.000000	1.467147	0.532853	8.031675	1.532089	1.138000	0.394089	5.987968	-1.285575	-0.926000	-0.359575	5.388304	195.278341
748088600207.000000 0.006127 3.663815	2.000000	1.467147	0.532853	8.043637	1.532089	1.138000	0.394089	5.996815	-1.285575	-0.926000	-0.359575	5.396375	195.278341
748088613157.000000 0.006234 3.670048	2.000000	1.467147	0.532853	8.055828	1.532089	1.138000	0.394089	6.005831	-1.285575	-0.926000	-0.359575	5.404602	195.278341
748088624759.000000 0.005584 3.675630	2.000000	1.524486	0.475514	8.065587	1.532089	1.181000	0.351089	6.013036	-1.285575	-0.964000	-0.321575	5.411202	-1499.968027
748088637100.000000 0.005940 3.681568	2.000000	1.524486	0.475514	8.075986	1.532089	1.181000	0.351089	6.020714	-1.285575	-0.964000	-0.321575	5.418234	-1499.968027
748088652172.000000 0.007254 3.688820	2.000000	1.524486	0.475514	8.088710	1.532089	1.181000	0.351089	6.030109	-1.285575	-0.964000	-0.321575	5.426839	-1499.968027
748088664208.000000 0.005794 3.694613	2.000000	1.524486	0.475514	8.098888	1.532089	1.181000	0.351089	6.037624	-1.285575	-0.964000	-0.321575	5.433722	-1499.968027
748088676477.000000 0.005905 3.700516	2.000000	1.524486	0.475514	8.109279	1.532089	1.181000	0.351089	6.045296	-1.285575	-0.964000	-0.321575	5.440749	-1499.968027
748088688580.000000 0.005826 3.706341	2.000000	1.524486	0.475514	8.119547	1.532089	1.181000	0.351089	6.052877	-1.285575	-0.964000	-0.321575	5.447693	-1499.968027
748088700979.000000 0.005968 3.712306	2.000000	1.524486	0.475514	8.130081	1.532089	1.181000	0.351089	6.060655	-1.285575	-0.964000	-0.321575	5.454817	-1499.968027
748088712618.000000 0.005603 3.717907	2.000000	1.524486	0.475514	8.139986	1.532089	1.181000	0.351089	6.067968	-1.285575	-0.964000	-0.321575	5.461516	-1499.968027
748088724420.000000 0.005680 3.723586	2.000000	1.524486	0.475514	8.150044	1.532089	1.181000	0.351089	6.075394	-1.285575	-0.964000	-0.321575	5.468317	-1499.968027
748088736157.000000 0.005649 3.729233	2.000000	1.524486	0.475514	8.160062	1.532089	1.181000	0.351089	6.082790	-1.285575	-0.964000	-0.321575	5.475092	-1499.968027
748088748288.000000 0.005839 3.735071	2.000000	1.524486	0.475514	8.170432	1.532089	1.181000	0.351089	6.090447	-1.285575	-0.964000	-0.321575	5.482105	-1499.968027
748088759795.000000 0.005539 3.740608	2.000000	1.524486	0.475514	8.180283	1.532089	1.181000	0.351089	6.097721	-1.285575	-0.964000	-0.321575	5.488767	-1499.968027
748088771359.000000 0.005565 3.746172	2.000000	1.524486	0.475514	8.190198	1.532089	1.181000	0.351089	6.105041	-1.285575	-0.964000	-0.321575	5.495472	-1499.968027
748088782790.000000 0.005501 3.751672	2.000000	1.524486	0.475514	8.200012	1.532089	1.181000	0.351089	6.112287	-1.285575	-0.964000	-0.321575	5.502109	-1499.968027
748088795194.000000 0.005970 3.757642	2.000000	1.524486	0.475514	8.210680	1.532089	1.181000	0.351089	6.120163	-1.285575	-0.964000	-0.321575	5.509323	-1499.968027
748088807308.000000 0.005831 3.763471	2.000000	1.524486	0.475514	8.221114	1.532089	1.181000	0.351089	6.127867	-1.285575	-0.964000	-0.321575	5.516380	-1499.968027
748088818850.000000 0.005555 3.769025	2.000000	1.524486	0.475514	8.231070	1.532089	1.181000	0.351089	6.135218	-1.285575	-0.964000	-0.321575	5.523113	-1499.968027
748088830189.000000 0.005458 3.774481	2.000000	1.578874	0.421126	8.239745	1.532089	1.221000	0.311089	6.141627	-1.285575	-1.001000	-0.284575	5.528975	-1499.968027
748088842543.000000 0.005946 3.780425	2.000000	1.578874	0.421126	8.249212	1.532089	1.221000	0.311089	6.148620	-1.285575	-1.001000	-0.284575	5.535372	-3107.343652
748088857486.000000 0.007192 3.787616	2.000000	1.578874	0.421126	8.260683	1.532089	1.221000	0.311089	6.157094	-1.285575	-1.001000	-0.284575	5.543124	-3107.343652
748088869147.000000 0.005612 3.793227	2.000000	1.578874	0.421126	8.269648	1.532089	1.221000	0.311089	6.163716	-1.285575	-1.001000	-0.284575	5.549182	-3107.343652
748088881274.000000 0.005837 3.799062	2.000000	1.578874	0.421126	8.278987	1.532089	1.221000	0.311089	6.170615	-1.285575	-1.001000	-0.284575	5.555492	-3107.343652
748088892812.000000 0.005553 3.804614	2.000000	1.578874	0.421126	8.287885	1.532089	1.221000	0.311089	6.177187	-1.285575	-1.001000	-0.284575	5.561505	-3107.343652
748088904627.000000 0.005687 3.810300	2.000000	1.578874	0.421126	8.297010	1.532089	1.221000	0.311089	6.183929	-1.285575	-1.001000	-0.284575	5.567672	-3107.343652
748088916312.000000 0.005625 3.815923	2.000000	1.578874	0.421126	8.306049	1.532089	1.221000	0.311089	6.190606	-1.285575	-1.001000	-0.284575	5.573780	-3107.343652
748088927484.000000 0.005377 3.821298	2.000000	1.578874	0.421126	8.314702	1.532089	1.221000	0.311089	6.196997	-1.285575	-1.001000	-0.284575	5.579627	-3107.343652
748088938986.000000 0.005536 3.826833	2.000000	1.578874	0.421126	8.323623	1.532089	1.221000	0.311089	6.203588	-1.285575	-1.001000	-0.284575	5.585655	-3107.343652
748088949958.000000 0.005281 3.832113	2.000000	1.578874	0.421126	8.332145	1.532089	1.221000	0.311089	6.209883	-1.285575	-1.001000	-0.284575	5.591414	-3107.343652
748088961498.000000 0.005554 3.837666	2.000000	1.578874	0.421126	8.341122	1.532089	1.221000	0.311089	6.216514	-1.285575	-1.001000	-0.284575	5.597480	-3107.343652
748088972513.000000 0.005302 3.842966	2.000000	1.578874	0.421126	8.349702	1.532089	1.221000	0.311089	6.222853	-1.285575	-1.001000	-0.284575	5.603278	-3107.343652
748088984377.000000 0.005710 3.848675	2.000000	1.578874	0.421126	8.358958	1.532089	1.221000	0.311089	6.229690	-1.285575	-1.001000	-0.284575	5.609532	-3107.343652
748088995670.000000 0.005436 3.854109	2.000000	1.578874	0.421126	8.367780	1.532089	1.221000	0.311089	6.236207	-1.285575	-1.001000	-0.284575	5.615494	-3107.343652
748089007836.000000 0.005856 3.859964	2.000000	1.578874	0.421126	8.377298	1.532089	1.221000	0.311089	6.243238	-1.285575	-1.001000	-0.284575	5.621926	-3107.343652
748089019159.000000 0.005450 3.865412	2.000000	1.578874	0.421126	8.386170	1.532089	1.221000	0.311089	6.249792	-1.285575	-1.001000	-0.284575	5.627921	-3107.343652
748089030127.000000 0.005280 3.870690	2.000000	1.578874	0.421126	8.394776	1.532089	1.221000	0.311089	6.256149	-1.285575	-1.001000	-0.284575	5.633737	-3107.343652
748089041435.000000 0.005443 3.876131	2.000000	1.630590	0.369410	8.402569	1.532089	1.260000	0.272089	6.261889	-1.285575	-1.035000	-0.250575	5.639023	-4635.185435
748089054022.000000 0.006059 3.882188	2.000000	1.630590	0.369410	8.411258	1.532089	1.260000	0.272089	6.268289	-1.285575	-1.035000	-0.250575	5.644917	-4635.185435
748089069433.000000 0.007417 3.889604	2.000000	1.630590	0.369410	8.421916	1.532089	1.260000	0.272089	6.276139	-1.285575	-1.035000	-0.250575	5.652146	-4635.185435
748089081659.000000 0.005884 3.895487	2.000000	1.630590	0.369410	8.430384	1.532089	1.260000	0.272089	6.282376	-1.285575	-1.035000	-0.250575	5.657890	-4635.185435
748089094068.000000 0.005973 3.901458	2.000000	1.630590	0.369410	8.438991	1.532089	1.260000	0.272089	6.288716	-1.285575	-1.035000	-0.250575	5.663728	-4635.185435
748089106681.000000 0.006071 3.907528	2.000000	1.630590	0.369410	8.447755	1.532089	1.260000	0.272089	6.295171	-1.285575	-1.035000	-0.250575	5.669673	-4635.185435
748089118549.000000 0.005712 3.913238	2.000000	1.630590	0.369410	8.456013	1.532089	1.260000	0.272089	6.301253	-1.285575	-1.035000	-0.250575	5.675274	-4635.185435
748089132716.000000 0.006818 3.920054	2.000000	1.630590	0.369410	8.465886	1.532089	1.260000	0.272089	6.308525	-1.285575	-1.035000	-0.250575	5.681972	-4635.185435
748089144244.000000 0.005549 3.925601	2.000000	1.630590	0.369410	8.473933	1.532089	1.260000	0.272089	6.314452	-1.285575	-1.035000	-0.250575	5.687430	-4635.185435
748089157203.000000 0.006238 3.931838	2.000000	1.630590	0.369410	8.482993	1.532089	1.260000	0.272089	6.321125	-1.285575	-1.035000	-0.250575	5.693575	-4635.185435
748089169604.000000 0.005969 3.937805	2.000000	1.630590	0.369410	8.491675	1.532089	1.260000	0.272089	6.327520	-1.285575	-1.035000	-0.250575	5.699465	-4635.185435
748089181278.000000 0.005619 3.943422	2.000000	1.630590	0.369410	8.499861	1.532089	1.260000	0.272089	6.333549	-1.285575	-1.035000	-0.250575	5.705017	-4635.185435
748089193846.000000 0.006049 3.949470	2.000000	1.630590	0.369410	8.508686	1.532089	1.260000	0.272089	6.340049	-1.285575	-1.035000	-0.250575	5.711003	-4635.185435
748089205383.000000 0.005553 3.955022	2.000000	1.630590	0.369410	8.516800	1.532089	1.260000	0.272089	6.346025	-1.285575	-1.035000	-0.250575	5.716507	-4635.185435
748089217965.000000 0.006056 3.961075	2.000000	1.630590	0.369410	8.525661	1.532089	1.260000	0.272089	6.352552	-1.285575	-1.035000	-0.250575	5.722517	-4635.185435
748089229551.000000 0.005577 3.966651	2.000000	1.630590	0.369410	8.533832	1.532089	1.260000	0.272089	6.358571	-1.285575	-1.035000	-0.250575	5.728060	-4635.185435
748089241136.000000 0.005576 3.972225	2.000000	1.630590	0.369410	8.542014	1.532089	1.260000	0.272089	6.364597	-1.285575	-1.035000	-0.250575	5.733610	-4635.185435
748089253323.000000 0.005866 3.978089	2.000000	1.677949	0.322051	8.549529	1.532089	1.295000	0.237089	6.370129	-1.285575	-1.067000	-0.218575	5.738710	-6033.271445
748089267452.000000 0.006801 3.984889	2.000000	1.677949	0.322051	8.558256	1.532089	1.295000	0.237089	6.376554	-1.285575	-1.067000	-0.218575	5.744634	-6033.271445
748089279876.000000 0.005980 3.990866	2.000000	1.677949	0.322051	8.565942	1.532089	1.295000	0.237089	6.382212	-1.285575	-1.067000	-0.218575	5.749850	-6033.271445
748089296357.000000 0.007933 3.998798	2.000000	1.677949	0.322051	8.576158	1.532089	1.295000	0.237089	6.389733	-1.285575	-1.067000	-0.218575	5.756783	-6033.271445
748089308265.000000 0.005731 4.004527	2.000000	1.677949	0.322051	8.583549	1.532089	1.295000	0.237089	6.395175	-1.285575	-1.067000	-0.218575	5.761800	-6033.271445
748089321778.000000 0.006503 4.011029	2.000000	1.677949	0.322051	8.591950	1.532089	1.295000	0.237089	6.401359	-1.285575	-1.067000	-0.218575	5.767502	-6033.271445
748089336106.000000 0.006896 4.017924	2.000000	1.677949	0.322051	8.600873	1.532089	1.295000	0.237089	6.407929	-1.285575	-1.067000	-0.218575	5.773558	-6033.271445
748089349018.000000 0.006215 4.024137	2.000000	1.677949	0.322051	8.608927	1.532089	1.295000	0.237089	6.413858	-1.285575	-1.067000	-0.218575	5.779024	-6033.271445
748089361616.000000 0.006063 4.030199	2.000000	1.677949	0.322051	8.616797	1.532089	1.295000	0.237089	6.419651	-1.285575	-1.067000	-0.218575	5.784365	-6033.271445
748089374341.000000 0.006125 4.036322	2.000000	1.677949	0.322051	8.624759	1.532089	1.295000	0.237089	6.425513	-1.285575	-1.067000	-0.218575	5.789769	-6033.271445
748089385930.000000 0.005577 4.041898	2.000000	1.677949	0.322051	8.632019	1.532089	1.295000	0.237089	6.430857	-1.285575	-1.067000	-0.218575	5.794696	-6033.271445
748089397611.000000 0.005622 4.047520	2.000000	1.677949	0.322051	8.639348	1.532089	1.295000	0.237089	6.436253	-1.285575	-1.067000	-0.218575	5.799670	-6033.271445
748089409351.000000 0.005651 4.053169	2.000000	1.677949	0.322051	8.646723	1.532089	1.295000	0.237089	6.441683	-1.285575	-1.067000	-0.218575	5.804676	-6033.271445
748089422095.000000 0.006134 4.059302	2.000000	1.677949	0.322051	8.654743	1.532089	1.295000	0.237089	6.447586	-1.285575	-1.067000	-0.218575	5.810119	-6033.271445
748089434490.000000 0.005966 4.065266	2.000000	1.677949	0.322051	8.662553	1.532089	1.295000	0.237089	6.453336	-1.285575	-1.067000	-0.218575	5.815420	-6033.271445
748089446049.000000 0.005564 4.070828	2.000000	1.677949	0.322051	8.669847	1.532089	1.295000	0.237089	6.458706	-1.285575	-1.067000	-0.218575	5.820370	-6033.271445
748089458102.000000 0.005801 4.076628	2.000000	1.723904	0.276096	8.676377	1.532089	1.329000	0.203089	6.463509	-1.285575	-1.098000	-0.187575	5.824806	-7389.543333
748089471811.000000 0.006599 4.083226	2.000000	1.723904	0.276096	8.683816	1.532089	1.329000	0.203089	6.468981	-1.285575	-1.098000	-0.187575	5.829861	-7389.543333
748089485372.000000 0.006527 4.089750	2.000000	1.723904	0.276096	8.691186	1.532089	1.329000	0.203089	6.474402	-1.285575	-1.098000	-0.187575	5.834868	-7389.543333
748089496891.000000 0.005545 4.095293	2.000000	1.723904	0.276096	8.697456	1.532089	1.329000	0.203089	6.479014	-1.285575	-1.098000	-0.187575	5.839127	-7389.543333
748089508776.000000 0.005720 4.101011	2.000000	1.723904	0.276096	8.703932	1.532089	1.329000	0.203089	6.483778	-1.285575	-1.098000	-0.187575	5.843527	-7389.543333
748089521466.000000 0.006108 4.107119	2.000000	1.723904	0.276096	8.710859	1.532089	1.329000	0.203089	6.488873	-1.285575	-1.098000	-0.187575	5.848233	-7389.543333
748089533775.000000 0.005924 4.113041	2.000000	1.723904	0.276096	8.717586	1.532089	1.329000	0.203089	6.493822	-1.285575	-1.098000	-0.187575	5.852803	-7389.543333
748089545690.000000 0.005735 4.118774	2.000000	1.723904	0.276096	8.724108	1.532089	1.329000	0.203089	6.498619	-1.285575	-1.098000	-0.187575	5.857234	-7389.543333
748089557426.000000 0.005649 4.124421	2.000000	1.723904	0.276096	8.730540	1.532089	1.329000	0.203089	6.503350	-1.285575	-1.098000	-0.187575	5.861604	-7389.543333
748089569433.000000 0.005779 4.130200	2.000000	1.723904	0.276096	8.737130	1.532089	1.329000	0.203089	6.508198	-1.285575	-1.098000	-0.187575	5.866081	-7389.543333
748089583650.000000 0.006843 4.137041	2.000000	1.723904	0.276096	8.744947	1.532089	1.329000	0.203089	6.513947	-1.285575	-1.098000	-0.187575	5.871392	-7389.543333
748089595497.000000 0.005703 4.142741	2.000000	1.723904	0.276096	8.751469	1.532089	1.329000	0.203089	6.518745	-1.285575	-1.098000	-0.187575	5.875823	-7389.543333
748089607807.000000 0.005925 4.148664	2.000000	1.723904	0.276096	8.758256	1.532089	1.329000	0.203089	6.523737	-1.285575	-1.098000	-0.187575	5.880434	-7389.543333
748089619704.000000 0.005726 4.154389	2.000000	1.723904	0.276096	8.764824	1.532089	1.329000	0.203089	6.528568	-1.285575	-1.098000	-0.187575	5.884896	-7389.543333
748089632857.000000 0.006331 4.160719	2.000000	1.723904	0.276096	8.772096	1.532089	1.329000	0.203089	6.533918	-1.285575	-1.098000	-0.187575	5.889837	-7389.543333
748089645856.000000 0.006256 4.166973	2.000000	1.723904	0.276096	8.779294	1.532089	1.329000	0.203089	6.539212	-1.285575	-1.098000	-0.187575	5.894727	-7389.543333
748089657823.000000 0.005760 4.172731	2.000000	1.723904	0.276096	8.785930	1.532089	1.329000	0.203089	6.544093	-1.285575	-1.098000	-0.187575	5.899235	-7389.543333
748089670765.000000 0.006230 4.178960	2.000000	1.766408	0.233592	8.792011	1.532089	1.361000	0.171089	6.548547	-1.285575	-1.126000	-0.159575	5.903389	-8643.067680
748089685015.000000 0.006859 4.185818	2.000000	1.766408	0.233592	8.798718	1.532089	1.361000	0.171089	6.553460	-1.285575	-1.126000	-0.159575	5.907971	-8643.067680
748089697490.000000 0.006005 4.191819	2.000000	1.766408	0.233592	8.804598	1.532089	1.361000	0.171089	6.557766	-1.285575	-1.126000	-0.159575	5.911988	-8643.067680
748089709262.000000 0.005667 4.197484	2.000000	1.766408	0.233592	8.810154	1.532089	1.361000	0.171089	6.561835	-1.285575	-1.126000	-0.159575	5.915783	-8643.067680
748089721351.000000 0.005819 4.203301	2.000000	1.766408	0.233592	8.815867	1.532089	1.361000	0.171089	6.566020	-1.285575	-1.126000	-0.159575	5.919686	-8643.067680
748089736719.000000 0.007396 4.210696	2.000000	1.766408	0.233592	8.823142	1.532089	1.361000	0.171089	6.571348	-1.285575	-1.126000	-0.159575	5.924656	-8643.067680
748089749597.000000 0.006198 4.216893	2.000000	1.766408	0.233592	8.829247	1.532089	1.361000	0.171089	6.575820	-1.285575	-1.126000	-0.159575	5.928827	-8643.067680
748089761433.000000 0.005697 4.222588	2.000000	1.766408	0.233592	8.834866	1.532089	1.361000	0.171089	6.579936	-1.285575	-1.126000	-0.159575	5.932665	-8643.067680
748089773191.000000 0.005659 4.228245	2.000000	1.766408	0.233592	8.840455	1.532089	1.361000	0.171089	6.584029	-1.285575	-1.126000	-0.159575	5.936483	-8643.067680
748089785165.000000 0.005763 4.234008	2.000000	1.766408	0.233592	8.846155	1.532089	1.361000	0.171089	6.588204	-1.285575	-1.126000	-0.159575	5.940377	-8643.067680
748089797870.000000 0.006115 4.240121	2.000000	1.766408	0.233592	8.852212	1.532089	1.361000	0.171089	6.592640	-1.285575	-1.126000	-0.159575	5.944515	-8643.067680
748089812235.000000 0.006914 4.247034	2.000000	1.766408	0.233592	8.859071	1.532089	1.361000	0.171089	6.597664	-1.285575	-1.126000	-0.159575	5.949200	-8643.067680
748089826284.000000 0.006762 4.253794	2.000000	1.766408	0.233592	8.865790	1.532089	1.361000	0.171089	6.602585	-1.285575	-1.126000	-0.159575	5.953790	-8643.067680
748089842461.000000 0.007786 4.261580	2.000000	1.766408	0.233592	8.873541	1.532089	1.361000	0.171089	6.608262	-1.285575	-1.126000	-0.159575	5.959085	-8643.067680
748089856952.000000 0.006974 4.268552	2.000000	1.766408	0.233592	8.880495	1.532089	1.361000	0.171089	6.613355	-1.285575	-1.126000	-0.159575	5.963836	-8643.067680
748089870271.000000 0.006410 4.274960	2.000000	1.805327	0.194673	8.885830	1.532089	1.390000	0.142089	6.617249	-1.285575	-1.152000	-0.133575	5.967496	-9789.836899
748089882289.000000 0.005784 4.280743	2.000000	1.805327	0.194673	8.890650	1.532089	1.390000	0.142089	6.620767	-1.285575	-1.152000	-0.133575	5.970804	-9789.836899
748089895749.000000 0.006478 4.287220	2.000000	1.805327	0.194673	8.896057	1.532089	1.390000	0.142089	6.624714	-1.285575	-1.152000	-0.133575	5.974514	-9789.836899
748089907574.000000 0.005692 4.292911	2.000000	1.805327	0.194673	8.900814	1.532089	1.390000	0.142089	6.628186	-1.285575	-1.152000	-0.133575	5.977778	-9789.836899
748089920028.000000 0.005994 4.298902	2.000000	1.805327	0.194673	8.905830	1.532089	1.390000	0.142089	6.631847	-1.285575	-1.152000	-0.133575	5.981219	-9789.836899
748089931793.000000 0.005662 4.304563	2.000000	1.805327	0.194673	8.910575	1.532089	1.390000	0.142089	6.635310	-1.285575	-1.152000	-0.133575	5.984475	-9789.836899
748089944273.000000 0.006007 4.310569	2.000000	1.805327	0.194673	8.915615	1.532089	1.390000	0.142089	6.638989	-1.285575	-1.152000	-0.133575	5.987934	-9789.836899
748089956043.000000 0.005665 4.316233	2.000000	1.805327	0.194673	8.920375	1.532089	1.390000	0.142089	6.642463	-1.285575	-1.152000	-0.133575	5.991200	-9789.836899
748089969561.000000 0.006507 4.322738	2.000000	1.805327	0.194673	8.925851	1.532089	1.390000	0.142089	6.646460	-1.285575	-1.152000	-0.133575	5.994957	-9789.836899
748089984061.000000 0.006979 4.329715	2.000000	1.805327	0.194673	8.931733	1.532089	1.390000	0.142089	6.650753	-1.285575	-1.152000	-0.133575	5.998993	-9789.836899
748089997872.000000 0.006648 4.336361	2.000000	1.805327	0.194673	8.937345	1.532089	1.390000	0.142089	6.654849	-1.285575	-1.152000	-0.133575	6.002843	-9789.836899
748090011308.000000 0.006466 4.342826	2.000000	1.805327	0.194673	8.942812	1.532089	1.390000	0.142089	6.658839	-1.285575	-1.152000	-0.133575	6.006594	-9789.836899
748090024663.000000 0.006428 4.349254	2.000000	1.805327	0.194673	8.948254	1.532089	1.390000	0.142089	6.662812	-1.285575	-1.152000	-0.133575	6.010329	-9789.836899
748090037193.000000 0.006031 4.355282	2.000000	1.805327	0.194673	8.953368	1.532089	1.390000	0.142089	6.666544	-1.285575	-1.152000	-0.133575	6.013838	-9789.836899
748090050169.000000 0.006245 4.361526	2.000000	1.805327	0.194673	8.958671	1.532089	1.390000	0.142089	6.670415	-1.285575	-1.152000	-0.133575	6.017476	-9789.836899
748090061506.000000 0.005457 4.366982	2.000000	1.805327	0.194673	8.963310	1.532089	1.390000	0.142089	6.673801	-1.285575	-1.152000	-0.133575	6.020660	-9789.836899
748090073076.000000 0.005569 4.372548	2.000000	1.805327	0.194673	8.968051	1.532089	1.390000	0.142089	6.677261	-1.285575	-1.152000	-0.133575	6.023912	-9789.836899
748090085351.000000 0.005908 4.378455	2.000000	1.842069	0.157931	8.972136	1.532089	1.417000	0.115089	6.680238	-1.285575	-1.177000	-0.108575	6.026721	-10871.806943
748090098474.000000 0.006317 4.384770	2.000000	1.842069	0.157931	8.976510	1.532089	1.417000	0.115089	6.683425	-1.285575	-1.177000	-0.108575	6.029728	-10871.806943
748090111478.000000 0.006259 4.391028	2.000000	1.842069	0.157931	8.980851	1.532089	1.417000	0.115089	6.686589	-1.285575	-1.177000	-0.108575	6.032712	-10871.806943
748090125283.000000 0.006644 4.397670	2.000000	1.842069	0.157931	8.985466	1.532089	1.417000	0.115089	6.689951	-1.285575	-1.177000	-0.108575	6.035885	-10871.806943
748090137258.000000 0.005764 4.403432	2.000000	1.842069	0.157931	8.989474	1.532089	1.417000	0.115089	6.692872	-1.285575	-1.177000	-0.108575	6.038640	-10871.806943
748090150609.000000 0.006426 4.409856	2.000000	1.842069	0.157931	8.993949	1.532089	1.417000	0.115089	6.696134	-1.285575	-1.177000	-0.108575	6.041717	-10871.806943
748090164363.000000 0.006620 4.416475	2.000000	1.842069	0.157931	8.998567	1.532089	1.417000	0.115089	6.699499	-1.285575	-1.177000	-0.108575	6.044891	-10871.806943
748090176387.000000 0.005788 4.422260	2.000000	1.842069	0.157931	9.002609	1.532089	1.417000	0.115089	6.702444	-1.285575	-1.177000	-0.108575	6.047670	-10871.806943
748090188668.000000 0.005911 4.428171	2.000000	1.842069	0.157931	9.006743	1.532089	1.417000	0.115089	6.705457	-1.285575	-1.177000	-0.108575	6.050512	-10871.806943
748090202257.000000 0.006541 4.434709	2.000000	1.842069	0.157931	9.011324	1.532089	1.417000	0.115089	6.708795	-1.285575	-1.177000	-0.108575	6.053662	-10871.806943
748090214261.000000 0.005778 4.440486	2.000000	1.842069	0.157931	9.015376	1.532089	1.417000	0.115089	6.711748	-1.285575	-1.177000	-0.108575	6.056448	-10871.806943
748090226133.000000 0.005714 4.446198	2.000000	1.842069	0.157931	9.019388	1.532089	1.417000	0.115089	6.714672	-1.285575	-1.177000	-0.108575	6.059206	-10871.806943
748090238147.000000 0.005782 4.451978	2.000000	1.842069	0.157931	9.023454	1.532089	1.417000	0.115089	6.717635	-1.285575	-1.177000	-0.108575	6.062001	-10871.806943
748090250468.000000 0.005931 4.457908	2.000000	1.842069	0.157931	9.027630	1.532089	1.417000	0.115089	6.720678	-1.285575	-1.177000	-0.108575	6.064872	-10871.806943
748090263281.000000 0.006167 4.464073	2.000000	1.842069	0.157931	9.031978	1.532089	1.417000	0.115089	6.723846	-1.285575	-1.177000	-0.108575	6.067861	-10871.806943
748090275223.000000 0.005748 4.469819	2.000000	1.842069	0.157931	9.036035	1.532089	1.417000	0.115089	6.726803	-1.285575	-1.177000	-0.108575	6.070651	-10871.806943
748090287446.000000 0.005883 4.475701	2.000000	1.875357	0.124643	9.039317	1.532089	1.442000	0.090089	6.729175	-1.285575	-1.199000	-0.086575	6.072930	-11850.930891
748090300642.000000 0.006352 4.482052	2.000000	1.875357	0.124643	9.042866	1.532089	1.442000	0.090089	6.731740	-1.285575	-1.199000	-0.086575	6.075395	-11850.930891
748090314529.000000 0.006684 4.488734	2.000000	1.875357	0.124643	9.046605	1.532089	1.442000	0.090089	6.734443	-1.285575	-1.199000	-0.086575	6.077992	-11850.930891
748090326750.000000 0.005882 4.494614	2.000000	1.875357	0.124643	9.049901	1.532089	1.442000	0.090089	6.736825	-1.285575	-1.199000	-0.086575	6.080281	-11850.930891
748090339426.000000 0.006101 4.500714	2.000000	1.875357	0.124643	9.053323	1.532089	1.442000	0.090089	6.739298	-1.285575	-1.199000	-0.086575	6.082659	-11850.930891
748090351805.000000 0.005959 4.506671	2.000000	1.875357	0.124643	9.056670	1.532089	1.442000	0.090089	6.741718	-1.285575	-1.199000	-0.086575	6.084983	-11850.930891
748090364185.000000 0.005959 4.512628	2.000000	1.875357	0.124643	9.060022	1.532089	1.442000	0.090089	6.744140	-1.285575	-1.199000	-0.086575	6.087311	-11850.930891
748090377491.000000 0.006404 4.519029	2.000000	1.875357	0.124643	9.063629	1.532089	1.442000	0.090089	6.746747	-1.285575	-1.199000	-0.086575	6.089817	-11850.930891
748090389086.000000 0.005581 4.524609	2.000000	1.875357	0.124643	9.066776	1.532089	1.442000	0.090089	6.749022	-1.285575	-1.199000	-0.086575	6.092003	-11850.930891
748090400559.000000 0.005522 4.530130	2.000000	1.875357	0.124643	9.069894	1.532089	1.442000	0.090089	6.751275	-1.285575	-1.199000	-0.086575	6.094168	-11850.930891
748090412208.000000 0.005606 4.535735	2.000000	1.875357	0.124643	9.073064	1.532089	1.442000	0.090089	6.753566	-1.285575	-1.199000	-0.086575	6.096370	-11850.930891
748090424184.000000 0.005764 4.541498	2.000000	1.875357	0.124643	9.076326	1.532089	1.442000	0.090089	6.755925	-1.285575	-1.199000	-0.086575	6.098636	-11850.930891
748090436029.000000 0.005701 4.547197	2.000000	1.875357	0.124643	9.079558	1.532089	1.442000	0.090089	6.758260	-1.285575	-1.199000	-0.086575	6.100881	-11850.930891
748090447740.000000 0.005637 4.552833	2.000000	1.875357	0.124643	9.082756	1.532089	1.442000	0.090089	6.760572	-1.285575	-1.199000	-0.086575	6.103102	-11850.930891
748090460372.000000 0.006080 4.558912	2.000000	1.875357	0.124643	9.086211	1.532089	1.442000	0.090089	6.763069	-1.285575	-1.199000	-0.086575	6.105502	-11850.930891
748090472562.000000 0.005869 4.564779	2.000000	1.875357	0.124643	9.089550	1.532089	1.442000	0.090089	6.765482	-1.285575	-1.199000	-0.086575	6.107821	-11850.930891
748090487213.000000 0.007051 4.571828	2.000000	1.875357	0.124643	9.093568	1.532089	1.442000	0.090089	6.768387	-1.285575	-1.199000	-0.086575	6.110612	-11850.930891
