748080986176.000000 0.000002 0.000005 0.007146 -0.000005 0.000000 -40.000000 -0.000005 -40.000000 0.000000 -2248628.054379
748081023260.000000 0.017847 0.017853 0.025126 -0.020090 0.000000 -40.000000 -0.020090 -40.000000 0.000006 -21007.842730
748081057506.000000 0.016481 0.034331 0.041368 -0.058712 0.000000 -40.000000 -0.058712 -40.000000 0.000040 -22886.587270
748081091299.000000 0.016263 0.050591 0.057799 -0.115627 0.000000 -40.000000 -0.115627 -40.000000 0.000135 -24939.598706
748081131645.000000 0.019416 0.070005 0.079359 -0.194383 0.000000 -40.000000 -0.194383 -40.000000 0.000399 -27315.810462
748081173779.000000 0.020277 0.090280 0.099864 -0.295948 0.000000 -40.000000 -0.295948 -40.000000 0.000941 -30638.181949
748081217309.000000 0.020949 0.111227 0.120148 -0.421078 0.000000 -40.000000 -0.421078 -40.000000 0.001922 -34600.504890
748081255454.000000 0.018357 0.129582 0.137230 -0.566857 0.000000 -40.000000 -0.566857 -40.000000 0.003270 -39666.859687
748081292510.000000 0.017833 0.147413 0.154495 -0.732696 0.000000 -40.000000 -0.732696 -40.000000 0.005196 -44876.132645
748081329404.000000 0.017755 0.165166 0.172284 -0.918508 0.000000 -40.000000 -0.918508 -40.000000 0.007890 -50643.193812
748081386735.000000 0.027590 0.192752 0.200904 -1.135354 0.000000 -40.000000 -1.135354 -40.000000 0.013928 -55604.305473
748081426996.000000 0.019376 0.212127 0.219880 -1.373997 0.000000 -40.000000 -1.373997 -40.000000 0.019575 -64873.716084
748081462567.000000 0.017118 0.229243 0.237746 -1.631895 0.000000 -40.000000 -1.631895 -40.000000 0.025979 -73151.621629
748081503485.000000 0.019692 0.248933 0.257581 -1.911945 0.000000 -40.000000 -1.911945 -40.000000 0.035351 -80467.436320
748081543207.000000 0.019116 0.268046 0.275747 -2.213496 -0.966809 -40.000000 -1.246687 -40.000000 0.041739 -90042.103478
748081582972.000000 0.019137 0.287180 0.294976 -2.544576 -0.966809 -40.055307 -1.577767 -39.033191 0.050410 -80459.818679
748081620894.000000 0.018250 0.305427 0.313652 -2.896692 -0.966809 -40.055307 -1.929883 -39.033191 0.061167 -82116.455585
748081657676.000000 0.017702 0.323129 0.330233 -3.269216 -0.966809 -40.055307 -2.302407 -39.033191 0.074337 -83285.542383
748081692417.000000 0.016719 0.339844 0.347070 -3.661010 -0.966809 -40.055307 -2.694201 -39.033191 0.089645 -84251.625182
748081726838.000000 0.016565 0.356407 0.365282 -4.071900 -0.966809 -40.055307 -3.105091 -39.033191 0.107978 -85264.792301
748081773691.000000 0.022548 0.378954 0.388440 -4.532644 -2.988319 -40.166303 -1.544325 -37.011681 0.121173 -79208.801685
748081823313.000000 0.023880 0.402831 0.410234 -5.022419 -2.988319 -40.166303 -2.034100 -37.011681 0.140740 -80416.484522
748081858615.000000 0.016989 0.419817 0.427904 -5.532846 -2.988319 -40.166303 -2.544528 -37.011681 0.158889 -81675.091389
748081898201.000000 0.019051 0.438867 0.446383 -6.066435 -2.988319 -40.166303 -3.078117 -37.011681 0.184624 -82990.809627
748081932587.000000 0.016548 0.455412 0.463664 -6.620140 -2.988319 -40.166303 -3.631821 -37.011681 0.211994 -84356.127582
748081969142.000000 0.017592 0.473002 0.481234 -7.245742 -5.976637 -40.311762 -1.269104 -34.023363 0.222555 -76232.943428
748082003899.000000 0.016727 0.489728 0.492916 -7.893466 -5.976637 -40.311762 -1.916829 -34.023363 0.238257 -77830.094705
748082018379.000000 0.006970 0.496694 0.500467 -8.550404 -5.976637 -40.311762 -2.573767 -34.023363 0.247167 -79449.966498
748082034728.000000 0.007869 0.504561 0.507999 -9.217747 -5.976637 -40.311762 -3.241110 -34.023363 0.260036 -81095.493424
748082051553.000000 0.008098 0.512658 0.516512 -9.895799 -5.976637 -40.311762 -3.919162 -34.023363 0.276307 -82767.427184
748082070535.000000 0.009136 0.521791 0.525798 -10.585930 -5.976637 -40.311762 -4.609293 -34.023363 0.298280 -84469.146509
748082087889.000000 0.008353 0.530142 0.534364 -11.287107 -5.976637 -40.311762 -5.310469 -34.023363 0.321795 -86198.099696
748082105763.000000 0.008602 0.538742 0.542315 -11.999658 -5.976637 -40.311762 -6.023021 -34.023363 0.349708 -87955.101218
748082122249.000000 0.007935 0.546677 0.549905 -12.722704 -5.976637 -40.311762 -6.746067 -34.023363 0.378972 -89737.980715
748082137446.000000 0.007315 0.553988 0.557174 -13.455419 -5.976637 -40.311762 -7.478782 -34.023363 0.409278 -91544.702788
748082153158.000000 0.007562 0.561549 0.564879 -14.198135 -5.976637 -40.311762 -8.221498 -34.023363 0.444192 -93376.083480
748082167802.000000 0.007048 0.568595 0.571759 -14.950170 -5.976637 -40.311762 -8.973533 -34.023363 0.480153 -95230.443626
748082183408.000000 0.007512 0.576106 0.579959 -15.812367 -9.931765 -40.514776 -5.880602 -30.068235 0.505602 -85217.450451
748082200983.000000 0.008458 0.584561 0.587889 -16.687219 -9.931765 -40.514776 -6.755454 -30.068235 0.539004 -87374.650936
748082215926.000000 0.007192 0.591752 0.595073 -17.572832 -9.931765 -40.514776 -7.641068 -30.068235 0.571523 -89558.388052
748082230998.000000 0.007254 0.599005 0.602144 -18.469300 -9.931765 -40.514776 -8.537535 -30.068235 0.608623 -91768.889093
748082245691.000000 0.007072 0.606074 0.609386 -19.376348 -9.931765 -40.514776 -9.444583 -30.068235 0.649101 -94005.477505
748082261808.000000 0.007758 0.613831 0.617078 -20.295004 -9.931765 -40.514776 -10.363239 -30.068235 0.698450 -96270.690816
748082276447.000000 0.007046 0.620874 0.624236 -21.224202 -9.931765 -40.514776 -11.292437 -30.068235 0.747852 -98561.897383
748082291380.000000 0.007188 0.628060 0.631257 -22.164154 -9.931765 -40.514776 -12.232389 -30.068235 0.803072 -100879.621047
748082306177.000000 0.007122 0.635180 0.638499 -23.114761 -9.931765 -40.514776 -13.182997 -30.068235 0.862709 -103223.620310
748082321680.000000 0.007462 0.642639 0.646085 -24.076532 -9.931765 -40.514776 -14.144768 -30.068235 0.930537 -105595.145290
748082337621.000000 0.007673 0.650311 0.654487 -25.049785 -9.931765 -40.514776 -15.118020 -30.068235 1.005970 -107994.980865
748082356022.000000 0.008856 0.659165 0.662778 -26.036288 -9.931765 -40.514776 -16.104523 -30.068235 1.099979 -110427.490021
748082373161.000000 0.008249 0.667412 0.671190 -27.035134 -9.931765 -40.514776 -17.103369 -30.068235 1.194142 -112890.435331
748082390778.000000 0.008479 0.675889 0.679342 -28.203809 -13.974784 -40.732692 -14.229025 -26.025216 1.275683 -104733.042076
748082409536.000000 0.009028 0.684916 0.689465 -29.388091 -13.974784 -40.732692 -15.413307 -26.025216 1.370991 -107653.233056
748082427306.000000 0.008553 0.693466 0.696739 -30.587159 -13.974784 -40.732692 -16.612374 -26.025216 1.469520 -110609.880954
748082441989.000000 0.007067 0.700532 0.703596 -31.798443 -13.974784 -40.732692 -17.823658 -26.025216 1.557762 -113596.652484
748082456947.000000 0.007200 0.707730 0.712126 -33.022174 -13.974784 -40.732692 -19.047389 -26.025216 1.654822 -116614.115939
748082475379.000000 0.008871 0.716598 0.721362 -34.261238 -13.974784 -40.732692 -20.286454 -26.025216 1.783778 -119669.388317
748082495147.000000 0.009515 0.726112 0.729690 -35.516752 -13.974784 -40.732692 -21.541968 -26.025216 1.932605 -122765.222863
748082512119.000000 0.008169 0.734278 0.738077 -36.786387 -13.974784 -40.732692 -22.811603 -26.025216 2.069431 -125895.875101
748082530976.000000 0.009075 0.743351 0.747232 -38.071710 -13.974784 -40.732692 -24.096925 -26.025216 2.231992 -129065.210242
748082548900.000000 0.008627 0.751977 0.755689 -39.371948 -13.974784 -40.732692 -25.397164 -26.025216 2.396757 -132271.324403
748082565757.000000 0.008114 0.760089 0.764362 -40.000000 -13.974784 -40.732692 -26.025216 -26.025216 2.557261 -133819.969288
748082584438.000000 0.008992 0.769077 0.772987 -40.000000 -13.974784 -40.732692 -26.025216 -26.025216 2.737230 -133819.969288
748082601913.000000 0.008411 0.777486 0.782280 -40.000000 -17.929912 -40.989241 -22.070088 -22.070088 2.881552 -125524.787733
748082622487.000000 0.009902 0.787387 0.791781 -40.000000 -17.929912 -40.989241 -22.070088 -22.070088 3.053634 -125524.787733
748082648674.000000 0.012603 0.799988 0.806748 -40.000000 -17.929912 -40.989241 -22.070088 -22.070088 3.276148 -125524.787733
748082684737.000000 0.017356 0.817341 0.823674 -40.000000 -17.929912 -40.989241 -22.070088 -22.070088 3.589223 -125524.787733
748082706587.000000 0.010516 0.827855 0.832562 -40.000000 -17.929912 -40.989241 -22.070088 -22.070088 3.781367 -125524.787733
748082727888.000000 0.010252 0.838104 0.842554 -40.000000 -17.929912 -40.989241 -22.070088 -22.070088 3.970994 -125524.787733
748082747678.000000 0.009525 0.847627 0.851917 -40.000000 -17.929912 -40.989241 -22.070088 -22.070088 4.149175 -125524.787733
748082766663.000000 0.009138 0.856764 0.861199 -40.000000 -17.929912 -40.989241 -22.070088 -22.070088 4.321961 -125524.787733
748082786029.000000 0.009321 0.866081 0.870374 -40.000000 -17.929912 -40.989241 -22.070088 -22.070088 4.500130 -125524.787733
748082805454.000000 0.009349 0.875428 0.880428 -40.000000 -21.972931 -41.244599 -18.027069 -18.027069 4.647672 -112910.835136
748082826824.000000 0.010285 0.885713 0.890600 -40.000000 -21.972931 -41.244599 -18.027069 -18.027069 4.811898 -112910.835136
748082847758.000000 0.010075 0.895785 0.900430 -40.000000 -21.972931 -41.244599 -18.027069 -18.027069 4.974596 -112910.835136
748082868280.000000 0.009878 0.905660 0.910421 -40.000000 -21.972931 -41.244599 -18.027069 -18.027069 5.135867 -112910.835136
748082888398.000000 0.009682 0.915340 0.919885 -40.000000 -21.972931 -41.244599 -18.027069 -18.027069 5.295630 -112910.835136
748082908614.000000 0.009730 0.925069 0.929411 -40.000000 -21.972931 -41.244599 -18.027069 -18.027069 5.457893 -112910.835136
748082929302.000000 0.009957 0.935024 0.939382 -40.000000 -21.972931 -41.244599 -18.027069 -18.027069 5.625731 -112910.835136
748082951806.000000 0.010831 0.945851 0.950252 -40.000000 -21.972931 -41.244599 -18.027069 -18.027069 5.810404 -112910.835136
748082971940.000000 0.009690 0.955540 0.960556 -40.000000 -21.972931 -41.244599 -18.027069 -18.027069 5.977324 -112910.835136
748082992347.000000 0.009821 0.965359 0.969085 -40.000000 -21.972931 -41.244599 -18.027069 -18.027069 6.148237 -112910.835136
748083009488.000000 0.008250 0.973608 0.977934 -40.000000 -25.928059 -41.477328 -14.071941 -14.071941 6.261267 -102450.801201
748083028962.000000 0.009373 0.982979 0.986546 -40.000000 -25.928059 -41.477328 -14.071941 -14.071941 6.390913 -102450.801201
748083044269.000000 0.007368 0.990343 0.993571 -40.000000 -25.928059 -41.477328 -14.071941 -14.071941 6.493588 -102450.801201
748083058930.000000 0.007056 0.997398 1.000755 -40.000000 -25.928059 -41.477328 -14.071941 -14.071941 6.592624 -102450.801201
748083073590.000000 0.007056 1.004452 1.008021 -40.000000 -25.928059 -41.477328 -14.071941 -14.071941 6.692360 -102450.801201
748083089226.000000 0.007526 1.011976 1.015186 -40.000000 -25.928059 -41.477328 -14.071941 -14.071941 6.799532 -102450.801201
748083103957.000000 0.007090 1.019064 1.022390 -40.000000 -25.928059 -41.477328 -14.071941 -14.071941 6.901202 -102450.801201
748083118633.000000 0.007064 1.026127 1.029399 -40.000000 -25.928059 -41.477328 -14.071941 -14.071941 7.003202 -102450.801201
748083133035.000000 0.006932 1.033057 1.035994 -40.000000 -25.928059 -41.477328 -14.071941 -14.071941 7.103974 -102450.801201
748083146124.000000 0.006300 1.039355 1.042188 -40.000000 -25.928059 -41.477328 -14.071941 -14.071941 7.196113 -102450.801201
748083160122.000000 0.006738 1.046091 1.049067 -40.000000 -25.928059 -41.477328 -14.071941 -14.071941 7.295295 -102450.801201
748083173217.000000 0.006303 1.052392 1.055326 -40.000000 -25.928059 -41.477328 -14.071941 -14.071941 7.388639 -102450.801201
748083187113.000000 0.006688 1.059078 1.062005 -40.000000 -25.928059 -41.477328 -14.071941 -14.071941 7.488314 -102450.801201
748083200421.000000 0.006405 1.065482 1.068366 -40.000000 -25.928059 -41.477328 -14.071941 -14.071941 7.584348 -102450.801201
748083213229.000000 0.006165 1.071645 1.074651 -40.000000 -25.928059 -41.477328 -14.071941 -14.071941 7.677311 -102450.801201
748083227948.000000 0.007085 1.078729 1.082190 -40.000000 -30.937887 -41.685408 -9.062113 -9.062113 7.746571 -89268.068202
748083244771.000000 0.008097 1.086824 1.090711 -40.000000 -30.937887 -41.685408 -9.062113 -9.062113 7.826318 -89268.068202
748083261221.000000 0.007917 1.094739 1.098570 -40.000000 -30.937887 -41.685408 -9.062113 -9.062113 7.904860 -89268.068202
748083278158.000000 0.008152 1.102890 1.106559 -40.000000 -30.937887 -41.685408 -9.062113 -9.062113 7.986334 -89268.068202
748083295009.000000 0.008110 1.110998 1.114992 -40.000000 -30.937887 -41.685408 -9.062113 -9.062113 8.067991 -89268.068202
748083312496.000000 0.008417 1.119413 1.122907 -40.000000 -30.937887 -41.685408 -9.062113 -9.062113 8.153370 -89268.068202
748083327378.000000 0.007163 1.126574 1.129733 -40.000000 -30.937887 -41.685408 -9.062113 -9.062113 8.226498 -89268.068202
748083341253.000000 0.006678 1.133250 1.136192 -40.000000 -30.937887 -41.685408 -9.062113 -9.062113 8.295084 -89268.068202
748083354957.000000 0.006596 1.139845 1.143233 -40.000000 -30.937887 -41.685408 -9.062113 -9.062113 8.363218 -89268.068202
748083368894.000000 0.006708 1.146550 1.149449 -40.000000 -30.937887 -41.685408 -9.062113 -9.062113 8.432914 -89268.068202
748083382206.000000 0.006408 1.152957 1.156421 -40.000000 -30.937887 -41.685408 -9.062113 -9.062113 8.499866 -89268.068202
748083397596.000000 0.007408 1.160362 1.163268 -40.000000 -30.937887 -41.685408 -9.062113 -9.062113 8.577763 -89268.068202
748083411922.000000 0.006895 1.167256 1.170640 -40.000000 -30.937887 -41.685408 -9.062113 -9.062113 8.650702 -89268.068202
748083426070.000000 0.006809 1.174063 1.177607 -40.000000 -34.980906 -41.874184 -5.019094 -5.019094 8.690828 -78415.071881
748083442284.000000 0.007804 1.181866 1.185072 -40.000000 -34.980906 -41.874184 -5.019094 -5.019094 8.737120 -78415.071881
748083456028.000000 0.006615 1.188479 1.191657 -40.000000 -34.980906 -41.874184 -5.019094 -5.019094 8.776582 -78415.071881
748083470157.000000 0.006801 1.195278 1.198176 -40.000000 -34.980906 -41.874184 -5.019094 -5.019094 8.817381 -78415.071881
748083483047.000000 0.006204 1.201479 1.204416 -40.000000 -34.980906 -41.874184 -5.019094 -5.019094 8.854790 -78415.071881
748083496783.000000 0.006612 1.208090 1.211147 -40.000000 -34.980906 -41.874184 -5.019094 -5.019094 8.894879 -78415.071881
748083510030.000000 0.006376 1.214464 1.217422 -40.000000 -34.980906 -41.874184 -5.019094 -5.019094 8.933746 -78415.071881
748083523073.000000 0.006278 1.220740 1.224300 -40.000000 -34.980906 -41.874184 -5.019094 -5.019094 8.972212 -78415.071881
748083539013.000000 0.007672 1.228411 1.231764 -40.000000 -34.980906 -41.874184 -5.019094 -5.019094 9.019515 -78415.071881
748083555078.000000 0.007732 1.236141 1.239497 -40.000000 -34.980906 -41.874184 -5.019094 -5.019094 9.067488 -78415.071881
748083570869.000000 0.007600 1.243740 1.247430 -40.000000 -34.980906 -41.874184 -5.019094 -5.019094 9.114933 -78415.071881
748083586991.000000 0.007760 1.251497 1.255007 -40.000000 -34.980906 -41.874184 -5.019094 -5.019094 9.163675 -78415.071881
748083604996.000000 0.008666 1.260163 1.264224 -40.000000 -34.980906 -41.874184 -5.019094 -5.019094 9.218488 -78415.071881
748083620735.000000 0.007575 1.267734 1.270675 -40.000000 -34.980906 -41.874184 -5.019094 -5.019094 9.266686 -78415.071881
748083633979.000000 0.006374 1.274107 1.277174 -40.000000 -37.969225 -41.996485 -2.030775 -2.030775 9.283179 -72102.380470
748083648543.000000 0.007010 1.281116 1.284412 -40.000000 -37.969225 -41.996485 -2.030775 -2.030775 9.301417 -72102.380470
748083662802.000000 0.006863 1.287977 1.290843 -40.000000 -37.969225 -41.996485 -2.030775 -2.030775 9.319367 -72102.380470
748083675439.000000 0.006083 1.294057 1.296905 -40.000000 -37.969225 -41.996485 -2.030775 -2.030775 9.335352 -72102.380470
748083688272.000000 0.006177 1.300233 1.303039 -40.000000 -37.969225 -41.996485 -2.030775 -2.030775 9.351663 -72102.380470
748083701216.000000 0.006230 1.306460 1.309725 -40.000000 -37.969225 -41.996485 -2.030775 -2.030775 9.368192 -72102.380470
748083715114.000000 0.006689 1.313149 1.316022 -40.000000 -37.969225 -41.996485 -2.030775 -2.030775 9.386029 -72102.380470
748083728042.000000 0.006222 1.319369 1.322206 -40.000000 -37.969225 -41.996485 -2.030775 -2.030775 9.402701 -72102.380470
748083741137.000000 0.006303 1.325671 1.328521 -40.000000 -37.969225 -41.996485 -2.030775 -2.030775 9.419670 -72102.380470
748083754175.000000 0.006275 1.331944 1.334844 -40.000000 -37.969225 -41.996485 -2.030775 -2.030775 9.436644 -72102.380470
748083767846.000000 0.006580 1.338523 1.341447 -40.000000 -37.969225 -41.996485 -2.030775 -2.030775 9.454529 -72102.380470
748083781502.000000 0.006573 1.345094 1.348072 -40.000000 -37.969225 -41.996485 -2.030775 -2.030775 9.472484 -72102.380470
748083795004.000000 0.006499 1.351592 1.355277 -40.000000 -37.969225 -41.996485 -2.030775 -2.030775 9.490322 -72102.380470
748083810835.000000 0.007620 1.359209 1.362143 -40.000000 -37.969225 -41.996485 -2.030775 -2.030775 9.511356 -72102.380470
748083825040.000000 0.006837 1.366044 1.369491 -40.000000 -37.969225 -41.996485 -2.030775 -2.030775 9.530322 -72102.380470
