915004288824.000000 0.000003 0.000006 0.006862 -0.000006 0.000000 -40.000000 -0.000006 -40.000000 0.000000 -1877353.823682
915004323007.000000 0.016451 0.016456 0.023457 -0.018519 0.000000 -40.000000 -0.018519 -40.000000 0.000005 -20949.654772
915004357833.000000 0.016760 0.033214 0.039758 -0.055885 0.000000 -40.000000 -0.055885 -40.000000 0.000036 -22744.909585
915004393780.000000 0.017300 0.050512 0.057198 -0.112710 0.000000 -40.000000 -0.112710 -40.000000 0.000135 -24754.390150
915004426483.000000 0.015739 0.066248 0.073279 -0.187239 0.000000 -40.000000 -0.187239 -40.000000 0.000330 -27503.064882
915004459678.000000 0.015975 0.082221 0.089328 -0.279738 0.000000 -40.000000 -0.279738 -40.000000 0.000697 -30493.757961
915004492652.000000 0.015869 0.098088 0.104913 -0.390087 0.000000 -40.000000 -0.390087 -40.000000 0.001304 -34119.265836
915004524462.000000 0.015309 0.113394 0.120333 -0.517656 0.000000 -40.000000 -0.517656 -40.000000 0.002203 -38342.778286
915004559836.000000 0.017025 0.130417 0.136826 -0.664375 0.000000 -40.000000 -0.664375 -40.000000 0.003678 -42514.379451
915004593026.000000 0.015973 0.146387 0.154758 -0.829060 0.000000 -40.000000 -0.829060 -40.000000 0.005617 -48096.127847
915004628597.000000 0.017118 0.163503 0.169840 -1.013001 0.000000 -40.000000 -1.013001 -40.000000 0.008452 -53381.071891
915004663285.000000 0.016694 0.180195 0.188277 -1.215721 0.000000 -40.000000 -1.215721 -40.000000 0.012109 -59884.536108
915004701144.000000 0.018219 0.198413 0.205178 -1.438935 0.000000 -40.000000 -1.438935 -40.000000 0.017311 -66195.321665
915004733795.000000 0.015713 0.214123 0.220521 -1.679824 0.000000 -40.000000 -1.679824 -40.000000 0.022963 -74717.002630
915004768104.000000 0.016512 0.230632 0.237786 -1.939285 0.000000 -40.000000 -1.939285 -40.000000 0.030348 -81949.046186
915004801033.000000 0.015848 0.246479 0.254534 -2.223442 -0.966809 -40.055307 -1.256633 -39.033191 0.035256 -86335.868609
915004836292.000000 0.016968 0.263444 0.270319 -2.527158 -0.966809 -40.055307 -1.560349 -39.033191 0.042231 -79986.084607
915004870010.000000 0.016228 0.279670 0.287048 -2.849579 -0.966809 -40.055307 -1.882770 -39.033191 0.050776 -81959.294288
915004903488.000000 0.016111 0.295779 0.303571 -3.190572 -0.966809 -40.055307 -2.223763 -39.033191 0.061373 -83091.220949
915004937793.000000 0.016509 0.312285 0.318745 -3.550595 -0.966809 -40.055307 -2.583786 -39.033191 0.074694 -83978.961657
915004973501.000000 0.017185 0.329469 0.336674 -3.930428 -0.966809 -40.055307 -2.963619 -39.033191 0.091474 -84915.549900
915005007755.000000 0.016485 0.345951 0.354383 -4.351047 -2.988319 -40.166303 -1.362728 -37.011681 0.099245 -78761.423514
915005043568.000000 0.017235 0.363184 0.369836 -4.792617 -2.988319 -40.166303 -1.804299 -37.011681 0.110539 -79850.244184
915005075497.000000 0.015366 0.378549 0.384917 -5.252869 -2.988319 -40.166303 -2.264551 -37.011681 0.123712 -80985.128741
915005108504.000000 0.015885 0.394431 0.400989 -5.732431 -2.988319 -40.166303 -2.744113 -37.011681 0.140906 -82167.627986
915005141456.000000 0.015860 0.410288 0.417845 -6.231273 -2.988319 -40.166303 -3.242954 -37.011681 0.162008 -83397.665463
915005174937.000000 0.016113 0.426398 0.430525 -6.749701 -2.988319 -40.166303 -3.761382 -37.011681 0.187850 -84675.999981
915005193847.000000 0.009103 0.435498 0.440952 -7.279193 -2.988319 -40.166303 -4.290874 -37.011681 0.204860 -85981.617084
915005215461.000000 0.010403 0.445897 0.450487 -7.868946 -5.976637 -40.311762 -1.892309 -34.023363 0.213637 -77770.036655
915005236257.000000 0.010009 0.455904 0.459302 -8.471934 -5.976637 -40.311762 -2.495297 -34.023363 0.225024 -79256.877766
915005252177.000000 0.007662 0.463564 0.466712 -9.085054 -5.976637 -40.311762 -3.108417 -34.023363 0.236065 -80768.702344
915005266733.000000 0.007006 0.470569 0.473784 -9.707438 -5.976637 -40.311762 -3.730800 -34.023363 0.248365 -82303.369845
915005281417.000000 0.007068 0.477634 0.481308 -10.339167 -5.976637 -40.311762 -4.362529 -34.023363 0.263092 -83861.081142
915005298441.000000 0.008194 0.485827 0.489213 -10.981731 -5.976637 -40.311762 -5.005094 -34.023363 0.283017 -85445.509996
915005314711.000000 0.007831 0.493656 0.496853 -11.634650 -5.976637 -40.311762 -5.658013 -34.023363 0.304890 -87055.471576
915005329136.000000 0.006943 0.500596 0.503815 -12.296749 -5.976637 -40.311762 -6.320112 -34.023363 0.326856 -88688.067361
915005343927.000000 0.007119 0.507714 0.510974 -12.968262 -5.976637 -40.311762 -6.991625 -34.023363 0.352128 -90343.877997
915005358815.000000 0.007166 0.514878 0.518236 -13.649251 -5.976637 -40.311762 -7.672613 -34.023363 0.380437 -92023.052568
915005373654.000000 0.007143 0.522019 0.525990 -14.339683 -5.976637 -40.311762 -8.363046 -34.023363 0.411620 -93725.514178
915005392878.000000 0.009253 0.531269 0.535501 -15.042351 -5.976637 -40.311762 -9.065713 -34.023363 0.456184 -95458.144266
915005410154.000000 0.008315 0.539582 0.543106 -15.756012 -5.976637 -40.311762 -9.779375 -34.023363 0.500061 -97217.884240
915005427902.000000 0.008542 0.548122 0.552995 -16.576329 -9.931765 -40.514776 -6.644565 -30.068235 0.531171 -87101.221015
915005448033.000000 0.009689 0.557808 0.561138 -17.411143 -9.931765 -40.514776 -7.479378 -30.068235 0.571594 -89159.695783
915005463032.000000 0.007220 0.565027 0.568298 -18.256760 -9.931765 -40.514776 -8.324995 -30.068235 0.605555 -91244.810176
915005477896.000000 0.007155 0.572180 0.575512 -19.113082 -9.931765 -40.514776 -9.181318 -30.068235 0.643142 -93356.320917
915005494705.000000 0.008090 0.580267 0.584027 -19.981508 -9.931765 -40.514776 -10.049743 -30.068235 0.690320 -95497.676490
915005510759.000000 0.007727 0.587992 0.591395 -20.861495 -9.931765 -40.514776 -10.929730 -30.068235 0.739978 -97667.537988
915005526436.000000 0.007546 0.595536 0.598853 -21.752771 -9.931765 -40.514776 -11.821006 -30.068235 0.793101 -99865.237733
915005541951.000000 0.007468 0.603002 0.606347 -22.655221 -9.931765 -40.514776 -12.723456 -30.068235 0.850399 -102090.489832
915005557709.000000 0.007585 0.610584 0.613860 -23.569018 -9.931765 -40.514776 -13.637253 -30.068235 0.913553 -104343.722238
915005572734.000000 0.007232 0.617814 0.621066 -24.493636 -9.931765 -40.514776 -14.561871 -30.068235 0.978614 -106623.635109
915005587954.000000 0.007326 0.625138 0.629198 -25.429214 -9.931765 -40.514776 -15.497449 -30.068235 1.049585 -108930.574716
915005606815.000000 0.009078 0.634214 0.637460 -26.378376 -9.931765 -40.514776 -16.446611 -30.068235 1.144272 -111271.008297
915005621634.000000 0.007133 0.641344 0.644622 -27.338208 -9.931765 -40.514776 -17.406444 -30.068235 1.223898 -113637.752990
915005638238.000000 0.007992 0.649334 0.653927 -28.460967 -13.974784 -40.732692 -14.486182 -26.025216 1.299070 -105366.736131
915005657216.000000 0.009134 0.658466 0.662016 -29.599516 -13.974784 -40.732692 -15.624731 -26.025216 1.393049 -108174.158906
915005673071.000000 0.007631 0.666095 0.669394 -30.751256 -13.974784 -40.732692 -16.776472 -26.025216 1.478326 -111014.107736
915005688596.000000 0.007473 0.673566 0.676917 -31.915914 -13.974784 -40.732692 -17.941130 -26.025216 1.568632 -113885.909696
915005706292.000000 0.008517 0.682082 0.686100 -33.095296 -13.974784 -40.732692 -19.120512 -26.025216 1.679710 -116794.018808
915005722740.000000 0.007917 0.689995 0.694662 -34.288362 -13.974784 -40.732692 -20.313578 -26.025216 1.790671 -119735.868521
915005740604.000000 0.008598 0.698592 0.701871 -35.496291 -13.974784 -40.732692 -21.521507 -26.025216 1.919939 -122714.368003
915005755511.000000 0.007175 0.705765 0.709121 -36.716623 -13.974784 -40.732692 -22.741839 -26.025216 2.035101 -125723.450675
915005770567.000000 0.007247 0.713009 0.716354 -37.949483 -13.974784 -40.732692 -23.974698 -26.025216 2.158978 -128763.422225
915005785493.000000 0.007184 0.720191 0.723772 -39.194760 -13.974784 -40.732692 -25.219975 -26.025216 2.289466 -131834.013894
915005801102.000000 0.007513 0.727702 0.732285 -40.000000 -13.974784 -40.732692 -26.025216 -26.025216 2.431749 -133819.567292
915005819749.000000 0.008975 0.736676 0.741678 -40.000000 -13.974784 -40.732692 -26.025216 -26.025216 2.603823 -133819.567292
915005842857.000000 0.011122 0.747796 0.753015 -40.000000 -17.929912 -40.989241 -22.070088 -22.070088 2.787376 -125323.152293
915005864256.000000 0.010299 0.758098 0.764015 -40.000000 -17.929912 -40.989241 -22.070088 -22.070088 2.959691 -125323.152293
915005890511.000000 0.012636 0.770726 0.774980 -40.000000 -17.929912 -40.989241 -22.070088 -22.070088 3.174631 -125323.152293
915005907790.000000 0.008316 0.779041 0.783057 -40.000000 -17.929912 -40.989241 -22.070088 -22.070088 3.317620 -125323.152293
915005924307.000000 0.007950 0.786988 0.790293 -40.000000 -17.929912 -40.989241 -22.070088 -22.070088 3.455698 -125323.152293
915005939291.000000 0.007212 0.794198 0.797390 -40.000000 -17.929912 -40.989241 -22.070088 -22.070088 3.582112 -125323.152293
915005954246.000000 0.007198 0.801394 0.804731 -40.000000 -17.929912 -40.989241 -22.070088 -22.070088 3.709425 -125323.152293
915005969396.000000 0.007292 0.808684 0.812069 -40.000000 -17.929912 -40.989241 -22.070088 -22.070088 3.839570 -125323.152293
915005985004.000000 0.007512 0.816195 0.819401 -40.000000 -17.929912 -40.989241 -22.070088 -22.070088 3.974894 -125323.152293
915005999805.000000 0.007124 0.823316 0.826570 -40.000000 -17.929912 -40.989241 -22.070088 -22.070088 4.104343 -125323.152293
915006014722.000000 0.007180 0.830495 0.834169 -40.000000 -17.929912 -40.989241 -22.070088 -22.070088 4.235943 -125323.152293
915006030513.000000 0.007600 0.838094 0.841466 -40.000000 -17.929912 -40.989241 -22.070088 -22.070088 4.376527 -125323.152293
915006045626.000000 0.007276 0.845368 0.849767 -40.000000 -21.972931 -41.222238 -18.027069 -18.027069 4.487411 -113510.074524
915006066280.000000 0.009940 0.855304 0.859410 -40.000000 -21.972931 -41.222238 -18.027069 -18.027069 4.640679 -113510.074524
915006083153.000000 0.008121 0.863424 0.866759 -40.000000 -21.972931 -41.222238 -18.027069 -18.027069 4.767084 -113510.074524
915006098216.000000 0.007250 0.870671 0.873997 -40.000000 -21.972931 -41.222238 -18.027069 -18.027069 4.880879 -113510.074524
915006113340.000000 0.007279 0.877949 0.882706 -40.000000 -21.972931 -41.222238 -18.027069 -18.027069 4.996090 -113510.074524
915006131529.000000 0.008755 0.886701 0.889912 -40.000000 -21.972931 -41.222238 -18.027069 -18.027069 5.136033 -113510.074524
915006146579.000000 0.007244 0.893944 0.897293 -40.000000 -21.972931 -41.222238 -18.027069 -18.027069 5.252777 -113510.074524
915006161774.000000 0.007314 0.901255 0.904642 -40.000000 -21.972931 -41.222238 -18.027069 -18.027069 5.371601 -113510.074524
915006177757.000000 0.007693 0.908946 0.912890 -40.000000 -21.972931 -41.222238 -18.027069 -18.027069 5.497653 -113510.074524
915006194020.000000 0.007827 0.916772 0.919999 -40.000000 -21.972931 -41.222238 -18.027069 -18.027069 5.627008 -113510.074524
915006211068.000000 0.008206 0.924975 0.928586 -40.000000 -21.972931 -41.222238 -18.027069 -18.027069 5.763836 -113510.074524
915006229425.000000 0.008836 0.933809 0.937565 -40.000000 -21.972931 -41.222238 -18.027069 -18.027069 5.912574 -113510.074524
915006245489.000000 0.007732 0.941538 0.944931 -40.000000 -21.972931 -41.222238 -18.027069 -18.027069 6.043807 -113510.074524
915006262057.000000 0.007975 0.949511 0.954068 -40.000000 -25.928059 -41.474712 -14.071941 -14.071941 6.150362 -102414.660040
915006284641.000000 0.010869 0.960379 0.964747 -40.000000 -25.928059 -41.474712 -14.071941 -14.071941 6.297252 -102414.660040
915006302360.000000 0.008528 0.968904 0.972952 -40.000000 -25.928059 -41.474712 -14.071941 -14.071941 6.413528 -102414.660040
915006321736.000000 0.009325 0.978228 0.983891 -40.000000 -25.928059 -41.474712 -14.071941 -14.071941 6.541899 -102414.660040
915006342492.000000 0.009990 0.988216 0.991586 -40.000000 -25.928059 -41.474712 -14.071941 -14.071941 6.680815 -102414.660040
915006357388.000000 0.007170 0.995382 0.998753 -40.000000 -25.928059 -41.474712 -14.071941 -14.071941 6.781241 -102414.660040
915006373605.000000 0.007806 1.003187 1.006519 -40.000000 -25.928059 -41.474712 -14.071941 -14.071941 6.891436 -102414.660040
915006388629.000000 0.007232 1.010416 1.013691 -40.000000 -25.928059 -41.474712 -14.071941 -14.071941 6.994261 -102414.660040
915006403550.000000 0.007182 1.017596 1.020963 -40.000000 -25.928059 -41.474712 -14.071941 -14.071941 7.097108 -102414.660040
915006418949.000000 0.007412 1.025006 1.028187 -40.000000 -25.928059 -41.474712 -14.071941 -14.071941 7.204022 -102414.660040
915006436353.000000 0.008377 1.033381 1.037040 -40.000000 -25.928059 -41.474712 -14.071941 -14.071941 7.325831 -102414.660040
915006452187.000000 0.007621 1.040999 1.044304 -40.000000 -25.928059 -41.474712 -14.071941 -14.071941 7.437472 -102414.660040
915006468548.000000 0.007875 1.048874 1.053289 -40.000000 -29.971078 -41.685408 -10.028922 -10.028922 7.520307 -92256.520241
915006487935.000000 0.009331 1.058201 1.061583 -40.000000 -29.971078 -41.685408 -10.028922 -10.028922 7.619331 -92256.520241
915006506761.000000 0.009061 1.067261 1.070514 -40.000000 -29.971078 -41.685408 -10.028922 -10.028922 7.716314 -92256.520241
915006521696.000000 0.007188 1.074446 1.077572 -40.000000 -29.971078 -41.685408 -10.028922 -10.028922 7.793769 -92256.520241
915006537981.000000 0.007839 1.082284 1.085670 -40.000000 -29.971078 -41.685408 -10.028922 -10.028922 7.878850 -92256.520241
915006552864.000000 0.007164 1.089445 1.092799 -40.000000 -29.971078 -41.685408 -10.028922 -10.028922 7.957123 -92256.520241
915006568406.000000 0.007482 1.096924 1.100182 -40.000000 -29.971078 -41.685408 -10.028922 -10.028922 8.039428 -92256.520241
915006583468.000000 0.007250 1.104171 1.107477 -40.000000 -29.971078 -41.685408 -10.028922 -10.028922 8.119708 -92256.520241
915006598349.000000 0.007162 1.111330 1.114804 -40.000000 -29.971078 -41.685408 -10.028922 -10.028922 8.199532 -92256.520241
915006614357.000000 0.007705 1.119035 1.122452 -40.000000 -29.971078 -41.685408 -10.028922 -10.028922 8.286007 -92256.520241
915006629581.000000 0.007328 1.126361 1.130560 -40.000000 -29.971078 -41.685408 -10.028922 -10.028922 8.368781 -92256.520241
915006647247.000000 0.008503 1.134861 1.138297 -40.000000 -29.971078 -41.685408 -10.028922 -10.028922 8.465559 -92256.520241
915006662562.000000 0.007372 1.142231 1.145669 -40.000000 -29.971078 -41.685408 -10.028922 -10.028922 8.550006 -92256.520241
915006680356.000000 0.008564 1.150793 1.155081 -40.000000 -33.926206 -41.894887 -6.073794 -6.073794 8.609867 -81793.625174
915006699138.000000 0.009040 1.159831 1.163199 -40.000000 -33.926206 -41.894887 -6.073794 -6.073794 8.673551 -81793.625174
915006714826.000000 0.007551 1.167380 1.170723 -40.000000 -33.926206 -41.894887 -6.073794 -6.073794 8.727090 -81793.625174
915006730376.000000 0.007484 1.174862 1.178469 -40.000000 -33.926206 -41.894887 -6.073794 -6.073794 8.780498 -81793.625174
915006751001.000000 0.009927 1.184787 1.188988 -40.000000 -33.926206 -41.894887 -6.073794 -6.073794 8.851931 -81793.625174
915006768564.000000 0.008453 1.193238 1.196507 -40.000000 -33.926206 -41.894887 -6.073794 -6.073794 8.913195 -81793.625174
915006783494.000000 0.007186 1.200422 1.203768 -40.000000 -33.926206 -41.894887 -6.073794 -6.073794 8.965589 -81793.625174
915006799267.000000 0.007592 1.208012 1.211805 -40.000000 -33.926206 -41.894887 -6.073794 -6.073794 9.021292 -81793.625174
915006815456.000000 0.007792 1.215802 1.219105 -40.000000 -33.926206 -41.894887 -6.073794 -6.073794 9.078835 -81793.625174
915006830551.000000 0.007266 1.223065 1.226461 -40.000000 -33.926206 -41.894887 -6.073794 -6.073794 9.132808 -81793.625174
915006846937.000000 0.007887 1.230951 1.234734 -40.000000 -33.926206 -41.894887 -6.073794 -6.073794 9.191777 -81793.625174
915006863115.000000 0.007787 1.238735 1.242266 -40.000000 -33.926206 -41.894887 -6.073794 -6.073794 9.250363 -81793.625174
915006878883.000000 0.007589 1.246322 1.250515 -40.000000 -36.914524 -42.041062 -3.085476 -3.085476 9.279547 -75492.074346
915006899689.000000 0.010014 1.256334 1.259693 -40.000000 -36.914524 -42.041062 -3.085476 -3.085476 9.318364 -75492.074346
915006914802.000000 0.007275 1.263607 1.266973 -40.000000 -36.914524 -42.041062 -3.085476 -3.085476 9.346727 -75492.074346
915006929925.000000 0.007279 1.270883 1.274228 -40.000000 -36.914524 -42.041062 -3.085476 -3.085476 9.375270 -75492.074346
915006945061.000000 0.007286 1.278166 1.282466 -40.000000 -36.914524 -42.041062 -3.085476 -3.085476 9.404003 -75492.074346
915006962951.000000 0.008610 1.286775 1.290358 -40.000000 -36.914524 -42.041062 -3.085476 -3.085476 9.438189 -75492.074346
915006978362.000000 0.007418 1.294191 1.297478 -40.000000 -36.914524 -42.041062 -3.085476 -3.085476 9.467811 -75492.074346
915006993289.000000 0.007185 1.301373 1.304698 -40.000000 -36.914524 -42.041062 -3.085476 -3.085476 9.496660 -75492.074346
915007008451.000000 0.007298 1.308670 1.311999 -40.000000 -36.914524 -42.041062 -3.085476 -3.085476 9.526127 -75492.074346
915007023988.000000 0.007478 1.316145 1.319376 -40.000000 -36.914524 -42.041062 -3.085476 -3.085476 9.556496 -75492.074346
915007038939.000000 0.007197 1.323340 1.326653 -40.000000 -36.914524 -42.041062 -3.085476 -3.085476 9.585881 -75492.074346
915007056381.000000 0.008395 1.331733 1.335090 -40.000000 -36.914524 -42.041062 -3.085476 -3.085476 9.620375 -75492.074346
915007071442.000000 0.007249 1.338980 1.342413 -40.000000 -36.914524 -42.041062 -3.085476 -3.085476 9.650325 -75492.074346
915007087744.000000 0.007846 1.346825 1.350888 -40.000000 -38.936034 -42.140314 -1.063966 -1.063966 9.661568 -71465.017356
915007106040.000000 0.008806 1.355629 1.359588 -40.000000 -38.936034 -42.140314 -1.063966 -1.063966 9.674269 -71465.017356
915007122798.000000 0.008066 1.363693 1.367238 -40.000000 -38.936034 -42.140314 -1.063966 -1.063966 9.685972 -71465.017356
915007138355.000000 0.007488 1.371179 1.374627 -40.000000 -38.936034 -42.140314 -1.063966 -1.063966 9.696897 -71465.017356
915007154785.000000 0.007908 1.379084 1.383243 -40.000000 -38.936034 -42.140314 -1.063966 -1.063966 9.708500 -71465.017356
915007171475.000000 0.008033 1.387116 1.390395 -40.000000 -38.936034 -42.140314 -1.063966 -1.063966 9.720356 -71465.017356
915007186722.000000 0.007339 1.394452 1.398858 -40.000000 -38.936034 -42.140314 -1.063966 -1.063966 9.731244 -71465.017356
915007204192.000000 0.008409 1.402858 1.406165 -40.000000 -38.936034 -42.140314 -1.063966 -1.063966 9.743795 -71465.017356
915007219171.000000 0.007210 1.410065 1.415776 -40.000000 -38.936034 -42.140314 -1.063966 -1.063966 9.754611 -71465.017356
915007248704.000000 0.014213 1.424277 1.428658 -40.000000 -38.936034 -42.140314 -1.063966 -1.063966 9.776149 -71465.017356
915007277838.000000 0.014021 1.438297 1.443473 -40.000000 -38.936034 -42.140314 -1.063966 -1.063966 9.797606 -71465.017356
