747819188712.000000 0.000002 0.000005 0.008270 -0.000005 0.000000 -40.000000 -0.000005 -40.000000 0.000000 -2248628.054379
747819226231.000000 0.018056 0.018061 0.025182 -0.020324 0.000000 -40.000000 -0.020324 -40.000000 0.000007 -21016.313154
747819255478.000000 0.014075 0.032134 0.037463 -0.056474 0.000000 -40.000000 -0.056474 -40.000000 0.000032 -22970.391176
747819282485.000000 0.012998 0.045130 0.051152 -0.107245 0.000000 -40.000000 -0.107245 -40.000000 0.000095 -24918.103795
747819308984.000000 0.012753 0.057881 0.063335 -0.172361 0.000000 -40.000000 -0.172361 -40.000000 0.000222 -27209.608091
747819332645.000000 0.011387 0.069266 0.075274 -0.250285 0.000000 -40.000000 -0.250285 -40.000000 0.000420 -30223.951962
747819362378.000000 0.014309 0.083573 0.088705 -0.344305 0.000000 -40.000000 -0.344305 -40.000000 0.000831 -32437.885702
747819391063.000000 0.013805 0.097376 0.104483 -0.453853 0.000000 -40.000000 -0.453853 -40.000000 0.001442 -36375.733863
747819424282.000000 0.015987 0.113361 0.119576 -0.581384 0.000000 -40.000000 -0.581384 -40.000000 0.002495 -39850.964854
747819454509.000000 0.014547 0.127906 0.133792 -0.725278 0.000000 -40.000000 -0.725278 -40.000000 0.003845 -45005.116176
747819489386.000000 0.016785 0.144690 0.153345 -0.888054 0.000000 -40.000000 -0.888054 -40.000000 0.006001 -49303.977060
747819530077.000000 0.019582 0.164269 0.172596 -1.072856 0.000000 -40.000000 -1.072856 -40.000000 0.009452 -54553.189408
747819566968.000000 0.017754 0.182020 0.187587 -1.277629 0.000000 -40.000000 -1.277629 -40.000000 0.013581 -61539.613666
747819599515.000000 0.015663 0.197682 0.203566 -1.500022 0.000000 -40.000000 -1.500022 -40.000000 0.018226 -69049.269603
747819631437.000000 0.015363 0.213042 0.220793 -1.739695 0.000000 -40.000000 -1.739695 -40.000000 0.023920 -76296.674869
747819662155.000000 0.014783 0.227824 0.233866 -1.995996 0.000000 -40.000000 -1.995996 -40.000000 0.030642 -84394.231697
747819689918.000000 0.013362 0.241183 0.246631 -2.267327 0.000000 -40.000000 -2.267327 -40.000000 0.037949 -92416.301085
747819717249.000000 0.013153 0.254335 0.260807 -2.553454 0.000000 -40.000000 -2.553454 -40.000000 0.046491 -82576.624074
747819747907.000000 0.014755 0.269087 0.275704 -2.856177 0.000000 -40.000000 -2.856177 -40.000000 0.057831 -86768.765181
747819776890.000000 0.013948 0.283033 0.288857 -3.174589 0.000000 -40.000000 -3.174589 -40.000000 0.070363 -87553.901838
747819806320.000000 0.014163 0.297195 0.303164 -3.508933 0.000000 -40.000000 -3.508933 -40.000000 0.085133 -88378.323961
747819833721.000000 0.013188 0.310380 0.317222 -3.866759 -0.966809 -40.055307 -2.899950 -39.033191 0.097003 -84758.958713
747819864677.000000 0.014898 0.325276 0.331358 -4.241758 -0.966809 -40.055307 -3.274949 -39.033191 0.112873 -85683.627118
747819893257.000000 0.013755 0.339028 0.345549 -4.632612 -0.966809 -40.055307 -3.665803 -39.033191 0.129968 -86647.389967
747819922222.000000 0.013940 0.352965 0.358921 -5.039533 -0.966809 -40.055307 -4.072724 -39.033191 0.150007 -87650.772531
747819951594.000000 0.014135 0.367099 0.372813 -5.462749 -0.966809 -40.055307 -4.495940 -39.033191 0.173337 -88694.334280
747819981214.000000 0.014268 0.381366 0.388462 -5.902412 -0.966809 -40.055307 -4.935603 -39.033191 0.200193 -89778.451385
747820006611.000000 0.012223 0.393573 0.397673 -6.356149 -0.966809 -40.055307 -5.389340 -39.033191 0.226120 -90897.270622
747820028435.000000 0.010503 0.404075 0.409617 -6.821992 -2.988319 -40.055307 -3.833674 -39.033191 0.242391 -92045.942803
747820052353.000000 0.011511 0.415584 0.420312 -7.327273 -2.988319 -40.166303 -4.338954 -37.011681 0.263148 -86100.171205
747820073307.000000 0.010085 0.425667 0.429650 -7.844812 -2.988319 -40.166303 -4.856493 -37.011681 0.283995 -87376.314403
747820090627.000000 0.008336 0.434000 0.437517 -8.372484 -2.988319 -40.166303 -5.384165 -37.011681 0.303475 -88677.442113
747820106491.000000 0.007635 0.441634 0.445213 -8.909436 -2.988319 -40.166303 -5.921118 -37.011681 0.323440 -90001.453899
747820123234.000000 0.008059 0.449692 0.455048 -9.456186 -2.988319 -40.166303 -6.467868 -37.011681 0.346879 -91349.625026
747820146946.000000 0.011412 0.461101 0.466312 -10.016808 -2.988319 -40.166303 -7.028490 -37.011681 0.383865 -92732.000366
747820170982.000000 0.011568 0.472667 0.477371 -10.591492 -2.988319 -40.166303 -7.603173 -37.011681 0.425437 -94149.050210
747820192215.000000 0.010220 0.482885 0.487762 -11.178600 -2.988319 -40.166303 -8.190281 -37.011681 0.465855 -95596.733815
747820213668.000000 0.010324 0.493207 0.496956 -11.778256 -2.988319 -40.166303 -8.789938 -37.011681 0.510614 -97075.361342
747820230002.000000 0.007862 0.501066 0.504740 -12.387469 -2.988319 -40.166303 -9.399150 -37.011681 0.547640 -98577.550970
747820245976.000000 0.007689 0.508754 0.512698 -13.060357 -5.976637 -40.311762 -7.083719 -34.023363 0.575350 -90368.524218
747820269114.000000 0.011136 0.519888 0.524318 -13.747971 -5.976637 -40.311762 -7.771334 -34.023363 0.620342 -92064.036909
747820289172.000000 0.009654 0.529539 0.535517 -14.448350 -5.976637 -40.311762 -8.471713 -34.023363 0.663650 -93791.023747
747820315680.000000 0.012758 0.542295 0.547412 -15.165600 -5.976637 -40.311762 -9.188963 -34.023363 0.727224 -95559.611508
747820340871.000000 0.012124 0.554416 0.559509 -15.898882 -5.976637 -40.311762 -9.922245 -34.023363 0.793916 -97367.731840
747820365529.000000 0.011867 0.566282 0.571788 -16.647858 -5.976637 -40.311762 -10.671221 -34.023363 0.865629 -99214.548296
747820390560.000000 0.012047 0.578326 0.583700 -17.412763 -5.976637 -40.311762 -11.436126 -34.023363 0.945303 -101100.644663
747820415586.000000 0.012045 0.590368 0.595632 -18.193596 -5.976637 -40.311762 -12.216959 -34.023363 1.032175 -103026.014663
747820440576.000000 0.012027 0.602394 0.607722 -18.990335 -5.976637 -40.311762 -13.013697 -34.023363 1.126462 -104990.603370
747820470241.000000 0.014277 0.616669 0.624098 -19.913239 -9.931765 -40.533622 -9.981474 -30.068235 1.214341 -95097.187510
747820496105.000000 0.012447 0.629114 0.633570 -20.854768 -9.931765 -40.533622 -10.923003 -30.068235 1.299878 -97418.800041
747820515623.000000 0.009394 0.638507 0.642692 -21.810354 -9.931765 -40.533622 -11.878589 -30.068235 1.371129 -99775.074982
747820535463.000000 0.009550 0.648053 0.653412 -22.780228 -9.931765 -40.533622 -12.848463 -30.068235 1.450645 -102166.580569
747820562243.000000 0.012889 0.660939 0.668524 -23.769387 -9.931765 -40.533622 -13.837622 -30.068235 1.568523 -104605.636872
747820593492.000000 0.015039 0.675976 0.682249 -24.781049 -9.931765 -40.533622 -14.849285 -30.068235 1.719483 -107100.184994
747820620900.000000 0.013190 0.689164 0.693241 -25.812450 -9.931765 -40.533622 -15.880685 -30.068235 1.863844 -109643.400772
747820641329.000000 0.009833 0.698994 0.703122 -26.858562 -9.931765 -40.533622 -16.926797 -30.068235 1.980182 -112222.893105
747820659791.000000 0.008886 0.707878 0.712027 -27.917968 -13.974784 -40.533622 -13.943184 -30.068235 2.067884 -114835.167341
747820677935.000000 0.008733 0.716608 0.720298 -29.157050 -13.974784 -40.732692 -15.182266 -26.025216 2.162893 -107083.131769
747820693434.000000 0.007460 0.724066 0.727240 -30.409027 -13.974784 -40.732692 -16.434242 -26.025216 2.251662 -110170.242916
747820708125.000000 0.007071 0.731135 0.734216 -31.673227 -13.974784 -40.732692 -17.698442 -26.025216 2.343162 -113287.494107
747820722045.000000 0.006700 0.737833 0.741050 -32.949007 -13.974784 -40.732692 -18.974223 -26.025216 2.436956 -116433.301508
747820736085.000000 0.006758 0.744591 0.747570 -34.236473 -13.974784 -40.732692 -20.261689 -26.025216 2.538909 -119607.921568
747820749857.000000 0.006629 0.751216 0.755741 -35.535395 -13.974784 -40.732692 -21.560611 -26.025216 2.646275 -122810.790099
747820775071.000000 0.012135 0.763350 0.769497 -36.855298 -13.974784 -40.732692 -22.880514 -26.025216 2.858226 -126065.393809
747820802823.000000 0.013357 0.776705 0.783595 -38.198293 -13.974784 -40.732692 -24.223508 -26.025216 3.109530 -129376.935552
747820827480.000000 0.011867 0.788569 0.792029 -39.561801 -13.974784 -40.732692 -25.587016 -26.025216 3.348966 -132739.059474
747820844305.000000 0.008097 0.796664 0.800878 -40.000000 -13.974784 -40.732692 -26.025216 -26.025216 3.516854 -133819.567292
747820863067.000000 0.009030 0.805693 0.808857 -40.000000 -13.974784 -40.732692 -26.025216 -26.025216 3.706199 -133819.567292
747820877698.000000 0.007042 0.812733 0.816251 -40.000000 -18.984612 -40.989241 -21.015388 -21.015388 3.826480 -120907.562101
747820894783.000000 0.008223 0.820954 0.824400 -40.000000 -18.984612 -40.989241 -21.015388 -21.015388 3.968350 -120907.562101
747820910447.000000 0.007539 0.828491 0.831800 -40.000000 -18.984612 -40.989241 -21.015388 -21.015388 4.099617 -120907.562101
747820925349.000000 0.007172 0.835661 0.838717 -40.000000 -18.984612 -40.989241 -21.015388 -21.015388 4.225573 -120907.562101
747820939475.000000 0.006799 0.842460 0.845611 -40.000000 -18.984612 -40.989241 -21.015388 -21.015388 4.345943 -120907.562101
747820953701.000000 0.006847 0.849304 0.852564 -40.000000 -18.984612 -40.989241 -21.015388 -21.015388 4.468149 -120907.562101
747820968197.000000 0.006977 0.856280 0.859354 -40.000000 -18.984612 -40.989241 -21.015388 -21.015388 4.593705 -120907.562101
747820982256.000000 0.006767 0.863046 0.866109 -40.000000 -18.984612 -40.989241 -21.015388 -21.015388 4.716449 -120907.562101
747820996416.000000 0.006815 0.869858 0.873158 -40.000000 -18.984612 -40.989241 -21.015388 -21.015388 4.841032 -120907.562101
747821011456.000000 0.007239 0.877095 0.880207 -40.000000 -18.984612 -40.989241 -21.015388 -21.015388 4.974457 -120907.562101
747821025796.000000 0.006902 0.883996 0.887166 -40.000000 -18.984612 -40.989241 -21.015388 -21.015388 5.102683 -120907.562101
747821040168.000000 0.006917 0.890911 0.894084 -40.000000 -18.984612 -40.989241 -21.015388 -21.015388 5.232191 -120907.562101
747821055030.000000 0.007154 0.898063 0.901226 -40.000000 -18.984612 -40.989241 -21.015388 -21.015388 5.367208 -120907.562101
747821069644.000000 0.007034 0.905095 0.908190 -40.000000 -18.984612 -40.989241 -21.015388 -21.015388 5.500993 -120907.562101
747821088080.000000 0.008874 0.913968 0.917884 -40.000000 -22.939740 -41.222238 -17.060260 -17.060260 5.639356 -110521.019490
747821104761.000000 0.008029 0.921994 0.925114 -40.000000 -22.939740 -41.222238 -17.060260 -17.060260 5.765642 -110521.019490
747821120173.000000 0.007419 0.929410 0.932588 -40.000000 -22.939740 -41.222238 -17.060260 -17.060260 5.883271 -110521.019490
747821134544.000000 0.006917 0.936324 0.939510 -40.000000 -22.939740 -41.222238 -17.060260 -17.060260 5.993757 -110521.019490
747821149189.000000 0.007048 0.943371 0.946556 -40.000000 -22.939740 -41.222238 -17.060260 -17.060260 6.107196 -110521.019490
747821163702.000000 0.006985 0.950354 0.953518 -40.000000 -22.939740 -41.222238 -17.060260 -17.060260 6.220446 -110521.019490
747821178048.000000 0.006905 0.957258 0.960359 -40.000000 -22.939740 -41.222238 -17.060260 -17.060260 6.333206 -110521.019490
747821192510.000000 0.006960 0.964218 0.967373 -40.000000 -22.939740 -41.222238 -17.060260 -17.060260 6.447704 -110521.019490
747821206786.000000 0.006871 0.971087 0.974186 -40.000000 -22.939740 -41.222238 -17.060260 -17.060260 6.561542 -110521.019490
747821220924.000000 0.006805 0.977890 0.981275 -40.000000 -22.939740 -41.222238 -17.060260 -17.060260 6.675071 -110521.019490
747821235741.000000 0.007132 0.985020 0.988164 -40.000000 -22.939740 -41.222238 -17.060260 -17.060260 6.794918 -110521.019490
747821249901.000000 0.006815 0.991833 0.994923 -40.000000 -22.939740 -41.222238 -17.060260 -17.060260 6.910236 -110521.019490
747821263832.000000 0.006705 0.998536 1.001562 -40.000000 -22.939740 -41.222238 -17.060260 -17.060260 7.024456 -110521.019490
747821277439.000000 0.006549 1.005083 1.008107 -40.000000 -22.939740 -41.222238 -17.060260 -17.060260 7.136752 -110521.019490
747821292432.000000 0.007216 1.012299 1.015699 -40.000000 -26.982759 -41.474712 -13.017241 -13.017241 7.231846 -99813.989804
747821308675.000000 0.007818 1.020116 1.023165 -40.000000 -26.982759 -41.474712 -13.017241 -13.017241 7.335661 -99813.989804
747821323637.000000 0.007202 1.027314 1.030590 -40.000000 -26.982759 -41.474712 -13.017241 -13.017241 7.431965 -99813.989804
747821338058.000000 0.006941 1.034254 1.037273 -40.000000 -26.982759 -41.474712 -13.017241 -13.017241 7.525415 -99813.989804
747821352505.000000 0.006953 1.041205 1.044282 -40.000000 -26.982759 -41.474712 -13.017241 -13.017241 7.619656 -99813.989804
747821366694.000000 0.006829 1.048033 1.051135 -40.000000 -26.982759 -41.474712 -13.017241 -13.017241 7.712816 -99813.989804
747821381151.000000 0.006959 1.054990 1.058113 -40.000000 -26.982759 -41.474712 -13.017241 -13.017241 7.808377 -99813.989804
747821395583.000000 0.006946 1.061934 1.065022 -40.000000 -26.982759 -41.474712 -13.017241 -13.017241 7.904402 -99813.989804
747821410082.000000 0.006978 1.068911 1.072036 -40.000000 -26.982759 -41.474712 -13.017241 -13.017241 8.001499 -99813.989804
747821424517.000000 0.006947 1.075857 1.079207 -40.000000 -26.982759 -41.474712 -13.017241 -13.017241 8.098796 -99813.989804
747821446094.000000 0.010386 1.086242 1.091669 -40.000000 -26.982759 -41.474712 -13.017241 -13.017241 8.245646 -99813.989804
747821467504.000000 0.010304 1.096542 1.100215 -40.000000 -26.982759 -41.474712 -13.017241 -13.017241 8.392729 -99813.989804
747821484365.000000 0.008115 1.104656 1.108150 -40.000000 -26.982759 -41.474712 -13.017241 -13.017241 8.509423 -99813.989804
747821505606.000000 0.010224 1.114879 1.121041 -40.000000 -30.937887 -41.662609 -9.062113 -9.062113 8.612717 -91275.768006
747821527643.000000 0.010606 1.125481 1.129652 -40.000000 -30.937887 -41.662609 -9.062113 -9.062113 8.720889 -91275.768006
747821546864.000000 0.009251 1.134730 1.138999 -40.000000 -30.937887 -41.662609 -9.062113 -9.062113 8.816017 -91275.768006
747821565677.000000 0.009055 1.143784 1.148192 -40.000000 -30.937887 -41.662609 -9.062113 -9.062113 8.909874 -91275.768006
747821585219.000000 0.009405 1.153186 1.157349 -40.000000 -30.937887 -41.662609 -9.062113 -9.062113 9.008163 -91275.768006
747821604676.000000 0.009365 1.162550 1.167170 -40.000000 -30.937887 -41.662609 -9.062113 -9.062113 9.106824 -91275.768006
747821624503.000000 0.009542 1.172090 1.176488 -40.000000 -30.937887 -41.662609 -9.062113 -9.062113 9.208176 -91275.768006
747821643049.000000 0.008927 1.181014 1.185027 -40.000000 -30.937887 -41.662609 -9.062113 -9.062113 9.303712 -91275.768006
747821661843.000000 0.009045 1.190057 1.193913 -40.000000 -30.937887 -41.662609 -9.062113 -9.062113 9.401262 -91275.768006
747821679170.000000 0.008339 1.198394 1.202378 -40.000000 -30.937887 -41.662609 -9.062113 -9.062113 9.491824 -91275.768006
747821697141.000000 0.008649 1.207042 1.211859 -40.000000 -32.959397 -41.662609 -7.040603 -9.062113 9.565330 -91275.768006
747821720262.000000 0.011127 1.218167 1.223113 -40.000000 -32.959397 -41.851091 -7.040603 -7.040603 9.660763 -87422.499406
747821740208.000000 0.009600 1.227766 1.232968 -40.000000 -32.959397 -41.851091 -7.040603 -7.040603 9.743745 -87422.499406
747821760119.000000 0.009583 1.237346 1.243051 -40.000000 -32.959397 -41.851091 -7.040603 -7.040603 9.827228 -87422.499406
747821781845.000000 0.010456 1.247801 1.251765 -40.000000 -32.959397 -41.851091 -7.040603 -7.040603 9.919086 -87422.499406
747821799178.000000 0.008342 1.256141 1.259343 -40.000000 -32.959397 -41.851091 -7.040603 -7.040603 9.992866 -87422.499406
747821813554.000000 0.006919 1.263058 1.266156 -40.000000 -32.959397 -41.851091 -7.040603 -7.040603 10.054395 -87422.499406
747821827524.000000 0.006724 1.269781 1.273188 -40.000000 -32.959397 -41.851091 -7.040603 -7.040603 10.114509 -87422.499406
747821848611.000000 0.010149 1.279929 1.284036 -40.000000 -32.959397 -41.851091 -7.040603 -7.040603 10.205965 -87422.499406
747821866070.000000 0.008404 1.288330 1.292355 -40.000000 -32.959397 -41.851091 -7.040603 -7.040603 10.282190 -87422.499406
747821883464.000000 0.008372 1.296700 1.300911 -40.000000 -32.959397 -41.851091 -7.040603 -7.040603 10.358625 -87422.499406
747821901247.000000 0.008559 1.305257 1.308987 -40.000000 -32.959397 -41.851091 -7.040603 -7.040603 10.437285 -87422.499406
747821917316.000000 0.007734 1.312988 1.316875 -40.000000 -35.947715 -42.017612 -4.052285 -4.052285 10.478433 -77260.462370
747821934675.000000 0.008355 1.321342 1.324603 -40.000000 -35.947715 -42.017612 -4.052285 -4.052285 10.523172 -77260.462370
747821950185.000000 0.007466 1.328806 1.332077 -40.000000 -35.947715 -42.017612 -4.052285 -4.052285 10.563372 -77260.462370
747821964768.000000 0.007019 1.335822 1.339017 -40.000000 -35.947715 -42.017612 -4.052285 -4.052285 10.601365 -77260.462370
747821979375.000000 0.007030 1.342850 1.346036 -40.000000 -35.947715 -42.017612 -4.052285 -4.052285 10.639621 -77260.462370
747821994804.000000 0.007426 1.350275 1.353833 -40.000000 -35.947715 -42.017612 -4.052285 -4.052285 10.680255 -77260.462370
747822010193.000000 0.007407 1.357680 1.361003 -40.000000 -35.947715 -42.017612 -4.052285 -4.052285 10.721003 -77260.462370
747822025396.000000 0.007317 1.364996 1.369205 -40.000000 -35.947715 -42.017612 -4.052285 -4.052285 10.761479 -77260.462370
747822044075.000000 0.008991 1.373984 1.378122 -40.000000 -35.947715 -42.017612 -4.052285 -4.052285 10.811536 -77260.462370
747822067452.000000 0.011251 1.385234 1.389270 -40.000000 -35.947715 -42.017612 -4.052285 -4.052285 10.874694 -77260.462370
747822085813.000000 0.008837 1.394068 1.398235 -40.000000 -35.947715 -42.017612 -4.052285 -4.052285 10.924616 -77260.462370
747822102794.000000 0.008173 1.402238 1.405544 -40.000000 -35.947715 -42.017612 -4.052285 -4.052285 10.971057 -77260.462370
747822117613.000000 0.007133 1.409369 1.414127 -40.000000 -37.969225 -42.116423 -2.030775 -2.030775 10.991472 -73232.600147
747822137469.000000 0.009557 1.418926 1.422593 -40.000000 -37.969225 -42.116423 -2.030775 -2.030775 11.019012 -73232.600147
747822153300.000000 0.007619 1.426543 1.429847 -40.000000 -37.969225 -42.116423 -2.030775 -2.030775 11.041084 -73232.600147
747822168068.000000 0.007108 1.433648 1.437038 -40.000000 -37.969225 -42.116423 -2.030775 -2.030775 11.061778 -73232.600147
747822183079.000000 0.007226 1.440872 1.444204 -40.000000 -37.969225 -42.116423 -2.030775 -2.030775 11.082921 -73232.600147
747822198044.000000 0.007202 1.448072 1.451256 -40.000000 -37.969225 -42.116423 -2.030775 -2.030775 11.104101 -73232.600147
747822212411.000000 0.006915 1.454985 1.458213 -40.000000 -37.969225 -42.116423 -2.030775 -2.030775 11.124532 -73232.600147
747822227504.000000 0.007265 1.462248 1.465500 -40.000000 -37.969225 -42.116423 -2.030775 -2.030775 11.146104 -73232.600147
747822242066.000000 0.007009 1.469255 1.473311 -40.000000 -37.969225 -42.116423 -2.030775 -2.030775 11.167016 -73232.600147
747822258356.000000 0.007841 1.477094 1.480194 -40.000000 -37.969225 -42.116423 -2.030775 -2.030775 11.190535 -73232.600147
747822272683.000000 0.006896 1.483988 1.487397 -40.000000 -37.969225 -42.116423 -2.030775 -2.030775 11.211317 -73232.600147
747822289005.000000 0.007856 1.491842 1.495016 -40.000000 -37.969225 -42.116423 -2.030775 -2.030775 11.235117 -73232.600147
747822303338.000000 0.006899 1.498739 1.501961 -40.000000 -37.969225 -42.116423 -2.030775 -2.030775 11.256114 -73232.600147
747822317840.000000 0.006980 1.505716 1.508914 -40.000000 -37.969225 -42.116423 -2.030775 -2.030775 11.277457 -73232.600147
