925733959711.000000 0.000002 0.000004 0.007450 -0.000005 0.000000 -40.000000 -0.000005 -40.000000 0.000000 -2025783.087132
925734007472.000000 0.022985 0.022989 0.031377 -0.025868 0.000000 -40.000000 -0.025868 -40.000000 0.000014 -21231.822681
925734058538.000000 0.024575 0.047562 0.055536 -0.079375 0.000000 -40.000000 -0.079375 -40.000000 0.000106 -23350.949583
925734094065.000000 0.017098 0.064658 0.072052 -0.152115 0.000000 -40.000000 -0.152115 -40.000000 0.000275 -26384.898791
925734130154.000000 0.017368 0.082023 0.087319 -0.244391 0.000000 -40.000000 -0.244391 -40.000000 0.000623 -29288.491734
925734156819.000000 0.012833 0.094853 0.100892 -0.351100 0.000000 -40.000000 -0.351100 -40.000000 0.001050 -33860.561933
925734184703.000000 0.013420 0.108271 0.114321 -0.472905 0.000000 -40.000000 -0.472905 -40.000000 0.001737 -37234.157851
925734212874.000000 0.013558 0.121827 0.127138 -0.609960 0.000000 -40.000000 -0.609960 -40.000000 0.002745 -41614.566306
925734241293.000000 0.013677 0.135501 0.140994 -0.762399 0.000000 -40.000000 -0.762399 -40.000000 0.004158 -46394.167257
925734269362.000000 0.013509 0.149008 0.155400 -0.930033 0.000000 -40.000000 -0.930033 -40.000000 0.006030 -51737.558265
925734299550.000000 0.014529 0.163535 0.168959 -1.114010 0.000000 -40.000000 -1.114010 -40.000000 0.008677 -56969.690086
925734326566.000000 0.013002 0.176534 0.182160 -1.312611 0.000000 -40.000000 -1.312611 -40.000000 0.011689 -64085.374443
925734355295.000000 0.013826 0.190359 0.196351 -1.526765 0.000000 -40.000000 -1.526765 -40.000000 0.015708 -69915.908160
925734384403.000000 0.014009 0.204366 0.210449 -1.756676 0.000000 -40.000000 -1.756676 -40.000000 0.020737 -77016.668583
925734415939.000000 0.015177 0.219540 0.225761 -2.003659 0.000000 -40.000000 -2.003659 -40.000000 0.027413 -83934.253965
925734447498.000000 0.015188 0.234726 0.240730 -2.267726 0.000000 -40.000000 -2.267726 -40.000000 0.035498 -91112.108472
925734475246.000000 0.013355 0.248078 0.254208 -2.546813 0.000000 -40.000000 -2.546813 -40.000000 0.043935 -83110.284958
925734505089.000000 0.014362 0.262438 0.268525 -2.842055 0.000000 -40.000000 -2.842055 -40.000000 0.054648 -86733.943396
925734532759.000000 0.013317 0.275753 0.282046 -3.152277 0.000000 -40.000000 -3.152277 -40.000000 0.066223 -87498.885368
925734562585.000000 0.014354 0.290105 0.296277 -3.478645 0.000000 -40.000000 -3.478645 -40.000000 0.080710 -88303.640064
925734592112.000000 0.014211 0.304313 0.310701 -3.820997 -0.966809 -40.000000 -2.854188 -40.000000 0.093052 -89147.808369
925734622795.000000 0.014767 0.319077 0.325270 -4.188850 -0.966809 -40.055307 -3.222041 -39.033191 0.108234 -85553.569822
925734652617.000000 0.014353 0.333427 0.339849 -4.573247 -0.966809 -40.055307 -3.606438 -39.033191 0.125493 -86501.411739
925734683891.000000 0.015051 0.348476 0.354681 -4.974993 -0.966809 -40.055307 -4.008184 -39.033191 0.146515 -87492.031842
925734713655.000000 0.014325 0.362799 0.368970 -5.393251 -0.966809 -40.055307 -4.426442 -39.033191 0.169519 -88523.368712
925734743364.000000 0.014298 0.377094 0.385212 -5.827989 -0.966809 -40.055307 -4.861180 -39.033191 0.195728 -89595.341643
925734778342.000000 0.016834 0.393925 0.397526 -6.282132 -0.966809 -40.055307 -5.315323 -39.033191 0.230975 -90715.162180
925734794691.000000 0.007869 0.401792 0.405316 -6.745344 -0.966809 -40.055307 -5.778535 -39.033191 0.249245 -91857.346434
925734810867.000000 0.007786 0.409576 0.413872 -7.243320 -2.988319 -40.166303 -4.255002 -37.011681 0.262814 -85893.563886
925734830321.000000 0.009363 0.418938 0.422775 -7.752678 -2.988319 -40.166303 -4.764360 -37.011681 0.281502 -87149.533667
925734846736.000000 0.007901 0.426836 0.430428 -8.271639 -2.988319 -40.166303 -5.283321 -37.011681 0.299320 -88429.182401
925734862622.000000 0.007647 0.434481 0.438105 -8.799895 -2.988319 -40.166303 -5.811576 -37.011681 0.318628 -89731.749833
925734878497.000000 0.007641 0.442119 0.445860 -9.337437 -2.988319 -40.166303 -6.349118 -37.011681 0.340076 -91057.215767
925734894859.000000 0.007876 0.449992 0.453615 -9.884552 -2.988319 -40.166303 -6.896234 -37.011681 0.364517 -92406.287081
925734911689.000000 0.008101 0.458091 0.461575 -10.441514 -2.988319 -40.166303 -7.453195 -37.011681 0.392175 -93779.637471
925734927760.000000 0.007736 0.465824 0.469384 -11.007878 -2.988319 -40.166303 -8.019559 -37.011681 0.421073 -95176.172000
925734943186.000000 0.007425 0.473246 0.477004 -11.583266 -2.988319 -40.166303 -8.594948 -37.011681 0.451274 -96594.958743
925734959979.000000 0.008083 0.481328 0.484971 -12.168480 -2.988319 -40.166303 -9.180162 -37.011681 0.486990 -98037.974071
925734975867.000000 0.007647 0.488973 0.492493 -12.762990 -2.988319 -40.166303 -9.774671 -37.011681 0.523540 -99503.909541
925734991938.000000 0.007735 0.496706 0.500606 -13.366902 -2.988319 -40.166303 -10.378583 -37.011681 0.563415 -100993.029149
925735008214.000000 0.007834 0.504537 0.508035 -13.980335 -2.988319 -40.166303 -10.992016 -37.011681 0.606861 -102505.625744
925735024755.000000 0.007962 0.512499 0.516689 -14.658176 -5.976637 -40.311762 -8.681539 -34.023363 0.642287 -94511.252390
925735042269.000000 0.008430 0.520925 0.524734 -15.347163 -5.976637 -40.311762 -9.370525 -34.023363 0.683437 -96210.148521
925735058720.000000 0.007918 0.528840 0.532256 -16.046617 -5.976637 -40.311762 -10.069980 -34.023363 0.725601 -97934.856715
925735073775.000000 0.007246 0.536085 0.539474 -16.755654 -5.976637 -40.311762 -10.779017 -34.023363 0.767473 -99683.192489
925735089122.000000 0.007387 0.543470 0.547011 -17.474459 -5.976637 -40.311762 -11.497822 -34.023363 0.813634 -101455.614083
925735104495.000000 0.007400 0.550868 0.554340 -18.203049 -5.976637 -40.311762 -12.226412 -34.023363 0.863473 -103252.163868
925735120119.000000 0.007521 0.558386 0.562041 -18.941582 -5.976637 -40.311762 -12.964945 -34.023363 0.917917 -105073.231034
925735135865.000000 0.007579 0.565963 0.569479 -19.690136 -5.976637 -40.311762 -13.713499 -34.023363 0.976742 -106919.008605
925735151816.000000 0.007677 0.573638 0.577442 -20.448841 -5.976637 -40.311762 -14.472204 -34.023363 1.040479 -108789.815153
925735169203.000000 0.008368 0.582004 0.585641 -21.218611 -5.976637 -40.311762 -15.241974 -34.023363 1.114714 -110687.907350
925735185001.000000 0.007606 0.589608 0.593043 -21.998439 -5.976637 -40.311762 -16.021802 -34.023363 1.186562 -112610.797835
925735200148.000000 0.007292 0.596896 0.600544 -22.787906 -5.976637 -40.311762 -16.811269 -34.023363 1.259734 -114557.458708
925735217042.000000 0.008132 0.605025 0.608634 -23.588124 -5.976637 -40.311762 -17.611487 -34.023363 1.346385 -116530.628419
925735233791.000000 0.008061 0.613084 0.617290 -24.505664 -9.931765 -40.514776 -14.573899 -30.068235 1.418414 -106653.293180
925735250978.000000 0.008273 0.621353 0.624873 -25.435579 -9.931765 -40.514776 -15.503814 -30.068235 1.498107 -108946.268381
925735266777.000000 0.007605 0.628957 0.632421 -26.376873 -9.931765 -40.514776 -16.445108 -30.068235 1.576770 -111267.302022
925735282692.000000 0.007661 0.636614 0.640043 -27.329628 -9.931765 -40.514776 -17.397863 -30.068235 1.661617 -113616.594761
925735298104.000000 0.007418 0.644030 0.647619 -28.293480 -9.931765 -40.514776 -18.361715 -30.068235 1.749339 -115993.251624
925735313768.000000 0.007540 0.651568 0.655113 -29.268614 -9.931765 -40.514776 -19.336849 -30.068235 1.844335 -118397.727202
925735329507.000000 0.007575 0.659141 0.662532 -30.255082 -9.931765 -40.514776 -20.323318 -30.068235 1.945814 -120830.151124
925735344795.000000 0.007359 0.666499 0.670321 -31.252562 -9.931765 -40.514776 -21.320797 -30.068235 2.050386 -123289.726082
925735361156.000000 0.007875 0.674370 0.678006 -32.261822 -9.931765 -40.514776 -22.330057 -30.068235 2.168969 -125778.348565
925735377393.000000 0.007816 0.682185 0.685647 -33.282777 -9.931765 -40.514776 -23.351012 -30.068235 2.293468 -128295.809037
925735393076.000000 0.007548 0.689730 0.693235 -34.315024 -9.931765 -40.514776 -24.383259 -30.068235 2.420417 -130841.113083
925735408656.000000 0.007499 0.697227 0.700757 -35.358491 -9.931765 -40.514776 -25.426726 -30.068235 2.553359 -133414.083130
925735424138.000000 0.007452 0.704677 0.708185 -36.413108 -9.931765 -40.514776 -26.481343 -30.068235 2.692423 -136014.546931
925735442840.000000 0.009002 0.713677 0.718813 -37.599060 -12.920083 -40.754808 -24.678976 -27.079917 2.850968 -132318.508736
925735462051.000000 0.009246 0.722921 0.726280 -38.800371 -12.920083 -40.754808 -25.880288 -27.079917 3.023957 -135280.691345
925735477613.000000 0.007491 0.730409 0.733867 -40.000000 -12.920083 -40.754808 -27.079917 -27.079917 3.172119 -138238.723092
925735493054.000000 0.007432 0.737839 0.741394 -40.000000 -12.920083 -40.754808 -27.079917 -27.079917 3.320624 -138238.723092
925735508580.000000 0.007473 0.745310 0.748814 -40.000000 -12.920083 -40.754808 -27.079917 -27.079917 3.471459 -138238.723092
925735523804.000000 0.007328 0.752636 0.756363 -40.000000 -12.920083 -40.754808 -27.079917 -27.079917 3.620815 -138238.723092
925735541451.000000 0.008494 0.761128 0.764512 -40.000000 -12.920083 -40.754808 -27.079917 -27.079917 3.795887 -138238.723092
925735556984.000000 0.007477 0.768602 0.772072 -40.000000 -12.920083 -40.754808 -27.079917 -27.079917 3.951506 -138238.723092
925735572471.000000 0.007454 0.776054 0.779859 -40.000000 -12.920083 -40.754808 -27.079917 -27.079917 4.108158 -138238.723092
925735588588.000000 0.007757 0.783809 0.787384 -40.000000 -12.920083 -40.754808 -27.079917 -27.079917 4.272811 -138238.723092
925735604293.000000 0.007559 0.791366 0.794928 -40.000000 -12.920083 -40.754808 -27.079917 -27.079917 4.434802 -138238.723092
925735620161.000000 0.007637 0.799001 0.802393 -40.000000 -12.920083 -40.754808 -27.079917 -27.079917 4.600053 -138238.723092
925735635284.000000 0.007279 0.806278 0.809774 -40.000000 -12.920083 -40.754808 -27.079917 -27.079917 4.758972 -138238.723092
925735652485.000000 0.008279 0.814556 0.818428 -40.000000 -17.929912 -40.969938 -22.070088 -22.070088 4.907813 -123538.106013
925735669810.000000 0.008339 0.822893 0.827653 -40.000000 -17.929912 -40.969938 -22.070088 -22.070088 5.059261 -123538.106013
925735690376.000000 0.009898 0.832788 0.836697 -40.000000 -17.929912 -40.969938 -22.070088 -22.070088 5.241186 -123538.106013
925735708480.000000 0.008714 0.841501 0.845444 -40.000000 -17.929912 -40.969938 -22.070088 -22.070088 5.403020 -123538.106013
925735726950.000000 0.008890 0.850387 0.854703 -40.000000 -17.929912 -40.969938 -22.070088 -22.070088 5.569860 -123538.106013
925735745996.000000 0.009167 0.859553 0.863816 -40.000000 -17.929912 -40.969938 -22.070088 -22.070088 5.743756 -123538.106013
925735764628.000000 0.008968 0.868519 0.872699 -40.000000 -17.929912 -40.969938 -22.070088 -22.070088 5.915657 -123538.106013
925735783743.000000 0.009200 0.877716 0.882380 -40.000000 -17.929912 -40.969938 -22.070088 -22.070088 6.093880 -123538.106013
925735803525.000000 0.009521 0.887236 0.891832 -40.000000 -17.929912 -40.969938 -22.070088 -22.070088 6.280312 -123538.106013
925735823577.000000 0.009651 0.896883 0.901182 -40.000000 -17.929912 -40.969938 -22.070088 -22.070088 6.471342 -123538.106013
925735842907.000000 0.009304 0.906185 0.910545 -40.000000 -21.972931 -40.969938 -18.027069 -22.070088 6.623329 -123538.106013
925735862752.000000 0.009552 0.915735 0.920247 -40.000000 -21.972931 -41.225007 -18.027069 -18.027069 6.781008 -112940.532525
925735880922.000000 0.008746 0.924479 0.927927 -40.000000 -21.972931 -41.225007 -18.027069 -18.027069 6.926768 -112940.532525
925735898539.000000 0.008480 0.932955 0.936499 -40.000000 -21.972931 -41.225007 -18.027069 -18.027069 7.069381 -112940.532525
925735914275.000000 0.007574 0.940527 0.944029 -40.000000 -21.972931 -41.225007 -18.027069 -18.027069 7.197797 -112940.532525
925735931456.000000 0.008270 0.948795 0.952357 -40.000000 -21.972931 -41.225007 -18.027069 -18.027069 7.339243 -112940.532525
925735947385.000000 0.007667 0.956459 0.960015 -40.000000 -21.972931 -41.225007 -18.027069 -18.027069 7.471436 -112940.532525
925735963529.000000 0.007771 0.964229 0.968285 -40.000000 -21.972931 -41.225007 -18.027069 -18.027069 7.606517 -112940.532525
925735986263.000000 0.010943 0.975169 0.980082 -40.000000 -21.972931 -41.225007 -18.027069 -18.027069 7.798885 -112940.532525
925736006735.000000 0.009853 0.985019 0.989489 -40.000000 -21.972931 -41.225007 -18.027069 -18.027069 7.973851 -112940.532525
925736026950.000000 0.009730 0.994745 0.998941 -40.000000 -21.972931 -41.225007 -18.027069 -18.027069 8.148328 -112940.532525
925736045103.000000 0.008738 1.003481 1.007293 -40.000000 -21.972931 -41.225007 -18.027069 -18.027069 8.306396 -112940.532525
925736067119.000000 0.010596 1.014075 1.019526 -40.000000 -25.928059 -41.477328 -14.071941 -14.071941 8.457606 -102451.203197
925736089048.000000 0.010555 1.024627 1.029793 -40.000000 -25.928059 -41.477328 -14.071941 -14.071941 8.609792 -102451.203197
925736110763.000000 0.010451 1.035076 1.039663 -40.000000 -25.928059 -41.477328 -14.071941 -14.071941 8.762024 -102451.203197
925736133948.000000 0.011159 1.046232 1.049851 -40.000000 -25.928059 -41.477328 -14.071941 -14.071941 8.926310 -102451.203197
925736149741.000000 0.007602 1.053831 1.057209 -40.000000 -25.928059 -41.477328 -14.071941 -14.071941 9.039041 -102451.203197
925736166080.000000 0.007865 1.061694 1.065237 -40.000000 -25.928059 -41.477328 -14.071941 -14.071941 9.156539 -102451.203197
925736181724.000000 0.007530 1.069220 1.072766 -40.000000 -25.928059 -41.477328 -14.071941 -14.071941 9.269831 -102451.203197
925736197209.000000 0.007457 1.076676 1.080153 -40.000000 -25.928059 -41.477328 -14.071941 -14.071941 9.382812 -102451.203197
925736213082.000000 0.007640 1.084311 1.087707 -40.000000 -25.928059 -41.477328 -14.071941 -14.071941 9.499384 -102451.203197
925736228918.000000 0.007622 1.091930 1.095282 -40.000000 -25.928059 -41.477328 -14.071941 -14.071941 9.616502 -102451.203197
925736243971.000000 0.007245 1.099174 1.102500 -40.000000 -25.928059 -41.477328 -14.071941 -14.071941 9.728568 -102451.203197
925736259076.000000 0.007270 1.106442 1.109965 -40.000000 -25.928059 -41.477328 -14.071941 -14.071941 9.841766 -102451.203197
925736277046.000000 0.008649 1.115090 1.119234 -40.000000 -30.937887 -41.687901 -9.062113 -9.062113 9.929169 -89304.804828
925736295899.000000 0.009074 1.124161 1.128448 -40.000000 -30.937887 -41.687901 -9.062113 -9.062113 10.021612 -89304.804828
925736313376.000000 0.008412 1.132571 1.136017 -40.000000 -30.937887 -41.687901 -9.062113 -9.062113 10.107945 -89304.804828
925736329573.000000 0.007796 1.140365 1.143722 -40.000000 -30.937887 -41.687901 -9.062113 -9.062113 10.188513 -89304.804828
925736345048.000000 0.007448 1.147811 1.151614 -40.000000 -30.937887 -41.687901 -9.062113 -9.062113 10.265988 -89304.804828
925736361946.000000 0.008133 1.155942 1.159297 -40.000000 -30.937887 -41.687901 -9.062113 -9.062113 10.351184 -89304.804828
925736377773.000000 0.007618 1.163558 1.167534 -40.000000 -30.937887 -41.687901 -9.062113 -9.062113 10.431508 -89304.804828
925736394667.000000 0.008132 1.171688 1.175055 -40.000000 -30.937887 -41.687901 -9.062113 -9.062113 10.517850 -89304.804828
925736410763.000000 0.007747 1.179433 1.182864 -40.000000 -30.937887 -41.687901 -9.062113 -9.062113 10.600653 -89304.804828
925736426386.000000 0.007520 1.186951 1.190326 -40.000000 -30.937887 -41.687901 -9.062113 -9.062113 10.681536 -89304.804828
925736442095.000000 0.007561 1.194509 1.198043 -40.000000 -30.937887 -41.687901 -9.062113 -9.062113 10.763381 -89304.804828
925736457636.000000 0.007481 1.201988 1.205329 -40.000000 -30.937887 -41.687901 -9.062113 -9.062113 10.844864 -89304.804828
925736473209.000000 0.007496 1.209481 1.213863 -40.000000 -34.980906 -41.876573 -5.019094 -5.019094 10.890366 -78453.100987
925736492445.000000 0.009259 1.218738 1.222542 -40.000000 -34.980906 -41.876573 -5.019094 -5.019094 10.947000 -78453.100987
925736508849.000000 0.007896 1.226632 1.230051 -40.000000 -34.980906 -41.876573 -5.019094 -5.019094 10.995612 -78453.100987
925736524224.000000 0.007400 1.234029 1.237537 -40.000000 -34.980906 -41.876573 -5.019094 -5.019094 11.041447 -78453.100987
925736540511.000000 0.007839 1.241866 1.245243 -40.000000 -34.980906 -41.876573 -5.019094 -5.019094 11.090308 -78453.100987
925736556262.000000 0.007581 1.249446 1.252921 -40.000000 -34.980906 -41.876573 -5.019094 -5.019094 11.137851 -78453.100987
925736572424.000000 0.007779 1.257223 1.260981 -40.000000 -34.980906 -41.876573 -5.019094 -5.019094 11.186937 -78453.100987
925736590324.000000 0.008615 1.265837 1.269423 -40.000000 -34.980906 -41.876573 -5.019094 -5.019094 11.241673 -78453.100987
925736606377.000000 0.007726 1.273560 1.276949 -40.000000 -34.980906 -41.876573 -5.019094 -5.019094 11.291061 -78453.100987
925736621964.000000 0.007502 1.281061 1.284297 -40.000000 -34.980906 -41.876573 -5.019094 -5.019094 11.339299 -78453.100987
925736637171.000000 0.007319 1.288378 1.291847 -40.000000 -34.980906 -41.876573 -5.019094 -5.019094 11.386630 -78453.100987
925736652784.000000 0.007515 1.295891 1.299192 -40.000000 -34.980906 -41.876573 -5.019094 -5.019094 11.435508 -78453.100987
925736668165.000000 0.007403 1.303292 1.306725 -40.000000 -34.980906 -41.876573 -5.019094 -5.019094 11.483934 -78453.100987
925736683351.000000 0.007309 1.310600 1.314994 -40.000000 -37.969225 -41.998822 -2.030775 -2.030775 11.503388 -72141.287353
925736701446.000000 0.008709 1.319307 1.322527 -40.000000 -37.969225 -41.998822 -2.030775 -2.030775 11.526721 -72141.287353
925736717211.000000 0.007588 1.326893 1.330751 -40.000000 -37.969225 -41.998822 -2.030775 -2.030775 11.547169 -72141.287353
925736733287.000000 0.007738 1.334628 1.337998 -40.000000 -37.969225 -41.998822 -2.030775 -2.030775 11.568141 -72141.287353
925736748583.000000 0.007362 1.341989 1.345307 -40.000000 -37.969225 -41.998822 -2.030775 -2.030775 11.588205 -72141.287353
925736763896.000000 0.007370 1.349357 1.352698 -40.000000 -37.969225 -41.998822 -2.030775 -2.030775 11.608402 -72141.287353
925736778846.000000 0.007196 1.356552 1.359946 -40.000000 -37.969225 -41.998822 -2.030775 -2.030775 11.628226 -72141.287353
925736793984.000000 0.007286 1.363836 1.367138 -40.000000 -37.969225 -41.998822 -2.030775 -2.030775 11.648406 -72141.287353
925736808931.000000 0.007194 1.371028 1.374890 -40.000000 -37.969225 -41.998822 -2.030775 -2.030775 11.668437 -72141.287353
925736826052.000000 0.008241 1.379268 1.382764 -40.000000 -37.969225 -41.998822 -2.030775 -2.030775 11.691521 -72141.287353
925736841779.000000 0.007570 1.386834 1.390278 -40.000000 -37.969225 -41.998822 -2.030775 -2.030775 11.712841 -72141.287353
925736857143.000000 0.007395 1.394227 1.397792 -40.000000 -37.969225 -41.998822 -2.030775 -2.030775 11.733779 -72141.287353
925736873303.000000 0.007778 1.402004 1.405375 -40.000000 -37.969225 -41.998822 -2.030775 -2.030775 11.755925 -72141.287353
