752022201458.000000 0.000002 0.000005	0.000005	0.000000	0.000005	0.000000	0.000004	0.000000	0.000004	0.000000	-0.000003	0.000000	-0.000003	0.000000	2208271.263869
752022257041.000000 0.026748 0.026753	0.026755	0.000000	0.026755	0.000019	0.020495	0.000000	0.020495	0.000015	-0.017198	0.000000	-0.017198	0.000012	-19150.347617
752022287436.000000 0.014628 0.041379	0.068129	0.000000	0.068129	0.000060	0.052190	0.000000	0.052190	0.000046	-0.043793	0.000000	-0.043793	0.000039	-16863.029023
752022318169.000000 0.014790 0.056167	0.124291	0.000000	0.124291	0.000164	0.095212	0.000000	0.095212	0.000125	-0.079893	0.000000	-0.079893	0.000105	-15116.565408
752022355984.000000 0.018198 0.074363	0.198647	0.000000	0.198647	0.000432	0.152172	0.000000	0.152172	0.000331	-0.127688	0.000000	-0.127688	0.000278	-13125.795055
752022392155.000000 0.017407 0.091769	0.290407	0.000000	0.290407	0.000896	0.222465	0.000000	0.222465	0.000687	-0.186670	0.000000	-0.186670	0.000576	-10031.559495
752022451462.000000 0.028541 0.120308	0.410702	0.000000	0.410702	0.002307	0.314616	0.000000	0.314616	0.001767	-0.263994	0.000000	-0.263994	0.001483	-7489.898983
752022499361.000000 0.023051 0.143356	0.554044	0.000000	0.554044	0.004137	0.424422	0.000000	0.424422	0.003169	-0.356132	0.000000	-0.356132	0.002659	-2481.770591
752022538514.000000 0.018843 0.162195	0.716223	0.000000	0.716223	0.006326	0.548659	0.000000	0.548659	0.004846	-0.460379	0.000000	-0.460379	0.004066	2964.265111
752022570014.000000 0.015160 0.177354	0.893559	0.000000	0.893559	0.008729	0.684506	0.000000	0.684506	0.006687	-0.574369	0.000000	-0.574369	0.005611	9201.684200
752022617560.000000 0.022881 0.200232	1.093771	0.000000	1.093771	0.013740	0.837877	0.000000	0.837877	0.010525	-0.703063	0.000000	-0.703063	0.008832	12531.100493
752022662144.000000 0.021456 0.221685	1.315434	0.000000	1.315434	0.019997	1.007681	0.000000	1.007681	0.015318	-0.845545	0.000000	-0.845545	0.012854	19694.641545
752022700428.000000 0.018424 0.240108	1.555518	0.000000	1.555518	0.026878	1.191596	0.000000	1.191596	0.020590	-0.999867	0.000000	-0.999867	0.017277	27457.743473
752022743142.000000 0.020556 0.260662	1.816153	0.000000	1.816153	0.036609	1.391254	0.000000	1.391254	0.028044	-1.167401	0.000000	-1.167401	0.023532	33915.433342
752022780685.000000 0.018068 0.278727	2.000000	0.000000	2.000000	0.046681	1.532089	0.000000	1.532089	0.035760	-1.285575	0.000000	-1.285575	0.030006	37284.231563
752022823017.000000 0.020372 0.299096	2.000000	0.000000	2.000000	0.058868	1.532089	0.000000	1.532089	0.045095	-1.285575	0.000000	-1.285575	0.037839	31396.688677
752022868647.000000 0.021959 0.321053	2.000000	0.003000	1.997000	0.072947	1.532089	0.003000	1.529089	0.055876	-1.285575	0.000000	-1.285575	0.046903	36121.970302
752022904936.000000 0.017464 0.338516	2.000000	0.003000	1.997000	0.084753	1.532089	0.003000	1.529089	0.064915	-1.285575	0.000000	-1.285575	0.054503	35159.662894
752022939549.000000 0.016658 0.355171	2.000000	0.003000	1.997000	0.096568	1.532089	0.003000	1.529089	0.073962	-1.285575	0.000000	-1.285575	0.062109	34150.009898
752022974624.000000 0.016880 0.372048	2.000000	0.003000	1.997000	0.109109	1.532089	0.003000	1.529089	0.083565	-1.285575	0.000000	-1.285575	0.070183	33092.380715
752023014997.000000 0.019430 0.391475	2.000000	0.003000	1.997000	0.124299	1.532089	0.003000	1.529089	0.095195	-1.285575	0.000000	-1.285575	0.079961	31979.525501
752023059983.000000 0.021649 0.413122	2.000000	0.009000	1.991000	0.142106	1.532089	0.009000	1.523089	0.108818	-1.285575	0.000000	-1.285575	0.091459	37751.275372
752023099234.000000 0.018890 0.432010	2.000000	0.009000	1.991000	0.158354	1.532089	0.009000	1.523089	0.121247	-1.285575	0.000000	-1.285575	0.101950	36456.115728
752023135657.000000 0.017529 0.449537	2.000000	0.009000	1.991000	0.174042	1.532089	0.009000	1.523089	0.133249	-1.285575	0.000000	-1.285575	0.112080	35108.410563
752023172668.000000 0.017812 0.467346	2.000000	0.009000	1.991000	0.190616	1.532089	0.009000	1.523089	0.145927	-1.285575	0.000000	-1.285575	0.122782	33707.314511
752023213223.000000 0.019517 0.486860	2.000000	0.009000	1.991000	0.209535	1.532089	0.009000	1.523089	0.160400	-1.285575	0.000000	-1.285575	0.134997	32247.714971
752023251647.000000 0.018491 0.505349	2.000000	0.019026	1.980974	0.228046	1.532089	0.019000	1.513089	0.174539	-1.285575	-0.001000	-1.284575	0.147001	30732.684698
752023273743.000000 0.010634 0.515983	2.000000	0.019026	1.980974	0.238916	1.532089	0.019000	1.513089	0.182841	-1.285575	-0.001000	-1.284575	0.154050	38124.630751
752023291997.000000 0.008786 0.524765	2.000000	0.019026	1.980974	0.248049	1.532089	0.019000	1.513089	0.189818	-1.285575	-0.001000	-1.284575	0.159972	36413.213070
752023311132.000000 0.009210 0.533972	2.000000	0.019026	1.980974	0.257791	1.532089	0.019000	1.513089	0.197259	-1.285575	-0.001000	-1.284575	0.166289	34671.766581
752023328968.000000 0.008584 0.542555	2.000000	0.019026	1.980974	0.267018	1.532089	0.019000	1.513089	0.204306	-1.285575	-0.001000	-1.284575	0.172272	32902.328251
752023349556.000000 0.009909 0.552463	2.000000	0.019026	1.980974	0.277862	1.532089	0.019000	1.513089	0.212589	-1.285575	-0.001000	-1.284575	0.179305	31100.579332
752023368325.000000 0.009033 0.561493	2.000000	0.019026	1.980974	0.287910	1.532089	0.019000	1.513089	0.220264	-1.285575	-0.001000	-1.284575	0.185820	29269.380680
752023387025.000000 0.009000 0.570492	2.000000	0.019026	1.980974	0.298082	1.532089	0.019000	1.513089	0.228033	-1.285575	-0.001000	-1.284575	0.192416	27408.832733
752023404655.000000 0.008485 0.578975	2.000000	0.019026	1.980974	0.307813	1.532089	0.019000	1.513089	0.235466	-1.285575	-0.001000	-1.284575	0.198727	25520.619362
752023421143.000000 0.007935 0.586909	2.000000	0.019026	1.980974	0.317039	1.532089	0.019000	1.513089	0.242513	-1.285575	-0.001000	-1.284575	0.204709	23606.531155
752023441071.000000 0.009593 0.596501	2.000000	0.019026	1.980974	0.328374	1.532089	0.019000	1.513089	0.251171	-1.285575	-0.001000	-1.284575	0.212059	21661.160258
752023467676.000000 0.012805 0.609302	2.000000	0.031064	1.968936	0.343736	1.532089	0.031000	1.501089	0.262882	-1.285575	-0.002000	-1.283575	0.222074	30811.023764
752023504295.000000 0.017623 0.626921	2.000000	0.031064	1.968936	0.365488	1.532089	0.031000	1.501089	0.279466	-1.285575	-0.002000	-1.283575	0.236255	28497.501496
752023529737.000000 0.012244 0.639164	2.000000	0.031064	1.968936	0.380898	1.532089	0.031000	1.501089	0.291214	-1.285575	-0.002000	-1.283575	0.246300	26138.799121
752023557560.000000 0.013390 0.652552	2.000000	0.031064	1.968936	0.398102	1.532089	0.031000	1.501089	0.304330	-1.285575	-0.002000	-1.283575	0.257516	23730.693934
752023582266.000000 0.011891 0.664441	2.000000	0.031064	1.968936	0.413658	1.532089	0.031000	1.501089	0.316190	-1.285575	-0.002000	-1.283575	0.267657	21278.713808
752023602476.000000 0.009727 0.674165	2.000000	0.031064	1.968936	0.426569	1.532089	0.031000	1.501089	0.326033	-1.285575	-0.002000	-1.283575	0.276074	18790.847789
752023625943.000000 0.011295 0.685458	2.000000	0.031064	1.968936	0.441812	1.532089	0.031000	1.501089	0.337654	-1.285575	-0.002000	-1.283575	0.286011	16261.308746
752023647293.000000 0.010276 0.695732	2.000000	0.031064	1.968936	0.455889	1.532089	0.031000	1.501089	0.348386	-1.285575	-0.002000	-1.283575	0.295188	13693.855918
752023664598.000000 0.008329 0.704057	2.000000	0.031064	1.968936	0.467435	1.532089	0.031000	1.501089	0.357188	-1.285575	-0.002000	-1.283575	0.302715	11095.679267
752023684983.000000 0.009812 0.713867	2.000000	0.046271	1.953729	0.481119	1.532089	0.046000	1.486089	0.367597	-1.285575	-0.005000	-1.280575	0.311684	20225.426483
752023706693.000000 0.010449 0.724313	2.000000	0.046271	1.953729	0.495905	1.532089	0.046000	1.486089	0.378844	-1.285575	-0.005000	-1.280575	0.321376	17018.114658
752023727133.000000 0.009838 0.734151	2.000000	0.046271	1.953729	0.510016	1.532089	0.046000	1.486089	0.389578	-1.285575	-0.005000	-1.280575	0.330625	13767.237426
752023743531.000000 0.007893 0.742039	2.000000	0.046271	1.953729	0.521459	1.532089	0.046000	1.486089	0.398281	-1.285575	-0.005000	-1.280575	0.338125	10481.430736
752023760232.000000 0.008038 0.750076	2.000000	0.046271	1.953729	0.533238	1.532089	0.046000	1.486089	0.407241	-1.285575	-0.005000	-1.280575	0.345846	7160.038314
752023777764.000000 0.008438 0.758512	2.000000	0.046271	1.953729	0.545743	1.532089	0.046000	1.486089	0.416753	-1.285575	-0.005000	-1.280575	0.354042	3801.289505
752023795236.000000 0.008410 0.766921	2.000000	0.046271	1.953729	0.558344	1.532089	0.046000	1.486089	0.426338	-1.285575	-0.005000	-1.280575	0.362301	405.305760
752023813578.000000 0.008828 0.775746	2.000000	0.046271	1.953729	0.571724	1.532089	0.046000	1.486089	0.436515	-1.285575	-0.005000	-1.280575	0.371072	-3029.758152
752023831037.000000 0.008404 0.784147	2.000000	0.046271	1.953729	0.584598	1.532089	0.046000	1.486089	0.446308	-1.285575	-0.005000	-1.280575	0.379510	-6502.020777
752023851187.000000 0.009698 0.793843	2.000000	0.046271	1.953729	0.599640	1.532089	0.046000	1.486089	0.457749	-1.285575	-0.005000	-1.280575	0.389369	-10017.218106
752023871428.000000 0.009742 0.803582	2.000000	0.046271	1.953729	0.614934	1.532089	0.046000	1.486089	0.469383	-1.285575	-0.005000	-1.280575	0.399393	-13575.539774
752023891688.000000 0.009751 0.813332	2.000000	0.064630	1.935370	0.630283	1.532089	0.064000	1.468089	0.481025	-1.285575	-0.009000	-1.276575	0.409518	-10387.243968
752023915169.000000 0.011301 0.824636	2.000000	0.064630	1.935370	0.648319	1.532089	0.064000	1.468089	0.494707	-1.285575	-0.009000	-1.276575	0.421414	-10387.243968
752023933332.000000 0.008742 0.833370	2.000000	0.064630	1.935370	0.662419	1.532089	0.064000	1.468089	0.505403	-1.285575	-0.009000	-1.276575	0.430715	-10387.243968
752023950001.000000 0.008022 0.841390	2.000000	0.064630	1.935370	0.675483	1.532089	0.064000	1.468089	0.515312	-1.285575	-0.009000	-1.276575	0.439331	-10387.243968
752023966290.000000 0.007840 0.849230	2.000000	0.064630	1.935370	0.688368	1.532089	0.064000	1.468089	0.525087	-1.285575	-0.009000	-1.276575	0.447831	-10387.243968
752023983843.000000 0.008448 0.857676	2.000000	0.064630	1.935370	0.702392	1.532089	0.064000	1.468089	0.535724	-1.285575	-0.009000	-1.276575	0.457081	-10387.243968
752024002929.000000 0.009186 0.866859	2.000000	0.064630	1.935370	0.717803	1.532089	0.064000	1.468089	0.547415	-1.285575	-0.009000	-1.276575	0.467246	-10387.243968
752024020871.000000 0.008635 0.875493	2.000000	0.064630	1.935370	0.732435	1.532089	0.064000	1.468089	0.558514	-1.285575	-0.009000	-1.276575	0.476897	-10387.243968
752024038860.000000 0.008658 0.884149	2.000000	0.064630	1.935370	0.747250	1.532089	0.064000	1.468089	0.569752	-1.285575	-0.009000	-1.276575	0.486670	-10387.243968
752024055446.000000 0.007982 0.892130	2.000000	0.064630	1.935370	0.761033	1.532089	0.064000	1.468089	0.580207	-1.285575	-0.009000	-1.276575	0.495761	-10387.243968
752024073573.000000 0.008724 0.900853	2.000000	0.064630	1.935370	0.776244	1.532089	0.064000	1.468089	0.591745	-1.285575	-0.009000	-1.276575	0.505794	-10387.243968
752024095675.000000 0.010638 0.911489	2.000000	0.085510	1.914490	0.794807	1.532089	0.084000	1.448089	0.605786	-1.285575	-0.016000	-1.269575	0.518104	964.353501
752024121086.000000 0.012230 0.923718	2.000000	0.085510	1.914490	0.816436	1.532089	0.084000	1.448089	0.622146	-1.285575	-0.016000	-1.269575	0.532447	964.353501
752024142222.000000 0.010173 0.933887	2.000000	0.085510	1.914490	0.834624	1.532089	0.084000	1.448089	0.635903	-1.285575	-0.016000	-1.269575	0.544508	964.353501
752024162966.000000 0.009984 0.943868	2.000000	0.085510	1.914490	0.852665	1.532089	0.084000	1.448089	0.649549	-1.285575	-0.016000	-1.269575	0.556472	964.353501
752024181525.000000 0.008932 0.952798	2.000000	0.085510	1.914490	0.868959	1.532089	0.084000	1.448089	0.661873	-1.285575	-0.016000	-1.269575	0.567277	964.353501
752024198797.000000 0.008314 0.961110	2.000000	0.085510	1.914490	0.884256	1.532089	0.084000	1.448089	0.673444	-1.285575	-0.016000	-1.269575	0.577421	964.353501
752024216043.000000 0.008301 0.969408	2.000000	0.085510	1.914490	0.899661	1.532089	0.084000	1.448089	0.685096	-1.285575	-0.016000	-1.269575	0.587637	964.353501
752024232836.000000 0.008083 0.977489	2.000000	0.085510	1.914490	0.914787	1.532089	0.084000	1.448089	0.696537	-1.285575	-0.016000	-1.269575	0.597667	964.353501
752024250115.000000 0.008316 0.985803	2.000000	0.085510	1.914490	0.930483	1.532089	0.084000	1.448089	0.708409	-1.285575	-0.016000	-1.269575	0.608076	964.353501
752024267285.000000 0.008264 0.994065	2.000000	0.085510	1.914490	0.946209	1.532089	0.084000	1.448089	0.720304	-1.285575	-0.016000	-1.269575	0.618505	964.353501
752024284155.000000 0.008121 1.002184	2.000000	0.085510	1.914490	0.961790	1.532089	0.084000	1.448089	0.732089	-1.285575	-0.016000	-1.269575	0.628837	964.353501
752024301367.000000 0.008285 1.010465	2.000000	0.109882	1.890118	0.977613	1.532089	0.107000	1.425089	0.744019	-1.285575	-0.025000	-1.260575	0.639390	9979.329022
752024322720.000000 0.010277 1.020741	2.000000	0.109882	1.890118	0.997441	1.532089	0.107000	1.425089	0.758969	-1.285575	-0.025000	-1.260575	0.652614	9979.329022
752024339924.000000 0.008280 1.029019	2.000000	0.109882	1.890118	1.013546	1.532089	0.107000	1.425089	0.771112	-1.285575	-0.025000	-1.260575	0.663355	9979.329022
752024357063.000000 0.008249 1.037266	2.000000	0.109882	1.890118	1.029718	1.532089	0.107000	1.425089	0.783305	-1.285575	-0.025000	-1.260575	0.674140	9979.329022
752024375075.000000 0.008669 1.045933	2.000000	0.109882	1.890118	1.046856	1.532089	0.107000	1.425089	0.796227	-1.285575	-0.025000	-1.260575	0.685570	9979.329022
752024391442.000000 0.007877 1.053808	2.000000	0.109882	1.890118	1.062546	1.532089	0.107000	1.425089	0.808056	-1.285575	-0.025000	-1.260575	0.696034	9979.329022
752024407876.000000 0.007910 1.061716	2.000000	0.109882	1.890118	1.078419	1.532089	0.107000	1.425089	0.820024	-1.285575	-0.025000	-1.260575	0.706620	9979.329022
752024426335.000000 0.008885 1.070600	2.000000	0.109882	1.890118	1.096398	1.532089	0.107000	1.425089	0.833580	-1.285575	-0.025000	-1.260575	0.718611	9979.329022
752024444961.000000 0.008965 1.079562	2.000000	0.109882	1.890118	1.114690	1.532089	0.107000	1.425089	0.847371	-1.285575	-0.025000	-1.260575	0.730811	9979.329022
752024462082.000000 0.008241 1.087801	2.000000	0.109882	1.890118	1.131634	1.532089	0.107000	1.425089	0.860147	-1.285575	-0.025000	-1.260575	0.742111	9979.329022
752024480899.000000 0.009057 1.096854	2.000000	0.109882	1.890118	1.150410	1.532089	0.107000	1.425089	0.874303	-1.285575	-0.025000	-1.260575	0.754633	9979.329022
752024497657.000000 0.008066 1.104920	2.000000	0.109882	1.890118	1.167256	1.532089	0.107000	1.425089	0.887004	-1.285575	-0.025000	-1.260575	0.765868	9979.329022
752024515749.000000 0.008708 1.113625	2.000000	0.137088	1.862912	1.185321	1.532089	0.132000	1.400089	0.900582	-1.285575	-0.037000	-1.248575	0.777976	21510.782905
752024536921.000000 0.010190 1.123814	2.000000	0.137088	1.862912	1.206655	1.532089	0.132000	1.400089	0.916615	-1.285575	-0.037000	-1.248575	0.792275	21510.782905
752024561199.000000 0.011685 1.135495	2.000000	0.137088	1.862912	1.231373	1.532089	0.132000	1.400089	0.935192	-1.285575	-0.037000	-1.248575	0.808841	21510.782905
752024579099.000000 0.008615 1.144108	2.000000	0.137088	1.862912	1.249735	1.532089	0.132000	1.400089	0.948992	-1.285575	-0.037000	-1.248575	0.821148	21510.782905
752024597217.000000 0.008721 1.152828	2.000000	0.137088	1.862912	1.268464	1.532089	0.132000	1.400089	0.963068	-1.285575	-0.037000	-1.248575	0.833701	21510.782905
752024618870.000000 0.010422 1.163247	2.000000	0.137088	1.862912	1.291050	1.532089	0.132000	1.400089	0.980042	-1.285575	-0.037000	-1.248575	0.848838	21510.782905
752024636244.000000 0.008362 1.171606	2.000000	0.137088	1.862912	1.309301	1.532089	0.132000	1.400089	0.993759	-1.285575	-0.037000	-1.248575	0.861071	21510.782905
752024659099.000000 0.011000 1.182605	2.000000	0.137088	1.862912	1.333535	1.532089	0.132000	1.400089	1.011973	-1.285575	-0.037000	-1.248575	0.877313	21510.782905
752024678859.000000 0.009511 1.192112	2.000000	0.137088	1.862912	1.354656	1.532089	0.132000	1.400089	1.027847	-1.285575	-0.037000	-1.248575	0.891469	21510.782905
752024697641.000000 0.009040 1.201150	2.000000	0.137088	1.862912	1.374885	1.532089	0.132000	1.400089	1.043050	-1.285575	-0.037000	-1.248575	0.905027	21510.782905
752024715079.000000 0.008393 1.209540	2.000000	0.166652	1.833348	1.393496	1.532089	0.158000	1.374089	1.056999	-1.285575	-0.053000	-1.232575	0.917540	26575.529065
752024736379.000000 0.010251 1.219790	2.000000	0.166652	1.833348	1.416421	1.532089	0.158000	1.374089	1.074181	-1.285575	-0.053000	-1.232575	0.932952	26575.529065
752024753539.000000 0.008260 1.228047	2.000000	0.166652	1.833348	1.435017	1.532089	0.158000	1.374089	1.088119	-1.285575	-0.053000	-1.232575	0.945455	26575.529065
752024774036.000000 0.009865 1.237910	2.000000	0.166652	1.833348	1.457406	1.532089	0.158000	1.374089	1.104899	-1.285575	-0.053000	-1.232575	0.960507	26575.529065
752024792131.000000 0.008709 1.246619	2.000000	0.166652	1.833348	1.477311	1.532089	0.158000	1.374089	1.119817	-1.285575	-0.053000	-1.232575	0.973889	26575.529065
752024818899.000000 0.012883 1.259499	2.000000	0.166652	1.833348	1.507059	1.532089	0.158000	1.374089	1.142113	-1.285575	-0.053000	-1.232575	0.993888	26575.529065
752024843028.000000 0.011613 1.271109	2.000000	0.166652	1.833348	1.534122	1.532089	0.158000	1.374089	1.162397	-1.285575	-0.053000	-1.232575	1.012083	26575.529065
752024864559.000000 0.010362 1.281469	2.000000	0.166652	1.833348	1.558467	1.532089	0.158000	1.374089	1.180644	-1.285575	-0.053000	-1.232575	1.028451	26575.529065
752024888107.000000 0.011333 1.292801	2.000000	0.166652	1.833348	1.585328	1.532089	0.158000	1.374089	1.200776	-1.285575	-0.053000	-1.232575	1.046510	26575.529065
752024915332.000000 0.013102 1.305900	2.000000	0.198517	1.801483	1.616152	1.532089	0.185000	1.347089	1.223825	-1.285575	-0.072000	-1.213575	1.067274	26575.529065
752024940405.000000 0.012068 1.317967	2.000000	0.198517	1.801483	1.644805	1.532089	0.185000	1.347089	1.245251	-1.285575	-0.072000	-1.213575	1.086576	30966.887798
752024963115.000000 0.010930 1.328893	2.000000	0.198517	1.801483	1.670970	1.532089	0.185000	1.347089	1.264817	-1.285575	-0.072000	-1.213575	1.104203	30966.887798
752024982967.000000 0.009555 1.338446	2.000000	0.198517	1.801483	1.694008	1.532089	0.185000	1.347089	1.282043	-1.285575	-0.072000	-1.213575	1.119722	30966.887798
752025001373.000000 0.008859 1.347303	2.000000	0.198517	1.801483	1.715511	1.532089	0.185000	1.347089	1.298122	-1.285575	-0.072000	-1.213575	1.134208	30966.887798
752025020834.000000 0.009366 1.356668	2.000000	0.198517	1.801483	1.738402	1.532089	0.185000	1.347089	1.315240	-1.285575	-0.072000	-1.213575	1.149629	30966.887798
752025041475.000000 0.009935 1.366600	2.000000	0.198517	1.801483	1.762861	1.532089	0.185000	1.347089	1.333529	-1.285575	-0.072000	-1.213575	1.166105	30966.887798
752025065747.000000 0.011681 1.378280	2.000000	0.198517	1.801483	1.791865	1.532089	0.185000	1.347089	1.355218	-1.285575	-0.072000	-1.213575	1.185644	30966.887798
752025090618.000000 0.011970 1.390247	2.000000	0.198517	1.801483	1.821843	1.532089	0.185000	1.347089	1.377634	-1.285575	-0.072000	-1.213575	1.205839	30966.887798
752025115679.000000 0.012061 1.402307	2.000000	0.198517	1.801483	1.852312	1.532089	0.185000	1.347089	1.400418	-1.285575	-0.072000	-1.213575	1.226364	30966.887798
752025142927.000000 0.013114 1.415418	2.000000	0.234651	1.765349	1.885080	1.532089	0.215000	1.317089	1.424865	-1.285575	-0.094000	-1.191575	1.248482	30966.887798
752025168117.000000 0.012124 1.427539	2.000000	0.234651	1.765349	1.915633	1.532089	0.215000	1.317089	1.447660	-1.285575	-0.094000	-1.191575	1.269104	32846.780404
752025193542.000000 0.012237 1.439774	2.000000	0.234651	1.765349	1.946735	1.532089	0.215000	1.317089	1.470865	-1.285575	-0.094000	-1.191575	1.290098	32846.780404
752025217364.000000 0.011465 1.451236	2.000000	0.234651	1.765349	1.976108	1.532089	0.215000	1.317089	1.492780	-1.285575	-0.094000	-1.191575	1.309924	32846.780404
752025241153.000000 0.011449 1.462683	2.000000	0.234651	1.765349	2.005671	1.532089	0.215000	1.317089	1.514836	-1.285575	-0.094000	-1.191575	1.329879	32846.780404
752025267303.000000 0.012585 1.475267	2.000000	0.234651	1.765349	2.038448	1.532089	0.215000	1.317089	1.539290	-1.285575	-0.094000	-1.191575	1.352002	32846.780404
752025293722.000000 0.012715 1.487980	2.000000	0.234651	1.765349	2.071847	1.532089	0.215000	1.317089	1.564208	-1.285575	-0.094000	-1.191575	1.374546	32846.780404
752025319770.000000 0.012536 1.500514	2.000000	0.234651	1.765349	2.105054	1.532089	0.215000	1.317089	1.588984	-1.285575	-0.094000	-1.191575	1.396960	32846.780404
752025343271.000000 0.011311 1.511823	2.000000	0.273271	1.726729	2.134583	1.532089	0.246000	1.286089	1.610977	-1.285575	-0.119000	-1.166575	1.416910	32846.780404
752025364278.000000 0.010110 1.521931	2.000000	0.273271	1.726729	2.161152	1.532089	0.246000	1.286089	1.630766	-1.285575	-0.119000	-1.166575	1.434860	37271.087826
752025386996.000000 0.010934 1.532862	2.000000	0.273271	1.726729	2.190092	1.532089	0.246000	1.286089	1.652321	-1.285575	-0.119000	-1.166575	1.454412	37271.087826
752025407720.000000 0.009974 1.542834	2.000000	0.273271	1.726729	2.216664	1.532089	0.246000	1.286089	1.672111	-1.285575	-0.119000	-1.166575	1.472363	37271.087826
752025425474.000000 0.008545 1.551377	2.000000	0.273271	1.726729	2.239554	1.532089	0.246000	1.286089	1.689161	-1.285575	-0.119000	-1.166575	1.487828	37271.087826
752025440617.000000 0.007289 1.558664	2.000000	0.273271	1.726729	2.259172	1.532089	0.246000	1.286089	1.703772	-1.285575	-0.119000	-1.166575	1.501082	37271.087826
752025455094.000000 0.006968 1.565629	2.000000	0.273271	1.726729	2.278008	1.532089	0.246000	1.286089	1.717802	-1.285575	-0.119000	-1.166575	1.513808	37271.087826
752025469530.000000 0.006948 1.572576	2.000000	0.273271	1.726729	2.296876	1.532089	0.246000	1.286089	1.731855	-1.285575	-0.119000	-1.166575	1.526555	37271.087826
752025483458.000000 0.006703 1.579278	2.000000	0.273271	1.726729	2.315156	1.532089	0.246000	1.286089	1.745470	-1.285575	-0.119000	-1.166575	1.538905	37271.087826
752025497710.000000 0.006859 1.586135	2.000000	0.273271	1.726729	2.333943	1.532089	0.246000	1.286089	1.759463	-1.285575	-0.119000	-1.166575	1.551597	37271.087826
752025513521.000000 0.007610 1.593744	2.000000	0.273271	1.726729	2.354886	1.532089	0.246000	1.286089	1.775061	-1.285575	-0.119000	-1.166575	1.565746	37271.087826
752025527845.000000 0.006894 1.600636	2.000000	0.273271	1.726729	2.373940	1.532089	0.246000	1.286089	1.789253	-1.285575	-0.119000	-1.166575	1.578619	37271.087826
752025541887.000000 0.006759 1.607393	2.000000	0.273271	1.726729	2.392699	1.532089	0.246000	1.286089	1.803225	-1.285575	-0.119000	-1.166575	1.591293	37271.087826
752025557526.000000 0.007527 1.614919	2.000000	0.315357	1.684643	2.413178	1.532089	0.279000	1.253089	1.818457	-1.285575	-0.147000	-1.138575	1.605133	37988.574505
752025576196.000000 0.008986 1.623903	2.000000	0.315357	1.684643	2.437760	1.532089	0.279000	1.253089	1.836743	-1.285575	-0.147000	-1.138575	1.621747	37988.574505
752025597178.000000 0.010098 1.634001	2.000000	0.315357	1.684643	2.465558	1.532089	0.279000	1.253089	1.857419	-1.285575	-0.147000	-1.138575	1.640534	37988.574505
752025612201.000000 0.007231 1.641228	2.000000	0.315357	1.684643	2.485550	1.532089	0.279000	1.253089	1.872290	-1.285575	-0.147000	-1.138575	1.654046	37988.574505
752025626816.000000 0.007035 1.648261	2.000000	0.315357	1.684643	2.505083	1.532089	0.279000	1.253089	1.886820	-1.285575	-0.147000	-1.138575	1.667248	37988.574505
752025641420.000000 0.007029 1.655288	2.000000	0.315357	1.684643	2.524685	1.532089	0.279000	1.253089	1.901400	-1.285575	-0.147000	-1.138575	1.680496	37988.574505
752025655570.000000 0.006810 1.662097	2.000000	0.315357	1.684643	2.543754	1.532089	0.279000	1.253089	1.915584	-1.285575	-0.147000	-1.138575	1.693384	37988.574505
752025670661.000000 0.007264 1.669359	2.000000	0.315357	1.684643	2.564181	1.532089	0.279000	1.253089	1.930778	-1.285575	-0.147000	-1.138575	1.707190	37988.574505
752025685444.000000 0.007115 1.676472	2.000000	0.315357	1.684643	2.584275	1.532089	0.279000	1.253089	1.945725	-1.285575	-0.147000	-1.138575	1.720770	37988.574505
752025700545.000000 0.007268 1.683738	2.000000	0.315357	1.684643	2.604891	1.532089	0.279000	1.253089	1.961060	-1.285575	-0.147000	-1.138575	1.734704	37988.574505
752025715218.000000 0.007062 1.690799	2.000000	0.315357	1.684643	2.625006	1.532089	0.279000	1.253089	1.976022	-1.285575	-0.147000	-1.138575	1.748299	37988.574505
752025730736.000000 0.007469 1.698266	2.000000	0.315357	1.684643	2.646374	1.532089	0.279000	1.253089	1.991916	-1.285575	-0.147000	-1.138575	1.762740	37988.574505
752025745640.000000 0.007173 1.705437	2.000000	0.315357	1.684643	2.666982	1.532089	0.279000	1.253089	2.007245	-1.285575	-0.147000	-1.138575	1.776668	37988.574505
752025760916.000000 0.007353 1.712789	2.000000	0.360074	1.639926	2.687635	1.532089	0.313000	1.219089	2.022598	-1.285575	-0.178000	-1.107575	1.790617	37988.574505
752025776864.000000 0.007676 1.720463	2.000000	0.360074	1.639926	2.709292	1.532089	0.313000	1.219089	2.038697	-1.285575	-0.178000	-1.107575	1.805243	41024.756562
752025793386.000000 0.007952 1.728413	2.000000	0.360074	1.639926	2.731832	1.532089	0.313000	1.219089	2.055453	-1.285575	-0.178000	-1.107575	1.820467	41024.756562
752025807706.000000 0.006893 1.735304	2.000000	0.360074	1.639926	2.751447	1.532089	0.313000	1.219089	2.070034	-1.285575	-0.178000	-1.107575	1.833714	41024.756562
752025822359.000000 0.007052 1.742354	2.000000	0.360074	1.639926	2.771598	1.532089	0.313000	1.219089	2.085014	-1.285575	-0.178000	-1.107575	1.847324	41024.756562
752025837644.000000 0.007357 1.749709	2.000000	0.360074	1.639926	2.792708	1.532089	0.313000	1.219089	2.100707	-1.285575	-0.178000	-1.107575	1.861581	41024.756562
752025852132.000000 0.006974 1.756681	2.000000	0.360074	1.639926	2.812798	1.532089	0.313000	1.219089	2.115642	-1.285575	-0.178000	-1.107575	1.875150	41024.756562
752025866777.000000 0.007048 1.763727	2.000000	0.360074	1.639926	2.833185	1.532089	0.313000	1.219089	2.130797	-1.285575	-0.178000	-1.107575	1.888919	41024.756562
752025881953.000000 0.007305 1.771031	2.000000	0.360074	1.639926	2.854402	1.532089	0.313000	1.219089	2.146569	-1.285575	-0.178000	-1.107575	1.903248	41024.756562
752025896781.000000 0.007137 1.778166	2.000000	0.360074	1.639926	2.875214	1.532089	0.313000	1.219089	2.162040	-1.285575	-0.178000	-1.107575	1.917304	41024.756562
752025914411.000000 0.008485 1.786649	2.000000	0.360074	1.639926	2.900074	1.532089	0.313000	1.219089	2.180521	-1.285575	-0.178000	-1.107575	1.934094	41024.756562
752025930094.000000 0.007548 1.794196	2.000000	0.360074	1.639926	2.922283	1.532089	0.313000	1.219089	2.197030	-1.285575	-0.178000	-1.107575	1.949094	41024.756562
752025947731.000000 0.008489 1.802683	2.000000	0.360074	1.639926	2.947378	1.532089	0.313000	1.219089	2.215685	-1.285575	-0.178000	-1.107575	1.966042	41024.756562
752025962451.000000 0.007085 1.809765	2.000000	0.360074	1.639926	2.968404	1.532089	0.313000	1.219089	2.231316	-1.285575	-0.178000	-1.107575	1.980243	41024.756562
752025976633.000000 0.006826 1.816589	2.000000	0.406971	1.593029	2.988158	1.532089	0.348000	1.184089	2.245999	-1.285575	-0.211000	-1.074575	1.993568	37600.356178
752025990903.000000 0.006869 1.823456	2.000000	0.406971	1.593029	3.008110	1.532089	0.348000	1.184089	2.260829	-1.285575	-0.211000	-1.074575	2.007026	37600.356178
752026006681.000000 0.007594 1.831048	2.000000	0.406971	1.593029	3.030260	1.532089	0.348000	1.184089	2.277293	-1.285575	-0.211000	-1.074575	2.021968	37600.356178
752026020961.000000 0.006873 1.837920	2.000000	0.406971	1.593029	3.050384	1.532089	0.348000	1.184089	2.292251	-1.285575	-0.211000	-1.074575	2.035543	37600.356178
752026034955.000000 0.006735 1.844653	2.000000	0.406971	1.593029	3.070176	1.532089	0.348000	1.184089	2.306963	-1.285575	-0.211000	-1.074575	2.048893	37600.356178
752026048894.000000 0.006709 1.851362	2.000000	0.406971	1.593029	3.089964	1.532089	0.348000	1.184089	2.321671	-1.285575	-0.211000	-1.074575	2.062241	37600.356178
752026062904.000000 0.006743 1.858102	2.000000	0.406971	1.593029	3.109923	1.532089	0.348000	1.184089	2.336506	-1.285575	-0.211000	-1.074575	2.075704	37600.356178
752026076796.000000 0.006687 1.864788	2.000000	0.406971	1.593029	3.129787	1.532089	0.348000	1.184089	2.351271	-1.285575	-0.211000	-1.074575	2.089103	37600.356178
752026092033.000000 0.007333 1.872119	2.000000	0.406971	1.593029	3.151657	1.532089	0.348000	1.184089	2.367527	-1.285575	-0.211000	-1.074575	2.103856	37600.356178
752026108278.000000 0.007818 1.879936	2.000000	0.406971	1.593029	3.175072	1.532089	0.348000	1.184089	2.384931	-1.285575	-0.211000	-1.074575	2.119650	37600.356178
752026122622.000000 0.006904 1.886839	2.000000	0.406971	1.593029	3.195824	1.532089	0.348000	1.184089	2.400356	-1.285575	-0.211000	-1.074575	2.133649	37600.356178
752026136610.000000 0.006732 1.893569	2.000000	0.406971	1.593029	3.216133	1.532089	0.348000	1.184089	2.415451	-1.285575	-0.211000	-1.074575	2.147348	37600.356178
752026150657.000000 0.006761 1.900328	2.000000	0.406971	1.593029	3.236601	1.532089	0.348000	1.184089	2.430665	-1.285575	-0.211000	-1.074575	2.161154	37600.356178
752026165508.000000 0.007148 1.907475	2.000000	0.406971	1.593029	3.258320	1.532089	0.348000	1.184089	2.446809	-1.285575	-0.211000	-1.074575	2.175805	37600.356178
752026185410.000000 0.009579 1.917052	2.000000	0.457962	1.542038	3.286637	1.532089	0.385000	1.147089	2.467873	-1.285575	-0.248000	-1.037575	2.194859	31669.693593
752026205572.000000 0.009704 1.926754	2.000000	0.457962	1.542038	3.315468	1.532089	0.385000	1.147089	2.489320	-1.285575	-0.248000	-1.037575	2.214258	31669.693593
752026248725.000000 0.020767 1.947519	2.000000	0.457962	1.542038	3.377835	1.532089	0.385000	1.147089	2.535714	-1.285575	-0.248000	-1.037575	2.256222	31669.693593
752026301503.000000 0.025398 1.972915	2.000000	0.457962	1.542038	3.455105	1.532089	0.385000	1.147089	2.593193	-1.285575	-0.248000	-1.037575	2.308214	31669.693593
752026324495.000000 0.011065 1.983978	2.000000	0.457962	1.542038	3.488958	1.532089	0.385000	1.147089	2.618376	-1.285575	-0.248000	-1.037575	2.330992	31669.693593
752026345602.000000 0.010159 1.994136	2.000000	0.457962	1.542038	3.520197	1.532089	0.385000	1.147089	2.641614	-1.285575	-0.248000	-1.037575	2.352012	31669.693593
752026365561.000000 0.009607 2.003739	2.000000	0.457962	1.542038	3.549880	1.532089	0.385000	1.147089	2.663694	-1.285575	-0.248000	-1.037575	2.371984	31669.693593
752026390908.000000 0.012199 2.015936	2.000000	0.511713	1.488287	3.586481	1.532089	0.425000	1.107089	2.690920	-1.285575	-0.285000	-1.000575	2.396591	25440.135095
752026427519.000000 0.017619 2.033554	2.000000	0.511713	1.488287	3.639806	1.532089	0.425000	1.107089	2.730587	-1.285575	-0.285000	-1.000575	2.432441	25440.135095
752026453530.000000 0.012520 2.046071	2.000000	0.511713	1.488287	3.677932	1.532089	0.425000	1.107089	2.758947	-1.285575	-0.285000	-1.000575	2.458073	25440.135095
752026472492.000000 0.009126 2.055194	2.000000	0.511713	1.488287	3.705846	1.532089	0.425000	1.107089	2.779712	-1.285575	-0.285000	-1.000575	2.476840	25440.135095
752026489633.000000 0.008251 2.063442	2.000000	0.511713	1.488287	3.731184	1.532089	0.425000	1.107089	2.798560	-1.285575	-0.285000	-1.000575	2.493875	25440.135095
752026510333.000000 0.009963 2.073403	2.000000	0.511713	1.488287	3.761928	1.532089	0.425000	1.107089	2.821430	-1.285575	-0.285000	-1.000575	2.514544	25440.135095
752026563656.000000 0.025698 2.099098	2.000000	0.570032	1.429968	3.839063	1.532089	0.469000	1.063089	2.878774	-1.285575	-0.324000	-0.961575	2.566413	25440.135095
752026613648.000000 0.024058 2.123116	2.000000	0.570032	1.429968	3.912102	1.532089	0.469000	1.063089	2.933074	-1.285575	-0.324000	-0.961575	2.615528	14306.245222
752026634877.000000 0.010218 2.133333	2.000000	0.570032	1.429968	3.943272	1.532089	0.469000	1.063089	2.956247	-1.285575	-0.324000	-0.961575	2.636488	14306.245222
752026653505.000000 0.008966 2.142296	2.000000	0.570032	1.429968	3.970737	1.532089	0.469000	1.063089	2.976665	-1.285575	-0.324000	-0.961575	2.654957	14306.245222
752026670069.000000 0.007972 2.150265	2.000000	0.570032	1.429968	3.995249	1.532089	0.469000	1.063089	2.994889	-1.285575	-0.324000	-0.961575	2.671440	14306.245222
752026686294.000000 0.007809 2.158073	2.000000	0.570032	1.429968	4.019348	1.532089	0.469000	1.063089	3.012805	-1.285575	-0.324000	-0.961575	2.687645	14306.245222
752026703008.000000 0.008044 2.166115	2.000000	0.570032	1.429968	4.044264	1.532089	0.469000	1.063089	3.031329	-1.285575	-0.324000	-0.961575	2.704400	14306.245222
752026720398.000000 0.008370 2.174485	2.000000	0.570032	1.429968	4.070290	1.532089	0.469000	1.063089	3.050677	-1.285575	-0.324000	-0.961575	2.721901	14306.245222
752026738808.000000 0.008861 2.183343	2.000000	0.570032	1.429968	4.097954	1.532089	0.469000	1.063089	3.071243	-1.285575	-0.324000	-0.961575	2.740503	14306.245222
752026755742.000000 0.008150 2.191491	2.000000	0.570032	1.429968	4.123494	1.532089	0.469000	1.063089	3.090231	-1.285575	-0.324000	-0.961575	2.757677	14306.245222
752026772530.000000 0.008080 2.199569	2.000000	0.570032	1.429968	4.148909	1.532089	0.469000	1.063089	3.109125	-1.285575	-0.324000	-0.961575	2.774767	14306.245222
752026788903.000000 0.007880 2.207447	2.000000	0.570032	1.429968	4.173784	1.532089	0.469000	1.063089	3.127618	-1.285575	-0.324000	-0.961575	2.791495	14306.245222
752026805924.000000 0.008193 2.215639	2.000000	0.629499	1.370501	4.198662	1.532089	0.515000	1.017089	3.146080	-1.285575	-0.362000	-0.923575	2.808260	11956.710688
752026825856.000000 0.009593 2.225230	2.000000	0.629499	1.370501	4.227917	1.532089	0.515000	1.017089	3.167792	-1.285575	-0.362000	-0.923575	2.827975	11956.710688
752026844365.000000 0.008908 2.234136	2.000000	0.629499	1.370501	4.255194	1.532089	0.515000	1.017089	3.188034	-1.285575	-0.362000	-0.923575	2.846356	11956.710688
752026861398.000000 0.008198 2.242332	2.000000	0.629499	1.370501	4.280387	1.532089	0.515000	1.017089	3.206731	-1.285575	-0.362000	-0.923575	2.863334	11956.710688
752026879671.000000 0.008795 2.251125	2.000000	0.629499	1.370501	4.307522	1.532089	0.515000	1.017089	3.226869	-1.285575	-0.362000	-0.923575	2.881620	11956.710688
752026895846.000000 0.007786 2.258908	2.000000	0.629499	1.370501	4.331625	1.532089	0.515000	1.017089	3.244757	-1.285575	-0.362000	-0.923575	2.897863	11956.710688
752026912507.000000 0.008019 2.266925	2.000000	0.629499	1.370501	4.356539	1.532089	0.515000	1.017089	3.263246	-1.285575	-0.362000	-0.923575	2.914653	11956.710688
752026929180.000000 0.008025 2.274948	2.000000	0.629499	1.370501	4.381559	1.532089	0.515000	1.017089	3.281814	-1.285575	-0.362000	-0.923575	2.931513	11956.710688
752026945844.000000 0.008021 2.282966	2.000000	0.629499	1.370501	4.406654	1.532089	0.515000	1.017089	3.300437	-1.285575	-0.362000	-0.923575	2.948425	11956.710688
752026963223.000000 0.008365 2.291329	2.000000	0.629499	1.370501	4.432921	1.532089	0.515000	1.017089	3.319931	-1.285575	-0.362000	-0.923575	2.966126	11956.710688
752026979917.000000 0.008035 2.299362	2.000000	0.629499	1.370501	4.458241	1.532089	0.515000	1.017089	3.338722	-1.285575	-0.362000	-0.923575	2.983189	11956.710688
752026995675.000000 0.007585 2.306945	2.000000	0.629499	1.370501	4.482221	1.532089	0.515000	1.017089	3.356518	-1.285575	-0.362000	-0.923575	2.999349	11956.710688
752027012027.000000 0.007870 2.314813	2.000000	0.690051	1.309949	4.506086	1.532089	0.563000	0.969089	3.374173	-1.285575	-0.399000	-0.886575	3.015501	6580.571451
752027030395.000000 0.008840 2.323652	2.000000	0.690051	1.309949	4.532995	1.532089	0.563000	0.969089	3.394080	-1.285575	-0.399000	-0.886575	3.033713	6580.571451
752027054881.000000 0.011785 2.335435	2.000000	0.690051	1.309949	4.569049	1.532089	0.563000	0.969089	3.420752	-1.285575	-0.399000	-0.886575	3.058114	6580.571451
752027076505.000000 0.010407 2.345839	2.000000	0.690051	1.309949	4.601028	1.532089	0.563000	0.969089	3.444410	-1.285575	-0.399000	-0.886575	3.079758	6580.571451
752027094037.000000 0.008438 2.354276	2.000000	0.690051	1.309949	4.627051	1.532089	0.563000	0.969089	3.463662	-1.285575	-0.399000	-0.886575	3.097370	6580.571451
752027111964.000000 0.008628 2.362902	2.000000	0.690051	1.309949	4.653758	1.532089	0.563000	0.969089	3.483420	-1.285575	-0.399000	-0.886575	3.115445	6580.571451
752027129294.000000 0.008341 2.371241	2.000000	0.690051	1.309949	4.679667	1.532089	0.563000	0.969089	3.502587	-1.285575	-0.399000	-0.886575	3.132981	6580.571451
752027145653.000000 0.007873 2.379112	2.000000	0.690051	1.309949	4.704204	1.532089	0.563000	0.969089	3.520739	-1.285575	-0.399000	-0.886575	3.149587	6580.571451
752027162477.000000 0.008097 2.387209	2.000000	0.690051	1.309949	4.729526	1.532089	0.563000	0.969089	3.539472	-1.285575	-0.399000	-0.886575	3.166725	6580.571451
752027180500.000000 0.008674 2.395881	2.000000	0.690051	1.309949	4.756750	1.532089	0.563000	0.969089	3.559612	-1.285575	-0.399000	-0.886575	3.185151	6580.571451
752027196623.000000 0.007760 2.403639	2.000000	0.690051	1.309949	4.781184	1.532089	0.563000	0.969089	3.577689	-1.285575	-0.399000	-0.886575	3.201688	6580.571451
752027213000.000000 0.007882 2.411520	2.000000	0.690051	1.309949	4.806085	1.532089	0.563000	0.969089	3.596110	-1.285575	-0.399000	-0.886575	3.218540	6580.571451
752027229732.000000 0.008053 2.419571	2.000000	0.750846	1.249154	4.830425	1.532089	0.612000	0.920089	3.614038	-1.285575	-0.435000	-0.850575	3.235114	5980.176701
752027248994.000000 0.009271 2.428841	2.000000	0.750846	1.249154	4.858553	1.532089	0.612000	0.920089	3.634756	-1.285575	-0.435000	-0.850575	3.254267	5980.176701
752027266254.000000 0.008307 2.437145	2.000000	0.750846	1.249154	4.883844	1.532089	0.612000	0.920089	3.653385	-1.285575	-0.435000	-0.850575	3.271488	5980.176701
752027283284.000000 0.008197 2.445340	2.000000	0.750846	1.249154	4.908881	1.532089	0.612000	0.920089	3.671826	-1.285575	-0.435000	-0.850575	3.288537	5980.176701
752027300260.000000 0.008171 2.453508	2.000000	0.750846	1.249154	4.933923	1.532089	0.612000	0.920089	3.690271	-1.285575	-0.435000	-0.850575	3.305588	5980.176701
752027318571.000000 0.008814 2.462321	2.000000	0.750846	1.249154	4.961032	1.532089	0.612000	0.920089	3.710239	-1.285575	-0.435000	-0.850575	3.324047	5980.176701
752027335770.000000 0.008279 2.470597	2.000000	0.750846	1.249154	4.986582	1.532089	0.612000	0.920089	3.729058	-1.285575	-0.435000	-0.850575	3.341445	5980.176701
752027352764.000000 0.008179 2.478773	2.000000	0.750846	1.249154	5.011908	1.532089	0.612000	0.920089	3.747713	-1.285575	-0.435000	-0.850575	3.358690	5980.176701
752027369524.000000 0.008066 2.486837	2.000000	0.750846	1.249154	5.036965	1.532089	0.612000	0.920089	3.766169	-1.285575	-0.435000	-0.850575	3.375752	5980.176701
752027385990.000000 0.007926 2.494762	2.000000	0.750846	1.249154	5.061664	1.532089	0.612000	0.920089	3.784362	-1.285575	-0.435000	-0.850575	3.392570	5980.176701
752027403666.000000 0.008507 2.503267	2.000000	0.750846	1.249154	5.088267	1.532089	0.612000	0.920089	3.803956	-1.285575	-0.435000	-0.850575	3.410684	5980.176701
752027423340.000000 0.009469 2.512735	2.000000	0.811062	1.188938	5.116556	1.532089	0.661000	0.871089	3.824683	-1.285575	-0.470000	-0.815575	3.430090	5980.176701
752027441148.000000 0.008571 2.521304	2.000000	0.811062	1.188938	5.142251	1.532089	0.661000	0.871089	3.843508	-1.285575	-0.470000	-0.815575	3.447716	3985.564293
752027462402.000000 0.010230 2.531531	2.000000	0.811062	1.188938	5.173040	1.532089	0.661000	0.871089	3.866067	-1.285575	-0.470000	-0.815575	3.468836	3985.564293
752027482915.000000 0.009873 2.541401	2.000000	0.811062	1.188938	5.202873	1.532089	0.661000	0.871089	3.887924	-1.285575	-0.470000	-0.815575	3.489300	3985.564293
752027504995.000000 0.010627 2.552026	2.000000	0.811062	1.188938	5.235116	1.532089	0.661000	0.871089	3.911547	-1.285575	-0.470000	-0.815575	3.511418	3985.564293
752027525014.000000 0.009635 2.561659	2.000000	0.811062	1.188938	5.264461	1.532089	0.661000	0.871089	3.933047	-1.285575	-0.470000	-0.815575	3.531548	3985.564293
752027544013.000000 0.009145 2.570802	2.000000	0.811062	1.188938	5.292413	1.532089	0.661000	0.871089	3.953526	-1.285575	-0.470000	-0.815575	3.550722	3985.564293
752027560857.000000 0.008107 2.578906	2.000000	0.811062	1.188938	5.317270	1.532089	0.661000	0.871089	3.971738	-1.285575	-0.470000	-0.815575	3.567774	3985.564293
752027576954.000000 0.007748 2.586651	2.000000	0.811062	1.188938	5.341097	1.532089	0.661000	0.871089	3.989195	-1.285575	-0.470000	-0.815575	3.584118	3985.564293
752027594949.000000 0.008661 2.595310	2.000000	0.811062	1.188938	5.367822	1.532089	0.661000	0.871089	4.008776	-1.285575	-0.470000	-0.815575	3.602451	3985.564293
752027611362.000000 0.007900 2.603209	2.000000	0.811062	1.188938	5.392272	1.532089	0.661000	0.871089	4.026689	-1.285575	-0.470000	-0.815575	3.619223	3985.564293
752027627641.000000 0.007835 2.611041	2.000000	0.811062	1.188938	5.416596	1.532089	0.661000	0.871089	4.044510	-1.285575	-0.470000	-0.815575	3.635908	3985.564293
752027645784.000000 0.008733 2.619774	2.000000	0.871858	1.128142	5.442406	1.532089	0.710000	0.822089	4.063319	-1.285575	-0.506000	-0.779575	3.653744	799.345608
752027664001.000000 0.008768 2.628538	2.000000	0.871858	1.128142	5.468406	1.532089	0.710000	0.822089	4.082265	-1.285575	-0.506000	-0.779575	3.671710	799.345608
752027681795.000000 0.008565 2.637100	2.000000	0.871858	1.128142	5.493886	1.532089	0.710000	0.822089	4.100833	-1.285575	-0.506000	-0.779575	3.689318	799.345608
752027700451.000000 0.008980 2.646079	2.000000	0.871858	1.128142	5.520692	1.532089	0.710000	0.822089	4.120366	-1.285575	-0.506000	-0.779575	3.707841	799.345608
752027717140.000000 0.008033 2.654107	2.000000	0.871858	1.128142	5.544743	1.532089	0.710000	0.822089	4.137892	-1.285575	-0.506000	-0.779575	3.724461	799.345608
752027734577.000000 0.008393 2.662500	2.000000	0.871858	1.128142	5.569953	1.532089	0.710000	0.822089	4.156263	-1.285575	-0.506000	-0.779575	3.741881	799.345608
752027751086.000000 0.007945 2.670442	2.000000	0.871858	1.128142	5.593889	1.532089	0.710000	0.822089	4.173706	-1.285575	-0.506000	-0.779575	3.758422	799.345608
752027767512.000000 0.007907 2.678348	2.000000	0.871858	1.128142	5.617781	1.532089	0.710000	0.822089	4.191116	-1.285575	-0.506000	-0.779575	3.774932	799.345608
752027785140.000000 0.008484 2.686829	2.000000	0.871858	1.128142	5.643498	1.532089	0.710000	0.822089	4.209856	-1.285575	-0.506000	-0.779575	3.792703	799.345608
752027802154.000000 0.008189 2.695016	2.000000	0.871858	1.128142	5.668395	1.532089	0.710000	0.822089	4.227999	-1.285575	-0.506000	-0.779575	3.809908	799.345608
752027819504.000000 0.008351 2.703365	2.000000	0.871858	1.128142	5.693863	1.532089	0.710000	0.822089	4.246557	-1.285575	-0.506000	-0.779575	3.827506	799.345608
752027838260.000000 0.009028 2.712390	2.000000	0.932074	1.067926	5.720012	1.532089	0.759000	0.773089	4.265488	-1.285575	-0.541000	-0.744575	3.845738	799.345608
752027863168.000000 0.011987 2.724376	2.000000	0.932074	1.067926	5.754889	1.532089	0.759000	0.773089	4.290735	-1.285575	-0.541000	-0.744575	3.870055	1793.784712
752027888050.000000 0.011975 2.736349	2.000000	0.932074	1.067926	5.789882	1.532089	0.759000	0.773089	4.316068	-1.285575	-0.541000	-0.744575	3.894453	1793.784712
752027911561.000000 0.011316 2.747662	2.000000	0.932074	1.067926	5.823086	1.532089	0.759000	0.773089	4.340104	-1.285575	-0.541000	-0.744575	3.917603	1793.784712
752027935386.000000 0.011466 2.759126	2.000000	0.932074	1.067926	5.856872	1.532089	0.759000	0.773089	4.364563	-1.285575	-0.541000	-0.744575	3.941159	1793.784712
752027959001.000000 0.011366 2.770491	2.000000	0.932074	1.067926	5.890500	1.532089	0.759000	0.773089	4.388906	-1.285575	-0.541000	-0.744575	3.964605	1793.784712
752027982675.000000 0.011394 2.781882	2.000000	0.932074	1.067926	5.924350	1.532089	0.759000	0.773089	4.413411	-1.285575	-0.541000	-0.744575	3.988206	1793.784712
752028006181.000000 0.011313 2.793192	2.000000	0.932074	1.067926	5.958095	1.532089	0.759000	0.773089	4.437840	-1.285575	-0.541000	-0.744575	4.011733	1793.784712
752028030791.000000 0.011844 2.805034	2.000000	0.932074	1.067926	5.993575	1.532089	0.759000	0.773089	4.463524	-1.285575	-0.541000	-0.744575	4.036470	1793.784712
752028054273.000000 0.011301 2.816334	2.000000	0.932074	1.067926	6.027565	1.532089	0.759000	0.773089	4.488130	-1.285575	-0.541000	-0.744575	4.060169	1793.784712
752028078724.000000 0.011768 2.828100	2.000000	0.932074	1.067926	6.063107	1.532089	0.759000	0.773089	4.513859	-1.285575	-0.541000	-0.744575	4.084949	1793.784712
752028132103.000000 0.025688 2.853786	2.000000	0.993105	1.006895	6.136920	1.532089	0.809000	0.723089	4.566867	-1.285575	-0.576000	-0.709575	4.136967	-3213.936108
752028151303.000000 0.009241 2.863024	2.000000	0.993105	1.006895	6.163561	1.532089	0.809000	0.723089	4.585999	-1.285575	-0.576000	-0.709575	4.155741	-3213.936108
752028170903.000000 0.009434 2.872456	2.000000	0.993105	1.006895	6.190846	1.532089	0.809000	0.723089	4.605593	-1.285575	-0.576000	-0.709575	4.174969	-3213.936108
752028191191.000000 0.009765 2.882218	2.000000	0.993105	1.006895	6.219184	1.532089	0.809000	0.723089	4.625944	-1.285575	-0.576000	-0.709575	4.194939	-3213.936108
752028208603.000000 0.008380 2.890596	2.000000	0.993105	1.006895	6.243576	1.532089	0.809000	0.723089	4.643461	-1.285575	-0.576000	-0.709575	4.212128	-3213.936108
752028228528.000000 0.009590 2.900184	2.000000	0.993105	1.006895	6.271579	1.532089	0.809000	0.723089	4.663571	-1.285575	-0.576000	-0.709575	4.231863	-3213.936108
752028247209.000000 0.008992 2.909174	2.000000	0.993105	1.006895	6.297917	1.532089	0.809000	0.723089	4.682485	-1.285575	-0.576000	-0.709575	4.250424	-3213.936108
752028266468.000000 0.009270 2.918441	2.000000	0.993105	1.006895	6.325157	1.532089	0.809000	0.723089	4.702047	-1.285575	-0.576000	-0.709575	4.269620	-3213.936108
752028281893.000000 0.007424 2.925862	2.000000	0.993105	1.006895	6.347029	1.532089	0.809000	0.723089	4.717755	-1.285575	-0.576000	-0.709575	4.285034	-3213.936108
752028301018.000000 0.009205 2.935066	2.000000	0.993105	1.006895	6.374232	1.532089	0.809000	0.723089	4.737290	-1.285575	-0.576000	-0.709575	4.304204	-3213.936108
752028318743.000000 0.008531 2.943594	2.000000	1.053321	0.946679	6.398005	1.532089	0.858000	0.674089	4.754218	-1.285575	-0.611000	-0.674575	4.321144	-404.978040
752028338920.000000 0.009711 2.953304	2.000000	1.053321	0.946679	6.425155	1.532089	0.858000	0.674089	4.773550	-1.285575	-0.611000	-0.674575	4.340490	-404.978040
752028355444.000000 0.007954 2.961255	2.000000	1.053321	0.946679	6.447452	1.532089	0.858000	0.674089	4.789427	-1.285575	-0.611000	-0.674575	4.356379	-404.978040
752028371798.000000 0.007872 2.969125	2.000000	1.053321	0.946679	6.469578	1.532089	0.858000	0.674089	4.805182	-1.285575	-0.611000	-0.674575	4.372145	-404.978040
752028391112.000000 0.009296 2.978419	2.000000	1.053321	0.946679	6.495790	1.532089	0.858000	0.674089	4.823846	-1.285575	-0.611000	-0.674575	4.390822	-404.978040
752028409089.000000 0.008652 2.987067	2.000000	1.053321	0.946679	6.520255	1.532089	0.858000	0.674089	4.841267	-1.285575	-0.611000	-0.674575	4.408256	-404.978040
752028425132.000000 0.007721 2.994788	2.000000	1.053321	0.946679	6.542146	1.532089	0.858000	0.674089	4.856854	-1.285575	-0.611000	-0.674575	4.423854	-404.978040
752028440633.000000 0.007460 3.002246	2.000000	1.053321	0.946679	6.563349	1.532089	0.858000	0.674089	4.871952	-1.285575	-0.611000	-0.674575	4.438963	-404.978040
752028456167.000000 0.007477 3.009722	2.000000	1.053321	0.946679	6.584652	1.532089	0.858000	0.674089	4.887121	-1.285575	-0.611000	-0.674575	4.454143	-404.978040
752028471641.000000 0.007447 3.017167	2.000000	1.053321	0.946679	6.605924	1.532089	0.858000	0.674089	4.902268	-1.285575	-0.611000	-0.674575	4.469301	-404.978040
752028486940.000000 0.007364 3.024529	2.000000	1.053321	0.946679	6.627008	1.532089	0.858000	0.674089	4.917281	-1.285575	-0.611000	-0.674575	4.484325	-404.978040
752028501710.000000 0.007109 3.031636	2.000000	1.053321	0.946679	6.647410	1.532089	0.858000	0.674089	4.931808	-1.285575	-0.611000	-0.674575	4.498863	-404.978040
752028517018.000000 0.007368 3.039002	2.000000	1.053321	0.946679	6.668606	1.532089	0.858000	0.674089	4.946901	-1.285575	-0.611000	-0.674575	4.513966	-404.978040
752028533370.000000 0.007870 3.046871	2.000000	1.113304	0.886696	6.689869	1.532089	0.906000	0.626089	4.961914	-1.285575	-0.647000	-0.638575	4.529280	4809.967673
752028551458.000000 0.008706 3.055575	2.000000	1.113304	0.886696	6.713456	1.532089	0.906000	0.626089	4.978569	-1.285575	-0.647000	-0.638575	4.546266	4809.967673
752028566355.000000 0.007170 3.062743	2.000000	1.113304	0.886696	6.732929	1.532089	0.906000	0.626089	4.992318	-1.285575	-0.647000	-0.638575	4.560290	4809.967673
752028581190.000000 0.007140 3.069882	2.000000	1.113304	0.886696	6.752365	1.532089	0.906000	0.626089	5.006042	-1.285575	-0.647000	-0.638575	4.574287	4809.967673
752028595613.000000 0.006942 3.076821	2.000000	1.113304	0.886696	6.771304	1.532089	0.906000	0.626089	5.019415	-1.285575	-0.647000	-0.638575	4.587926	4809.967673
752028612787.000000 0.008266 3.085086	2.000000	1.113304	0.886696	6.793917	1.532089	0.906000	0.626089	5.035381	-1.285575	-0.647000	-0.638575	4.604212	4809.967673
752028627965.000000 0.007305 3.092389	2.000000	1.113304	0.886696	6.813947	1.532089	0.906000	0.626089	5.049525	-1.285575	-0.647000	-0.638575	4.618637	4809.967673
752028643584.000000 0.007518 3.099906	2.000000	1.113304	0.886696	6.834610	1.532089	0.906000	0.626089	5.064115	-1.285575	-0.647000	-0.638575	4.633518	4809.967673
752028659026.000000 0.007432 3.107335	2.000000	1.113304	0.886696	6.855088	1.532089	0.906000	0.626089	5.078574	-1.285575	-0.647000	-0.638575	4.648265	4809.967673
752028674243.000000 0.007324 3.114658	2.000000	1.113304	0.886696	6.875315	1.532089	0.906000	0.626089	5.092856	-1.285575	-0.647000	-0.638575	4.662833	4809.967673
752028689632.000000 0.007407 3.122063	2.000000	1.113304	0.886696	6.895819	1.532089	0.906000	0.626089	5.107334	-1.285575	-0.647000	-0.638575	4.677599	4809.967673
752028704848.000000 0.007324 3.129385	2.000000	1.113304	0.886696	6.916141	1.532089	0.906000	0.626089	5.121683	-1.285575	-0.647000	-0.638575	4.692234	4809.967673
752028719375.000000 0.006992 3.136375	2.000000	1.113304	0.886696	6.935585	1.532089	0.906000	0.626089	5.135412	-1.285575	-0.647000	-0.638575	4.706237	4809.967673
752028734632.000000 0.007343 3.143717	2.000000	1.173871	0.826129	6.954657	1.532089	0.954000	0.578089	5.148758	-1.285575	-0.684000	-0.601575	4.720125	3374.140134
752028753579.000000 0.009119 3.152834	2.000000	1.173871	0.826129	6.978409	1.532089	0.954000	0.578089	5.165379	-1.285575	-0.684000	-0.601575	4.737421	3374.140134
752028768221.000000 0.007047 3.159879	2.000000	1.173871	0.826129	6.996805	1.532089	0.954000	0.578089	5.178251	-1.285575	-0.684000	-0.601575	4.750817	3374.140134
752028782812.000000 0.007022 3.166899	2.000000	1.173871	0.826129	7.015176	1.532089	0.954000	0.578089	5.191107	-1.285575	-0.684000	-0.601575	4.764195	3374.140134
752028797676.000000 0.007154 3.174052	2.000000	1.173871	0.826129	7.033936	1.532089	0.954000	0.578089	5.204234	-1.285575	-0.684000	-0.601575	4.777856	3374.140134
752028812379.000000 0.007077 3.181128	2.000000	1.173871	0.826129	7.052535	1.532089	0.954000	0.578089	5.217249	-1.285575	-0.684000	-0.601575	4.791398	3374.140134
752028827209.000000 0.007138 3.188264	2.000000	1.173871	0.826129	7.071337	1.532089	0.954000	0.578089	5.230405	-1.285575	-0.684000	-0.601575	4.805090	3374.140134
752028842689.000000 0.007452 3.195715	2.000000	1.173871	0.826129	7.091011	1.532089	0.954000	0.578089	5.244173	-1.285575	-0.684000	-0.601575	4.819417	3374.140134
752028857618.000000 0.007186 3.202897	2.000000	1.173871	0.826129	7.110026	1.532089	0.954000	0.578089	5.257478	-1.285575	-0.684000	-0.601575	4.833263	3374.140134
752028874223.000000 0.007992 3.210887	2.000000	1.173871	0.826129	7.131226	1.532089	0.954000	0.578089	5.272313	-1.285575	-0.684000	-0.601575	4.848700	3374.140134
752028889785.000000 0.007490 3.218375	2.000000	1.173871	0.826129	7.151139	1.532089	0.954000	0.578089	5.286248	-1.285575	-0.684000	-0.601575	4.863201	3374.140134
752028907661.000000 0.008604 3.226977	2.000000	1.173871	0.826129	7.174076	1.532089	0.954000	0.578089	5.302298	-1.285575	-0.684000	-0.601575	4.879903	3374.140134
752028923092.000000 0.007427 3.234402	2.000000	1.173871	0.826129	7.193922	1.532089	0.954000	0.578089	5.316185	-1.285575	-0.684000	-0.601575	4.894355	3374.140134
752028938557.000000 0.007443 3.241843	2.000000	1.234214	0.765786	7.212400	1.532089	1.001000	0.531089	5.329000	-1.285575	-0.722000	-0.563575	4.907953	3374.140134
752028955114.000000 0.007969 3.249812	2.000000	1.234214	0.765786	7.232232	1.532089	1.001000	0.531089	5.342754	-1.285575	-0.722000	-0.563575	4.922549	-438.992918
752028970401.000000 0.007357 3.257166	2.000000	1.234214	0.765786	7.250583	1.532089	1.001000	0.531089	5.355481	-1.285575	-0.722000	-0.563575	4.936054	-438.992918
752028985133.000000 0.007091 3.264255	2.000000	1.234214	0.765786	7.268309	1.532089	1.001000	0.531089	5.367774	-1.285575	-0.722000	-0.563575	4.949099	-438.992918
752028999841.000000 0.007079 3.271333	2.000000	1.234214	0.765786	7.286042	1.532089	1.001000	0.531089	5.380072	-1.285575	-0.722000	-0.563575	4.962150	-438.992918
752029015234.000000 0.007409 3.278741	2.000000	1.234214	0.765786	7.304644	1.532089	1.001000	0.531089	5.392973	-1.285575	-0.722000	-0.563575	4.975840	-438.992918
752029029716.000000 0.006972 3.285710	2.000000	1.234214	0.765786	7.322186	1.532089	1.001000	0.531089	5.405139	-1.285575	-0.722000	-0.563575	4.988750	-438.992918
752029044833.000000 0.007276 3.292983	2.000000	1.234214	0.765786	7.340534	1.532089	1.001000	0.531089	5.417864	-1.285575	-0.722000	-0.563575	5.002253	-438.992918
752029060147.000000 0.007371 3.300352	2.000000	1.234214	0.765786	7.359163	1.532089	1.001000	0.531089	5.430783	-1.285575	-0.722000	-0.563575	5.015963	-438.992918
752029075887.000000 0.007577 3.307928	2.000000	1.234214	0.765786	7.378356	1.532089	1.001000	0.531089	5.444094	-1.285575	-0.722000	-0.563575	5.030088	-438.992918
752029096300.000000 0.009824 3.317749	2.000000	1.234214	0.765786	7.403317	1.532089	1.001000	0.531089	5.461405	-1.285575	-0.722000	-0.563575	5.048458	-438.992918
752029115807.000000 0.009389 3.327135	2.000000	1.234214	0.765786	7.427238	1.532089	1.001000	0.531089	5.477995	-1.285575	-0.722000	-0.563575	5.066062	-438.992918
752029133970.000000 0.008741 3.335874	2.000000	1.234214	0.765786	7.449568	1.532089	1.001000	0.531089	5.493481	-1.285575	-0.722000	-0.563575	5.082496	-438.992918
752029159460.000000 0.012268 3.348142	2.000000	1.294567	0.705433	7.478544	1.532089	1.048000	0.484089	5.513365	-1.285575	-0.760000	-0.525575	5.104084	-6636.341075
752029181300.000000 0.010511 3.358650	2.000000	1.294567	0.705433	7.503448	1.532089	1.048000	0.484089	5.530455	-1.285575	-0.760000	-0.525575	5.122639	-6636.341075
752029200594.000000 0.009286 3.367935	2.000000	1.294567	0.705433	7.525510	1.532089	1.048000	0.484089	5.545595	-1.285575	-0.760000	-0.525575	5.139076	-6636.341075
752029217518.000000 0.008146 3.376078	2.000000	1.294567	0.705433	7.544910	1.532089	1.048000	0.484089	5.558908	-1.285575	-0.760000	-0.525575	5.153529	-6636.341075
752029236094.000000 0.008941 3.385016	2.000000	1.294567	0.705433	7.566259	1.532089	1.048000	0.484089	5.573558	-1.285575	-0.760000	-0.525575	5.169435	-6636.341075
752029254279.000000 0.008752 3.393767	2.000000	1.294567	0.705433	7.587212	1.532089	1.048000	0.484089	5.587936	-1.285575	-0.760000	-0.525575	5.185046	-6636.341075
752029273756.000000 0.009374 3.403138	2.000000	1.294567	0.705433	7.609715	1.532089	1.048000	0.484089	5.603379	-1.285575	-0.760000	-0.525575	5.201811	-6636.341075
752029294040.000000 0.009762 3.412900	2.000000	1.294567	0.705433	7.633219	1.532089	1.048000	0.484089	5.619508	-1.285575	-0.760000	-0.525575	5.219323	-6636.341075
752029313448.000000 0.009341 3.422238	2.000000	1.294567	0.705433	7.655769	1.532089	1.048000	0.484089	5.634982	-1.285575	-0.760000	-0.525575	5.236124	-6636.341075
752029336571.000000 0.011129 3.433365	2.000000	1.294567	0.705433	7.682722	1.532089	1.048000	0.484089	5.653479	-1.285575	-0.760000	-0.525575	5.256205	-6636.341075
752029357716.000000 0.010177 3.443541	2.000000	1.355148	0.644852	7.705321	1.532089	1.096000	0.436089	5.668761	-1.285575	-0.797000	-0.488575	5.273327	-14029.691319
752029381674.000000 0.011531 3.455068	2.000000	1.355148	0.644852	7.731011	1.532089	1.096000	0.436089	5.686135	-1.285575	-0.797000	-0.488575	5.292791	-14029.691319
752029400671.000000 0.009144 3.464211	2.000000	1.355148	0.644852	7.751438	1.532089	1.096000	0.436089	5.699949	-1.285575	-0.797000	-0.488575	5.308268	-14029.691319
752029423179.000000 0.010833 3.475041	2.000000	1.355148	0.644852	7.775713	1.532089	1.096000	0.436089	5.716365	-1.285575	-0.797000	-0.488575	5.326660	-14029.691319
752029444024.000000 0.010032 3.485070	2.000000	1.355148	0.644852	7.798259	1.532089	1.096000	0.436089	5.731612	-1.285575	-0.797000	-0.488575	5.343742	-14029.691319
752029462154.000000 0.008726 3.493795	2.000000	1.355148	0.644852	7.817919	1.532089	1.096000	0.436089	5.744907	-1.285575	-0.797000	-0.488575	5.358637	-14029.691319
752029482621.000000 0.009850 3.503642	2.000000	1.355148	0.644852	7.840173	1.532089	1.096000	0.436089	5.759956	-1.285575	-0.797000	-0.488575	5.375498	-14029.691319
752029501024.000000 0.008857 3.512498	2.000000	1.355148	0.644852	7.860235	1.532089	1.096000	0.436089	5.773524	-1.285575	-0.797000	-0.488575	5.390698	-14029.691319
752029516031.000000 0.007223 3.519719	2.000000	1.355148	0.644852	7.876630	1.532089	1.096000	0.436089	5.784611	-1.285575	-0.797000	-0.488575	5.403120	-14029.691319
752029530336.000000 0.006885 3.526602	2.000000	1.355148	0.644852	7.892288	1.532089	1.096000	0.436089	5.795200	-1.285575	-0.797000	-0.488575	5.414983	-14029.691319
752029545081.000000 0.007097 3.533698	2.000000	1.355148	0.644852	7.908460	1.532089	1.096000	0.436089	5.806136	-1.285575	-0.797000	-0.488575	5.427236	-14029.691319
752029562357.000000 0.008315 3.542010	2.000000	1.415141	0.584859	7.925684	1.532089	1.144000	0.388089	5.817566	-1.285575	-0.833000	-0.452575	5.440565	-14029.691319
752029579976.000000 0.008481 3.550491	2.000000	1.415141	0.584859	7.943296	1.532089	1.144000	0.388089	5.829252	-1.285575	-0.833000	-0.452575	5.454192	-13799.692241
752029593767.000000 0.006638 3.557125	2.000000	1.415141	0.584859	7.957104	1.532089	1.144000	0.388089	5.838415	-1.285575	-0.833000	-0.452575	5.464878	-13799.692241
752029607174.000000 0.006453 3.563577	2.000000	1.415141	0.584859	7.970554	1.532089	1.144000	0.388089	5.847339	-1.285575	-0.833000	-0.452575	5.475286	-13799.692241
752029620122.000000 0.006232 3.569806	2.000000	1.415141	0.584859	7.983565	1.532089	1.144000	0.388089	5.855973	-1.285575	-0.833000	-0.452575	5.485354	-13799.692241
752029632595.000000 0.006004 3.575809	2.000000	1.415141	0.584859	7.996121	1.532089	1.144000	0.388089	5.864305	-1.285575	-0.833000	-0.452575	5.495070	-13799.692241
752029646964.000000 0.006916 3.582723	2.000000	1.415141	0.584859	8.010614	1.532089	1.144000	0.388089	5.873921	-1.285575	-0.833000	-0.452575	5.506284	-13799.692241
752029659694.000000 0.006127 3.588848	2.000000	1.415141	0.584859	8.023473	1.532089	1.144000	0.388089	5.882454	-1.285575	-0.833000	-0.452575	5.516235	-13799.692241
752029672528.000000 0.006177 3.595023	2.000000	1.415141	0.584859	8.036461	1.532089	1.144000	0.388089	5.891072	-1.285575	-0.833000	-0.452575	5.526285	-13799.692241
752029685979.000000 0.006473 3.601496	2.000000	1.415141	0.584859	8.050096	1.532089	1.144000	0.388089	5.900120	-1.285575	-0.833000	-0.452575	5.536837	-13799.692241
752029698481.000000 0.006017 3.607512	2.000000	1.415141	0.584859	8.062792	1.532089	1.144000	0.388089	5.908545	-1.285575	-0.833000	-0.452575	5.546661	-13799.692241
752029711118.000000 0.006082 3.613593	2.000000	1.415141	0.584859	8.075647	1.532089	1.144000	0.388089	5.917075	-1.285575	-0.833000	-0.452575	5.556608	-13799.692241
752029723960.000000 0.006181 3.619772	2.000000	1.415141	0.584859	8.088732	1.532089	1.144000	0.388089	5.925757	-1.285575	-0.833000	-0.452575	5.566734	-13799.692241
752029736578.000000 0.006073 3.625844	2.000000	1.415141	0.584859	8.101611	1.532089	1.144000	0.388089	5.934303	-1.285575	-0.833000	-0.452575	5.576700	-13799.692241
752029749583.000000 0.006259 3.632102	2.000000	1.415141	0.584859	8.114907	1.532089	1.144000	0.388089	5.943126	-1.285575	-0.833000	-0.452575	5.586989	-13799.692241
752029762499.000000 0.006217 3.638317	2.000000	1.415141	0.584859	8.128135	1.532089	1.144000	0.388089	5.951904	-1.285575	-0.833000	-0.452575	5.597225	-13799.692241
752029775316.000000 0.006169 3.644484	2.000000	1.475944	0.524056	8.139917	1.532089	1.193000	0.339089	5.959527	-1.285575	-0.869000	-0.416575	5.606591	-6794.435497
752029790454.000000 0.007286 3.651769	2.000000	1.475944	0.524056	8.153861	1.532089	1.193000	0.339089	5.968550	-1.285575	-0.869000	-0.416575	5.617675	-6794.435497
752029802773.000000 0.005929 3.657696	2.000000	1.475944	0.524056	8.165227	1.532089	1.193000	0.339089	5.975904	-1.285575	-0.869000	-0.416575	5.626709	-6794.435497
752029817705.000000 0.007188 3.664884	2.000000	1.475944	0.524056	8.179031	1.532089	1.193000	0.339089	5.984836	-1.285575	-0.869000	-0.416575	5.637682	-6794.435497
752029830813.000000 0.006309 3.671190	2.000000	1.475944	0.524056	8.191169	1.532089	1.193000	0.339089	5.992690	-1.285575	-0.869000	-0.416575	5.647331	-6794.435497
752029844119.000000 0.006404 3.677592	2.000000	1.475944	0.524056	8.203511	1.532089	1.193000	0.339089	6.000676	-1.285575	-0.869000	-0.416575	5.657142	-6794.435497
752029857192.000000 0.006292 3.683882	2.000000	1.475944	0.524056	8.215659	1.532089	1.193000	0.339089	6.008536	-1.285575	-0.869000	-0.416575	5.666798	-6794.435497
752029870163.000000 0.006243 3.690123	2.000000	1.475944	0.524056	8.227731	1.532089	1.193000	0.339089	6.016347	-1.285575	-0.869000	-0.416575	5.676395	-6794.435497
752029883749.000000 0.006539 3.696662	2.000000	1.475944	0.524056	8.240399	1.532089	1.193000	0.339089	6.024544	-1.285575	-0.869000	-0.416575	5.686464	-6794.435497
752029897266.000000 0.006506 3.703166	2.000000	1.475944	0.524056	8.253025	1.532089	1.193000	0.339089	6.032714	-1.285575	-0.869000	-0.416575	5.696501	-6794.435497
752029910372.000000 0.006308 3.709473	2.000000	1.475944	0.524056	8.265288	1.532089	1.193000	0.339089	6.040648	-1.285575	-0.869000	-0.416575	5.706248	-6794.435497
752029923927.000000 0.006524 3.715995	2.000000	1.475944	0.524056	8.277993	1.532089	1.193000	0.339089	6.048869	-1.285575	-0.869000	-0.416575	5.716347	-6794.435497
752029937192.000000 0.006384 3.722378	2.000000	1.475944	0.524056	8.290447	1.532089	1.193000	0.339089	6.056927	-1.285575	-0.869000	-0.416575	5.726248	-6794.435497
752029950884.000000 0.006590 3.728967	2.000000	1.475944	0.524056	8.303325	1.532089	1.193000	0.339089	6.065260	-1.285575	-0.869000	-0.416575	5.736484	-6794.435497
752029964282.000000 0.006448 3.735413	2.000000	1.475944	0.524056	8.315948	1.532089	1.193000	0.339089	6.073428	-1.285575	-0.869000	-0.416575	5.746519	-6794.435497
752029978579.000000 0.006882 3.742294	2.000000	1.536528	0.463472	8.327885	1.532089	1.241000	0.291089	6.080925	-1.285575	-0.906000	-0.379575	5.756294	-6794.435497
752029993848.000000 0.007349 3.749641	2.000000	1.536528	0.463472	8.340657	1.532089	1.241000	0.291089	6.088946	-1.285575	-0.906000	-0.379575	5.766754	-10614.714978
752030007967.000000 0.006795 3.756435	2.000000	1.536528	0.463472	8.352487	1.532089	1.241000	0.291089	6.096377	-1.285575	-0.906000	-0.379575	5.776444	-10614.714978
752030022105.000000 0.006805 3.763237	2.000000	1.536528	0.463472	8.364356	1.532089	1.241000	0.291089	6.103831	-1.285575	-0.906000	-0.379575	5.786163	-10614.714978
752030036489.000000 0.006924 3.770161	2.000000	1.536528	0.463472	8.376455	1.532089	1.241000	0.291089	6.111430	-1.285575	-0.906000	-0.379575	5.796073	-10614.714978
752030049812.000000 0.006412 3.776570	2.000000	1.536528	0.463472	8.387679	1.532089	1.241000	0.291089	6.118479	-1.285575	-0.906000	-0.379575	5.805265	-10614.714978
752030062798.000000 0.006250 3.782819	2.000000	1.536528	0.463472	8.398636	1.532089	1.241000	0.291089	6.125361	-1.285575	-0.906000	-0.379575	5.814238	-10614.714978
752030075873.000000 0.006294 3.789110	2.000000	1.536528	0.463472	8.409688	1.532089	1.241000	0.291089	6.132302	-1.285575	-0.906000	-0.379575	5.823290	-10614.714978
752030089221.000000 0.006424 3.795533	2.000000	1.536528	0.463472	8.420989	1.532089	1.241000	0.291089	6.139400	-1.285575	-0.906000	-0.379575	5.832545	-10614.714978
752030102440.000000 0.006362 3.801894	2.000000	1.536528	0.463472	8.432200	1.532089	1.241000	0.291089	6.146441	-1.285575	-0.906000	-0.379575	5.841726	-10614.714978
752030115488.000000 0.006280 3.808173	2.000000	1.536528	0.463472	8.443284	1.532089	1.241000	0.291089	6.153402	-1.285575	-0.906000	-0.379575	5.850804	-10614.714978
752030128473.000000 0.006250 3.814421	2.000000	1.536528	0.463472	8.454333	1.532089	1.241000	0.291089	6.160342	-1.285575	-0.906000	-0.379575	5.859853	-10614.714978
752030141834.000000 0.006431 3.820850	2.000000	1.536528	0.463472	8.465720	1.532089	1.241000	0.291089	6.167494	-1.285575	-0.906000	-0.379575	5.869179	-10614.714978
752030154960.000000 0.006318 3.827166	2.000000	1.536528	0.463472	8.476926	1.532089	1.241000	0.291089	6.174532	-1.285575	-0.906000	-0.379575	5.878357	-10614.714978
752030167988.000000 0.006271 3.833435	2.000000	1.536528	0.463472	8.488068	1.532089	1.241000	0.291089	6.181529	-1.285575	-0.906000	-0.379575	5.887481	-10614.714978
752030180721.000000 0.006128 3.839562	2.000000	1.536528	0.463472	8.498973	1.532089	1.241000	0.291089	6.188378	-1.285575	-0.906000	-0.379575	5.896412	-10614.714978
752030195910.000000 0.007310 3.846871	2.000000	1.593511	0.406489	8.510404	1.532089	1.286000	0.246089	6.195299	-1.285575	-0.941000	-0.344575	5.906102	-14315.727541
752030210316.000000 0.006934 3.853803	2.000000	1.593511	0.406489	8.521266	1.532089	1.286000	0.246089	6.201875	-1.285575	-0.941000	-0.344575	5.915310	-14315.727541
752030223052.000000 0.006130 3.859932	2.000000	1.593511	0.406489	8.530885	1.532089	1.286000	0.246089	6.207698	-1.285575	-0.941000	-0.344575	5.923464	-14315.727541
752030235626.000000 0.006052 3.865982	2.000000	1.593511	0.406489	8.540395	1.532089	1.286000	0.246089	6.213456	-1.285575	-0.941000	-0.344575	5.931526	-14315.727541
752030248637.000000 0.006262 3.872243	2.000000	1.593511	0.406489	8.550252	1.532089	1.286000	0.246089	6.219423	-1.285575	-0.941000	-0.344575	5.939881	-14315.727541
752030264267.000000 0.007523 3.879765	2.000000	1.593511	0.406489	8.562117	1.532089	1.286000	0.246089	6.226606	-1.285575	-0.941000	-0.344575	5.949938	-14315.727541
752030282822.000000 0.008930 3.888693	2.000000	1.593511	0.406489	8.576232	1.532089	1.286000	0.246089	6.235151	-1.285575	-0.941000	-0.344575	5.961904	-14315.727541
752030297285.000000 0.006961 3.895653	2.000000	1.593511	0.406489	8.587255	1.532089	1.286000	0.246089	6.241825	-1.285575	-0.941000	-0.344575	5.971248	-14315.727541
752030310367.000000 0.006296 3.901947	2.000000	1.593511	0.406489	8.597242	1.532089	1.286000	0.246089	6.247870	-1.285575	-0.941000	-0.344575	5.979714	-14315.727541
752030323274.000000 0.006213 3.908158	2.000000	1.593511	0.406489	8.607111	1.532089	1.286000	0.246089	6.253846	-1.285575	-0.941000	-0.344575	5.988080	-14315.727541
752030342034.000000 0.009029 3.917185	2.000000	1.593511	0.406489	8.621488	1.532089	1.286000	0.246089	6.262549	-1.285575	-0.941000	-0.344575	6.000266	-14315.727541
752030354743.000000 0.006116 3.923299	2.000000	1.593511	0.406489	8.631242	1.532089	1.286000	0.246089	6.268454	-1.285575	-0.941000	-0.344575	6.008535	-14315.727541
752030367914.000000 0.006340 3.929638	2.000000	1.593511	0.406489	8.641369	1.532089	1.286000	0.246089	6.274585	-1.285575	-0.941000	-0.344575	6.017119	-14315.727541
752030380340.000000 0.005981 3.935617	2.000000	1.593511	0.406489	8.650937	1.532089	1.286000	0.246089	6.280377	-1.285575	-0.941000	-0.344575	6.025230	-14315.727541
752030392717.000000 0.005957 3.941574	2.000000	1.649905	0.350095	8.659157	1.532089	1.331000	0.201089	6.285099	-1.285575	-0.975000	-0.310575	6.032522	-14315.727541
752030407673.000000 0.007199 3.948770	2.000000	1.649905	0.350095	8.669109	1.532089	1.331000	0.201089	6.290815	-1.285575	-0.975000	-0.310575	6.041351	-22991.848699
752030422580.000000 0.007175 3.955944	2.000000	1.649905	0.350095	8.679045	1.532089	1.331000	0.201089	6.296522	-1.285575	-0.975000	-0.310575	6.050166	-22991.848699
752030435828.000000 0.006376 3.962317	2.000000	1.649905	0.350095	8.687890	1.532089	1.331000	0.201089	6.301603	-1.285575	-0.975000	-0.310575	6.058012	-22991.848699
752030448622.000000 0.006158 3.968474	2.000000	1.649905	0.350095	8.696446	1.532089	1.331000	0.201089	6.306517	-1.285575	-0.975000	-0.310575	6.065602	-22991.848699
752030462464.000000 0.006662 3.975135	2.000000	1.649905	0.350095	8.705717	1.532089	1.331000	0.201089	6.311842	-1.285575	-0.975000	-0.310575	6.073827	-22991.848699
752030477309.000000 0.007145 3.982278	2.000000	1.649905	0.350095	8.715678	1.532089	1.331000	0.201089	6.317564	-1.285575	-0.975000	-0.310575	6.082663	-22991.848699
752030490887.000000 0.006536 3.988812	2.000000	1.649905	0.350095	8.724805	1.532089	1.331000	0.201089	6.322806	-1.285575	-0.975000	-0.310575	6.090760	-22991.848699
752030505331.000000 0.006952 3.995763	2.000000	1.649905	0.350095	8.734530	1.532089	1.331000	0.201089	6.328392	-1.285575	-0.975000	-0.310575	6.099387	-22991.848699
752030519054.000000 0.006605 4.002366	2.000000	1.649905	0.350095	8.743786	1.532089	1.331000	0.201089	6.333708	-1.285575	-0.975000	-0.310575	6.107598	-22991.848699
752030532438.000000 0.006442 4.008807	2.000000	1.649905	0.350095	8.752827	1.532089	1.331000	0.201089	6.338902	-1.285575	-0.975000	-0.310575	6.115619	-22991.848699
752030546826.000000 0.006925 4.015729	2.000000	1.649905	0.350095	8.762563	1.532089	1.331000	0.201089	6.344494	-1.285575	-0.975000	-0.310575	6.124255	-22991.848699
752030561869.000000 0.007240 4.022968	2.000000	1.649905	0.350095	8.772760	1.532089	1.331000	0.201089	6.350351	-1.285575	-0.975000	-0.310575	6.133301	-22991.848699
752030575268.000000 0.006449 4.029415	2.000000	1.649905	0.350095	8.781857	1.532089	1.331000	0.201089	6.355576	-1.285575	-0.975000	-0.310575	6.141372	-22991.848699
752030588255.000000 0.006251 4.035664	2.000000	1.649905	0.350095	8.790688	1.532089	1.331000	0.201089	6.360648	-1.285575	-0.975000	-0.310575	6.149206	-22991.848699
752030601423.000000 0.006338 4.042000	2.000000	1.703504	0.296496	8.798284	1.532089	1.374000	0.158089	6.364698	-1.285575	-1.007000	-0.278575	6.156342	-22991.848699
752030617861.000000 0.007912 4.049911	2.000000	1.703504	0.296496	8.807784	1.532089	1.374000	0.158089	6.369764	-1.285575	-1.007000	-0.278575	6.165269	-30366.892868
752030631200.000000 0.006420 4.056329	2.000000	1.703504	0.296496	8.815505	1.532089	1.374000	0.158089	6.373881	-1.285575	-1.007000	-0.278575	6.172523	-30366.892868
752030644215.000000 0.006264 4.062592	2.000000	1.703504	0.296496	8.823051	1.532089	1.374000	0.158089	6.377904	-1.285575	-1.007000	-0.278575	6.179613	-30366.892868
752030657755.000000 0.006517 4.069107	2.000000	1.703504	0.296496	8.830913	1.532089	1.374000	0.158089	6.382096	-1.285575	-1.007000	-0.278575	6.187000	-30366.892868
752030670556.000000 0.006161 4.075267	2.000000	1.703504	0.296496	8.838357	1.532089	1.374000	0.158089	6.386065	-1.285575	-1.007000	-0.278575	6.193994	-30366.892868
752030683528.000000 0.006243 4.081509	2.000000	1.703504	0.296496	8.845913	1.532089	1.374000	0.158089	6.390094	-1.285575	-1.007000	-0.278575	6.201093	-30366.892868
752030696847.000000 0.006411 4.087919	2.000000	1.703504	0.296496	8.853683	1.532089	1.374000	0.158089	6.394237	-1.285575	-1.007000	-0.278575	6.208393	-30366.892868
752030709558.000000 0.006118 4.094034	2.000000	1.703504	0.296496	8.861109	1.532089	1.374000	0.158089	6.398196	-1.285575	-1.007000	-0.278575	6.215371	-30366.892868
752030724418.000000 0.007152 4.101185	2.000000	1.703504	0.296496	8.869806	1.532089	1.374000	0.158089	6.402833	-1.285575	-1.007000	-0.278575	6.223542	-30366.892868
752030738586.000000 0.006819 4.108003	2.000000	1.703504	0.296496	8.878112	1.532089	1.374000	0.158089	6.407262	-1.285575	-1.007000	-0.278575	6.231345	-30366.892868
752030753552.000000 0.007203 4.115204	2.000000	1.703504	0.296496	8.886900	1.532089	1.374000	0.158089	6.411948	-1.285575	-1.007000	-0.278575	6.239603	-30366.892868
752030767776.000000 0.006846 4.122049	2.000000	1.703504	0.296496	8.895268	1.532089	1.374000	0.158089	6.416409	-1.285575	-1.007000	-0.278575	6.247464	-30366.892868
752030782385.000000 0.007032 4.129079	2.000000	1.703504	0.296496	8.903876	1.532089	1.374000	0.158089	6.420999	-1.285575	-1.007000	-0.278575	6.255553	-30366.892868
752030795285.000000 0.006209 4.135285	2.000000	1.703504	0.296496	8.911489	1.532089	1.374000	0.158089	6.425058	-1.285575	-1.007000	-0.278575	6.262705	-30366.892868
752030808216.000000 0.006224 4.141507	2.000000	1.753933	0.246067	8.917831	1.532089	1.416000	0.116089	6.428050	-1.285575	-1.035000	-0.250575	6.269164	-30366.892868
752030822951.000000 0.007092 4.148600	2.000000	1.753933	0.246067	8.925072	1.532089	1.416000	0.116089	6.431466	-1.285575	-1.035000	-0.250575	6.276537	-33635.038796
752030837662.000000 0.007081 4.155677	2.000000	1.753933	0.246067	8.932312	1.532089	1.416000	0.116089	6.434882	-1.285575	-1.035000	-0.250575	6.283910	-33635.038796
752030850850.000000 0.006347 4.162023	2.000000	1.753933	0.246067	8.938813	1.532089	1.416000	0.116089	6.437949	-1.285575	-1.035000	-0.250575	6.290529	-33635.038796
752030863907.000000 0.006284 4.168306	2.000000	1.753933	0.246067	8.945258	1.532089	1.416000	0.116089	6.440990	-1.285575	-1.035000	-0.250575	6.297093	-33635.038796
752030876644.000000 0.006130 4.174434	2.000000	1.753933	0.246067	8.951556	1.532089	1.416000	0.116089	6.443961	-1.285575	-1.035000	-0.250575	6.303506	-33635.038796
752030890895.000000 0.006859 4.181292	2.000000	1.753933	0.246067	8.958613	1.532089	1.416000	0.116089	6.447290	-1.285575	-1.035000	-0.250575	6.310692	-33635.038796
752030904074.000000 0.006343 4.187634	2.000000	1.753933	0.246067	8.965149	1.532089	1.416000	0.116089	6.450374	-1.285575	-1.035000	-0.250575	6.317348	-33635.038796
752030918009.000000 0.006707 4.194339	2.000000	1.753933	0.246067	8.972071	1.532089	1.416000	0.116089	6.453640	-1.285575	-1.035000	-0.250575	6.324397	-33635.038796
752030933699.000000 0.007552 4.201890	2.000000	1.753933	0.246067	8.979879	1.532089	1.416000	0.116089	6.457323	-1.285575	-1.035000	-0.250575	6.332349	-33635.038796
752030947301.000000 0.006547 4.208435	2.000000	1.753933	0.246067	8.986659	1.532089	1.416000	0.116089	6.460522	-1.285575	-1.035000	-0.250575	6.339252	-33635.038796
752030960814.000000 0.006504 4.214937	2.000000	1.753933	0.246067	8.993404	1.532089	1.416000	0.116089	6.463704	-1.285575	-1.035000	-0.250575	6.346121	-33635.038796
752030973796.000000 0.006249 4.221185	2.000000	1.753933	0.246067	8.999895	1.532089	1.416000	0.116089	6.466766	-1.285575	-1.035000	-0.250575	6.352731	-33635.038796
752030987140.000000 0.006422 4.227605	2.000000	1.753933	0.246067	9.006576	1.532089	1.416000	0.116089	6.469918	-1.285575	-1.035000	-0.250575	6.359534	-33635.038796
752031000599.000000 0.006478 4.234081	2.000000	1.753933	0.246067	9.013325	1.532089	1.416000	0.116089	6.473102	-1.285575	-1.035000	-0.250575	6.366407	-33635.038796
752031014112.000000 0.006504 4.240583	2.000000	1.753933	0.246067	9.020112	1.532089	1.416000	0.116089	6.476304	-1.285575	-1.035000	-0.250575	6.373318	-33635.038796
752031029674.000000 0.007490 4.248073	2.000000	1.801571	0.198429	9.026426	1.532089	1.456000	0.076089	6.478725	-1.285575	-1.061000	-0.224575	6.380464	-36013.923964
752031043970.000000 0.006881 4.254950	2.000000	1.801571	0.198429	9.032235	1.532089	1.456000	0.076089	6.480953	-1.285575	-1.061000	-0.224575	6.387039	-36013.923964
752031057416.000000 0.006472 4.261421	2.000000	1.801571	0.198429	9.037707	1.532089	1.456000	0.076089	6.483051	-1.285575	-1.061000	-0.224575	6.393232	-36013.923964
752031071659.000000 0.006855 4.268275	2.000000	1.801571	0.198429	9.043513	1.532089	1.456000	0.076089	6.485277	-1.285575	-1.061000	-0.224575	6.399803	-36013.923964
752031086649.000000 0.007215 4.275487	2.000000	1.801571	0.198429	9.049634	1.532089	1.456000	0.076089	6.487624	-1.285575	-1.061000	-0.224575	6.406730	-36013.923964
752031100536.000000 0.006684 4.282170	2.000000	1.801571	0.198429	9.055314	1.532089	1.456000	0.076089	6.489802	-1.285575	-1.061000	-0.224575	6.413158	-36013.923964
752031114155.000000 0.006555 4.288723	2.000000	1.801571	0.198429	9.060892	1.532089	1.456000	0.076089	6.491941	-1.285575	-1.061000	-0.224575	6.419471	-36013.923964
752031128675.000000 0.006989 4.295711	2.000000	1.801571	0.198429	9.066849	1.532089	1.456000	0.076089	6.494226	-1.285575	-1.061000	-0.224575	6.426214	-36013.923964
752031142190.000000 0.006505 4.302214	2.000000	1.801571	0.198429	9.072402	1.532089	1.456000	0.076089	6.496355	-1.285575	-1.061000	-0.224575	6.432498	-36013.923964
752031155144.000000 0.006235 4.308447	2.000000	1.801571	0.198429	9.077732	1.532089	1.456000	0.076089	6.498399	-1.285575	-1.061000	-0.224575	6.438531	-36013.923964
752031168578.000000 0.006466 4.314911	2.000000	1.801571	0.198429	9.083268	1.532089	1.456000	0.076089	6.500522	-1.285575	-1.061000	-0.224575	6.444796	-36013.923964
752031182616.000000 0.006757 4.321667	2.000000	1.801571	0.198429	9.089063	1.532089	1.456000	0.076089	6.502744	-1.285575	-1.061000	-0.224575	6.451354	-36013.923964
752031195797.000000 0.006345 4.328008	2.000000	1.801571	0.198429	9.094511	1.532089	1.456000	0.076089	6.504833	-1.285575	-1.061000	-0.224575	6.457521	-36013.923964
752031208759.000000 0.006239 4.334246	2.000000	1.801571	0.198429	9.099877	1.532089	1.456000	0.076089	6.506891	-1.285575	-1.061000	-0.224575	6.463594	-36013.923964
752031221334.000000 0.006053 4.340297	2.000000	1.801571	0.198429	9.105090	1.532089	1.456000	0.076089	6.508889	-1.285575	-1.061000	-0.224575	6.469494	-36013.923964
752031236251.000000 0.007179 4.347475	2.000000	1.845022	0.154978	9.109927	1.532089	1.493000	0.039089	6.510110	-1.285575	-1.084000	-0.201575	6.475785	-35884.600975
752031250835.000000 0.007020 4.354493	2.000000	1.845022	0.154978	9.114665	1.532089	1.493000	0.039089	6.511304	-1.285575	-1.084000	-0.201575	6.481947	-35884.600975
752031263696.000000 0.006190 4.360681	2.000000	1.845022	0.154978	9.118848	1.532089	1.493000	0.039089	6.512359	-1.285575	-1.084000	-0.201575	6.487388	-35884.600975
752031277052.000000 0.006428 4.367108	2.000000	1.845022	0.154978	9.123199	1.532089	1.493000	0.039089	6.513457	-1.285575	-1.084000	-0.201575	6.493047	-35884.600975
752031289829.000000 0.006149 4.373256	2.000000	1.845022	0.154978	9.127366	1.532089	1.493000	0.039089	6.514508	-1.285575	-1.084000	-0.201575	6.498467	-35884.600975
752031303865.000000 0.006755 4.380010	2.000000	1.845022	0.154978	9.131952	1.532089	1.493000	0.039089	6.515665	-1.285575	-1.084000	-0.201575	6.504432	-35884.600975
752031317573.000000 0.006598 4.386605	2.000000	1.845022	0.154978	9.136437	1.532089	1.493000	0.039089	6.516796	-1.285575	-1.084000	-0.201575	6.510266	-35884.600975
752031331387.000000 0.006649 4.393253	2.000000	1.845022	0.154978	9.140964	1.532089	1.493000	0.039089	6.517938	-1.285575	-1.084000	-0.201575	6.516153	-35884.600975
752031344132.000000 0.006134 4.399386	2.000000	1.845022	0.154978	9.145146	1.532089	1.493000	0.039089	6.518993	-1.285575	-1.084000	-0.201575	6.521593	-35884.600975
752031356795.000000 0.006095 4.405479	2.000000	1.845022	0.154978	9.149308	1.532089	1.493000	0.039089	6.520042	-1.285575	-1.084000	-0.201575	6.527006	-35884.600975
752031370135.000000 0.006421 4.411899	2.000000	1.845022	0.154978	9.153698	1.532089	1.493000	0.039089	6.521149	-1.285575	-1.084000	-0.201575	6.532716	-35884.600975
752031383379.000000 0.006374 4.418272	2.000000	1.845022	0.154978	9.158062	1.532089	1.493000	0.039089	6.522250	-1.285575	-1.084000	-0.201575	6.538393	-35884.600975
752031396418.000000 0.006276 4.424546	2.000000	1.845022	0.154978	9.162366	1.532089	1.493000	0.039089	6.523336	-1.285575	-1.084000	-0.201575	6.543990	-35884.600975
752031409652.000000 0.006370 4.430914	2.000000	1.845022	0.154978	9.166740	1.532089	1.493000	0.039089	6.524439	-1.285575	-1.084000	-0.201575	6.549679	-35884.600975
752031422275.000000 0.006076 4.436989	2.000000	1.845022	0.154978	9.170918	1.532089	1.493000	0.039089	6.525493	-1.285575	-1.084000	-0.201575	6.555113	-35884.600975
752031435865.000000 0.006541 4.443527	2.000000	1.885685	0.114315	9.174240	1.532089	1.528000	0.004089	6.525611	-1.285575	-1.105000	-0.180575	6.560362	-39481.960991
752031452955.000000 0.008225 4.451752	2.000000	1.885685	0.114315	9.178426	1.532089	1.528000	0.004089	6.525761	-1.285575	-1.105000	-0.180575	6.566974	-39481.960991
752031467109.000000 0.006812 4.458562	2.000000	1.885685	0.114315	9.181898	1.532089	1.528000	0.004089	6.525885	-1.285575	-1.105000	-0.180575	6.572458	-39481.960991
752031481185.000000 0.006775 4.465335	2.000000	1.885685	0.114315	9.185356	1.532089	1.528000	0.004089	6.526009	-1.285575	-1.105000	-0.180575	6.577921	-39481.960991
752031496076.000000 0.007167 4.472501	2.000000	1.885685	0.114315	9.189021	1.532089	1.528000	0.004089	6.526140	-1.285575	-1.105000	-0.180575	6.583710	-39481.960991
752031516845.000000 0.009996 4.482494	2.000000	1.885685	0.114315	9.194143	1.532089	1.528000	0.004089	6.526323	-1.285575	-1.105000	-0.180575	6.591800	-39481.960991
752031535828.000000 0.009136 4.491629	2.000000	1.885685	0.114315	9.198834	1.532089	1.528000	0.004089	6.526491	-1.285575	-1.105000	-0.180575	6.599211	-39481.960991
752031551220.000000 0.007408 4.499036	2.000000	1.885685	0.114315	9.202644	1.532089	1.528000	0.004089	6.526627	-1.285575	-1.105000	-0.180575	6.605230	-39481.960991
752031566640.000000 0.007421 4.506455	2.000000	1.885685	0.114315	9.206467	1.532089	1.528000	0.004089	6.526764	-1.285575	-1.105000	-0.180575	6.611269	-39481.960991
752031580912.000000 0.006869 4.513323	2.000000	1.885685	0.114315	9.210012	1.532089	1.528000	0.004089	6.526891	-1.285575	-1.105000	-0.180575	6.616867	-39481.960991
752031594255.000000 0.006422 4.519743	2.000000	1.885685	0.114315	9.213330	1.532089	1.528000	0.004089	6.527010	-1.285575	-1.105000	-0.180575	6.622109	-39481.960991
752031607105.000000 0.006185 4.525927	2.000000	1.885685	0.114315	9.216530	1.532089	1.528000	0.004089	6.527124	-1.285575	-1.105000	-0.180575	6.627164	-39481.960991
752031620552.000000 0.006472 4.532397	2.000000	1.885685	0.114315	9.219883	1.532089	1.528000	0.004089	6.527244	-1.285575	-1.105000	-0.180575	6.632461	-39481.960991
752031634356.000000 0.006644 4.539040	2.000000	1.885685	0.114315	9.223331	1.532089	1.528000	0.004089	6.527367	-1.285575	-1.105000	-0.180575	6.637907	-39481.960991
