924671005290.000000 0.000002 0.000005 0.007015 -0.000005 0.000000 -40.000000 -0.000005 -40.000000 0.000000 -2248628.054379
924671039419.000000 0.016425 0.016429 0.021404 -0.018488 0.000000 -40.000000 -0.018488 -40.000000 0.000005 -20948.499942
924671064672.000000 0.012153 0.028581 0.033380 -0.050642 0.000000 -40.000000 -0.050642 -40.000000 0.000023 -22883.013436
924671092087.000000 0.013194 0.041773 0.047003 -0.097636 0.000000 -40.000000 -0.097636 -40.000000 0.000076 -24437.323960
924671116205.000000 0.011607 0.053378 0.059399 -0.157687 0.000000 -40.000000 -0.157687 -40.000000 0.000174 -26915.889397
924671144685.000000 0.013707 0.067082 0.072008 -0.233154 0.000000 -40.000000 -0.233154 -40.000000 0.000388 -28944.964190
924671170458.000000 0.012404 0.079484 0.084761 -0.322574 0.000000 -40.000000 -0.322574 -40.000000 0.000706 -32409.834095
924671196136.000000 0.012358 0.091840 0.096864 -0.425895 0.000000 -40.000000 -0.425895 -40.000000 0.001190 -35705.041968
924671221733.000000 0.012319 0.104157 0.109027 -0.543071 0.000000 -40.000000 -0.543071 -40.000000 0.001887 -39507.042144
924671246623.000000 0.011979 0.116134 0.121634 -0.673722 0.000000 -40.000000 -0.673722 -40.000000 0.002824 -43840.045358
924671273100.000000 0.012743 0.128875 0.134164 -0.818706 0.000000 -40.000000 -0.818706 -40.000000 0.004169 -48013.557859
924671296542.000000 0.011282 0.140154 0.144876 -0.976380 0.000000 -40.000000 -0.976380 -40.000000 0.005712 -53963.885328
924671321217.000000 0.011876 0.152028 0.157059 -1.147412 0.000000 -40.000000 -1.147412 -40.000000 0.007784 -58601.045617
924671347247.000000 0.012528 0.164555 0.170686 -1.332535 0.000000 -40.000000 -1.332535 -40.000000 0.010531 -64076.467355
924671374397.000000 0.013066 0.177618 0.182287 -1.532356 0.000000 -40.000000 -1.532356 -40.000000 0.014087 -70064.737330
924671403458.000000 0.013986 0.191602 0.198158 -1.747908 0.000000 -40.000000 -1.747908 -40.000000 0.018772 -76269.348348
924671435006.000000 0.015183 0.206783 0.214218 -1.980539 0.000000 -40.000000 -1.980539 -40.000000 0.024990 -82932.978933
924671463802.000000 0.013858 0.220639 0.225842 -2.228758 0.000000 -40.000000 -2.228758 -40.000000 0.031804 -91498.433039
924671488486.000000 0.011880 0.232517 0.238792 -2.490340 0.000000 -40.000000 -2.490340 -40.000000 0.038684 -83283.338507
924671515065.000000 0.012792 0.245307 0.249900 -2.766310 0.000000 -40.000000 -2.766310 -40.000000 0.047364 -86210.684425
924671539974.000000 0.011988 0.257292 0.262309 -3.055764 0.000000 -40.000000 -3.055764 -40.000000 0.056790 -87260.903362
924671567560.000000 0.013277 0.270567 0.275485 -3.360151 0.000000 -40.000000 -3.360151 -40.000000 0.068860 -88011.458506
924671592730.000000 0.012114 0.282677 0.287867 -3.678163 0.000000 -40.000000 -3.678163 -40.000000 0.081455 -88795.608722
924671618694.000000 0.012496 0.295171 0.300056 -4.010231 0.000000 -40.000000 -4.010231 -40.000000 0.096246 -89614.417873
924671643935.000000 0.012148 0.307317 0.312163 -4.355962 0.000000 -40.000000 -4.355962 -40.000000 0.112508 -90466.919539
924671671208.000000 0.013126 0.320441 0.327821 -4.725387 -0.966809 -40.055307 -3.758579 -39.033191 0.128317 -86876.155611
924671701649.000000 0.014650 0.335089 0.338539 -5.111699 -0.966809 -40.055307 -4.144890 -39.033191 0.148664 -87828.719502
924671716511.000000 0.007154 0.342241 0.345718 -5.506256 -0.966809 -40.055307 -4.539448 -39.033191 0.159778 -88801.614419
924671731504.000000 0.007216 0.349454 0.352765 -5.909130 -0.966809 -40.055307 -4.942321 -39.033191 0.172242 -89795.015452
924671746315.000000 0.007129 0.356581 0.360383 -6.320220 -0.966809 -40.055307 -5.353411 -39.033191 0.185850 -90808.677749
924671763060.000000 0.008060 0.364640 0.368079 -6.740600 -0.966809 -40.055307 -5.773791 -39.033191 0.202819 -91845.246817
924671778224.000000 0.007299 0.371936 0.375398 -7.169392 -0.966809 -40.055307 -6.202583 -39.033191 0.219658 -92902.557281
924671793458.000000 0.007332 0.379266 0.382643 -7.606634 -0.966809 -40.055307 -6.639825 -39.033191 0.238123 -93980.704891
924671808584.000000 0.007281 0.386545 0.389945 -8.052268 -0.966809 -40.055307 -7.085459 -39.033191 0.258064 -95079.544651
924671824298.000000 0.007564 0.394106 0.397494 -8.506620 -0.966809 -40.055307 -7.539811 -39.033191 0.280540 -96199.879517
924671839177.000000 0.007162 0.401266 0.404755 -8.969225 -0.966809 -40.055307 -8.002416 -39.033191 0.303538 -97340.567294
924671854645.000000 0.007445 0.408709 0.412214 -9.440411 -0.966809 -40.055307 -8.473602 -39.033191 0.329324 -98502.413673
924671875098.000000 0.009844 0.418551 0.422521 -9.949300 -2.988319 -40.166303 -6.960981 -37.011681 0.358004 -92565.136636
924671891541.000000 0.007915 0.426463 0.429871 -10.467807 -2.988319 -40.166303 -7.479489 -37.011681 0.383249 -93843.667349
924671906741.000000 0.007317 0.433777 0.437133 -10.995208 -2.988319 -40.166303 -8.006889 -37.011681 0.408661 -95144.125690
924671921988.000000 0.007339 0.441114 0.444689 -11.531528 -2.988319 -40.166303 -8.543209 -37.011681 0.436317 -96466.579460
924671937503.000000 0.007468 0.448580 0.451954 -12.076926 -2.988319 -40.166303 -9.088607 -37.011681 0.466762 -97811.415279
924671952719.000000 0.007324 0.455901 0.459212 -12.631225 -2.988319 -40.166303 -9.642907 -37.011681 0.498959 -99178.201808
924671967596.000000 0.007161 0.463060 0.466488 -13.194229 -2.988319 -40.166303 -10.205910 -37.011681 0.532800 -100566.450001
924671984637.000000 0.008202 0.471261 0.474809 -13.767203 -2.988319 -40.166303 -10.778884 -37.011681 0.574465 -101979.283105
924672000100.000000 0.007443 0.478701 0.482094 -14.349223 -2.988319 -40.166303 -11.360905 -37.011681 0.614944 -103414.423242
924672015485.000000 0.007405 0.486104 0.489505 -14.940244 -2.988319 -40.166303 -11.951925 -37.011681 0.657967 -104871.756445
924672030431.000000 0.007195 0.493297 0.496796 -15.540011 -2.988319 -40.166303 -12.551692 -37.011681 0.702518 -106350.655182
924672045846.000000 0.007419 0.500713 0.504126 -16.148794 -2.988319 -40.166303 -13.160475 -37.011681 0.751409 -107851.785937
924672061913.000000 0.007733 0.508444 0.511885 -16.766977 -2.988319 -40.166303 -13.778658 -37.011681 0.805586 -109376.095059
924672078761.000000 0.008110 0.516553 0.521448 -17.450180 -5.976637 -40.311762 -11.473543 -34.023363 0.853649 -101395.345165
924672098615.000000 0.009556 0.526106 0.529557 -18.146018 -5.976637 -40.311762 -12.169381 -34.023363 0.914830 -103111.136522
924672113527.000000 0.007178 0.533281 0.536602 -18.851347 -5.976637 -40.311762 -12.874709 -34.023363 0.964112 -104850.327908
924672128633.000000 0.007271 0.540550 0.543944 -19.566289 -5.976637 -40.311762 -13.589652 -34.023363 1.017526 -106613.225340
924672143941.000000 0.007368 0.547916 0.551115 -20.290974 -5.976637 -40.311762 -14.314337 -34.023363 1.075318 -108400.147388
924672158877.000000 0.007189 0.555102 0.558523 -21.025164 -5.976637 -40.311762 -15.048527 -34.023363 1.135371 -110210.505560
924672173916.000000 0.007239 0.562340 0.565648 -21.768926 -5.976637 -40.311762 -15.792289 -34.023363 1.199658 -112044.466203
924672188865.000000 0.007196 0.569533 0.573640 -22.522202 -5.976637 -40.311762 -16.545565 -34.023363 1.267466 -113901.886509
924672205834.000000 0.008168 0.577698 0.581010 -23.286278 -5.976637 -40.311762 -17.309641 -34.023363 1.349141 -115785.936492
924672220696.000000 0.007153 0.584850 0.588235 -24.059812 -5.976637 -40.311762 -18.083175 -34.023363 1.424795 -117693.309607
924672235686.000000 0.007215 0.592062 0.595493 -24.842886 -5.976637 -40.311762 -18.866249 -34.023363 1.505386 -119624.205159
924672250901.000000 0.007324 0.599385 0.602651 -25.635645 -5.976637 -40.311762 -19.659007 -34.023363 1.591684 -121578.980950
924672265465.000000 0.007010 0.606392 0.609787 -26.437672 -5.976637 -40.311762 -20.461034 -34.023363 1.678666 -123556.610650
924672281064.000000 0.007508 0.613898 0.618759 -27.327808 -8.964956 -40.514776 -18.362852 -31.035044 1.763304 -118213.643404
924672300145.000000 0.009184 0.623080 0.626398 -28.231258 -8.964956 -40.514776 -19.266302 -31.035044 1.873547 -120441.360320
924672314921.000000 0.007112 0.630190 0.633569 -29.145017 -8.964956 -40.514776 -20.180061 -31.035044 1.963993 -122694.498163
924672331342.000000 0.007904 0.638092 0.641395 -30.070233 -8.964956 -40.514776 -21.105277 -31.035044 2.070431 -124975.887024
924672346666.000000 0.007376 0.645466 0.648902 -31.006141 -8.964956 -40.514776 -22.041185 -31.035044 2.175364 -127283.639603
924672361727.000000 0.007250 0.652713 0.656076 -31.952558 -8.964956 -40.514776 -22.987602 -31.035044 2.284140 -129617.305149
924672376661.000000 0.007189 0.659899 0.663295 -32.909395 -8.964956 -40.514776 -23.944439 -31.035044 2.397725 -131976.663448
924672391711.000000 0.007244 0.667141 0.670479 -33.876732 -8.964956 -40.514776 -24.911776 -31.035044 2.518124 -134361.912349
924672406904.000000 0.007313 0.674451 0.678007 -34.854668 -8.964956 -40.514776 -25.889712 -31.035044 2.645813 -136773.297873
924672422230.000000 0.007377 0.681826 0.685890 -35.843298 -8.964956 -40.514776 -26.878342 -31.035044 2.781000 -139211.052275
924672439099.000000 0.008119 0.689944 0.693181 -36.843698 -8.964956 -40.514776 -27.878742 -31.035044 2.937170 -141677.828443
924672453759.000000 0.007056 0.696997 0.700347 -37.854326 -8.964956 -40.514776 -28.889370 -31.035044 3.079252 -144169.824250
924672468858.000000 0.007268 0.704264 0.707781 -38.875490 -8.964956 -40.514776 -29.910534 -31.035044 3.232350 -146687.800120
924672484558.000000 0.007557 0.711818 0.716168 -40.000000 -12.920083 -40.754808 -27.079917 -27.079917 3.378012 -137230.143896
924672504957.000000 0.009818 0.721634 0.725283 -40.000000 -12.920083 -40.754808 -27.079917 -27.079917 3.569878 -137230.143896
924672522871.000000 0.008622 0.730254 0.733572 -40.000000 -12.920083 -40.754808 -27.079917 -27.079917 3.740380 -137230.143896
924672538036.000000 0.007299 0.737551 0.740836 -40.000000 -12.920083 -40.754808 -27.079917 -27.079917 3.886165 -137230.143896
924672552787.000000 0.007100 0.744649 0.748076 -40.000000 -12.920083 -40.754808 -27.079917 -27.079917 4.029337 -137230.143896
924672567915.000000 0.007282 0.751929 0.755394 -40.000000 -12.920083 -40.754808 -27.079917 -27.079917 4.177612 -137230.143896
924672583448.000000 0.007477 0.759403 0.762757 -40.000000 -12.920083 -40.754808 -27.079917 -27.079917 4.331368 -137230.143896
924672598665.000000 0.007325 0.766725 0.770177 -40.000000 -12.920083 -40.754808 -27.079917 -27.079917 4.483450 -137230.143896
924672614101.000000 0.007430 0.774153 0.777906 -40.000000 -12.920083 -40.754808 -27.079917 -27.079917 4.639204 -137230.143896
924672630094.000000 0.007698 0.781848 0.785150 -40.000000 -12.920083 -40.754808 -27.079917 -27.079917 4.802181 -137230.143896
924672645048.000000 0.007198 0.789045 0.792444 -40.000000 -12.920083 -40.754808 -27.079917 -27.079917 4.955976 -137230.143896
924672662001.000000 0.008160 0.797202 0.800588 -40.000000 -12.920083 -40.754808 -27.079917 -27.079917 5.132136 -137230.143896
924672677250.000000 0.007340 0.804540 0.807846 -40.000000 -12.920083 -40.754808 -27.079917 -27.079917 5.292044 -137230.143896
924672694030.000000 0.008077 0.812615 0.821323 -40.000000 -16.963103 -41.011455 -23.036897 -23.036897 5.443242 -125896.563209
924672724402.000000 0.014617 0.827229 0.832528 -40.000000 -16.963103 -41.011455 -23.036897 -23.036897 5.721799 -125896.563209
924672748161.000000 0.011435 0.838662 0.846553 -40.000000 -16.963103 -41.011455 -23.036897 -23.036897 5.942716 -125896.563209
924672777902.000000 0.014314 0.852973 0.858043 -40.000000 -16.963103 -41.011455 -23.036897 -23.036897 6.223975 -125896.563209
924672801583.000000 0.011397 0.864368 0.869545 -40.000000 -16.963103 -41.011455 -23.036897 -23.036897 6.450917 -125896.563209
924672825835.000000 0.011673 0.876040 0.880560 -40.000000 -16.963103 -41.011455 -23.036897 -23.036897 6.686488 -125896.563209
924672845993.000000 0.009702 0.885739 0.890161 -40.000000 -16.963103 -41.011455 -23.036897 -23.036897 6.884459 -125896.563209
924672865683.000000 0.009477 0.895214 0.899923 -40.000000 -16.963103 -41.011455 -23.036897 -23.036897 7.079905 -125896.563209
924672888949.000000 0.011198 0.906409 0.910727 -40.000000 -16.963103 -41.011455 -23.036897 -23.036897 7.313724 -125896.563209
924672912934.000000 0.011544 0.917951 0.923157 -40.000000 -20.918230 -41.266945 -19.081770 -19.081770 7.515927 -115516.629455
924672934845.000000 0.010546 0.928494 0.932971 -40.000000 -20.918230 -41.266945 -19.081770 -19.081770 7.702779 -115516.629455
924672955838.000000 0.010105 0.938596 0.943069 -40.000000 -20.918230 -41.266945 -19.081770 -19.081770 7.883752 -115516.629455
924672975596.000000 0.009510 0.948103 0.952321 -40.000000 -20.918230 -41.266945 -19.081770 -19.081770 8.055798 -115516.629455
924672995336.000000 0.009501 0.957600 0.962258 -40.000000 -20.918230 -41.266945 -19.081770 -19.081770 8.229410 -115516.629455
924673015934.000000 0.009914 0.967512 0.972024 -40.000000 -20.918230 -41.266945 -19.081770 -19.081770 8.412440 -115516.629455
924673036243.000000 0.009775 0.977285 0.981744 -40.000000 -20.918230 -41.266945 -19.081770 -19.081770 8.594726 -115516.629455
924673055837.000000 0.009431 0.986714 0.991186 -40.000000 -20.918230 -41.266945 -19.081770 -19.081770 8.772302 -115516.629455
924673076405.000000 0.009900 0.996612 1.001198 -40.000000 -20.918230 -41.266945 -19.081770 -19.081770 8.960564 -115516.629455
924673096914.000000 0.009871 1.006480 1.010486 -40.000000 -20.918230 -41.266945 -19.081770 -19.081770 9.150144 -115516.629455
924673119318.000000 0.010783 1.017260 1.022546 -40.000000 -25.928059 -41.519789 -14.071941 -14.071941 9.304501 -102427.809984
924673142020.000000 0.010926 1.028185 1.032442 -40.000000 -25.928059 -41.519789 -14.071941 -14.071941 9.462590 -102427.809984
924673159599.000000 0.008461 1.036642 1.040103 -40.000000 -25.928059 -41.519789 -14.071941 -14.071941 9.586013 -102427.809984
924673175161.000000 0.007491 1.044132 1.047458 -40.000000 -25.928059 -41.519789 -14.071941 -14.071941 9.696081 -102427.809984
924673191099.000000 0.007672 1.051800 1.055476 -40.000000 -25.928059 -41.519789 -14.071941 -14.071941 9.809628 -102427.809984
924673206852.000000 0.007583 1.059380 1.062651 -40.000000 -25.928059 -41.519789 -14.071941 -14.071941 9.922666 -102427.809984
924673221690.000000 0.007143 1.066521 1.069914 -40.000000 -25.928059 -41.519789 -14.071941 -14.071941 10.029865 -102427.809984
924673236775.000000 0.007261 1.073778 1.077050 -40.000000 -25.928059 -41.519789 -14.071941 -14.071941 10.139576 -102427.809984
924673250920.000000 0.006808 1.080585 1.083563 -40.000000 -25.928059 -41.519789 -14.071941 -14.071941 10.243103 -102427.809984
924673264156.000000 0.006371 1.086955 1.090086 -40.000000 -25.928059 -41.519789 -14.071941 -14.071941 10.340551 -102427.809984
924673277883.000000 0.006607 1.093559 1.096618 -40.000000 -25.928059 -41.519789 -14.071941 -14.071941 10.442227 -102427.809984
924673292031.000000 0.006810 1.100367 1.103282 -40.000000 -25.928059 -41.519789 -14.071941 -14.071941 10.547672 -102427.809984
924673305835.000000 0.006644 1.107010 1.109874 -40.000000 -25.928059 -41.519789 -14.071941 -14.071941 10.651176 -102427.809984
924673319876.000000 0.006759 1.113766 1.117298 -40.000000 -29.971078 -41.730958 -10.028922 -10.028922 10.726671 -91667.506535
924673336752.000000 0.008123 1.121887 1.124883 -40.000000 -29.971078 -41.730958 -10.028922 -10.028922 10.818060 -91667.506535
924673350191.000000 0.006469 1.128354 1.131283 -40.000000 -29.971078 -41.730958 -10.028922 -10.028922 10.891266 -91667.506535
924673363538.000000 0.006425 1.134776 1.137714 -40.000000 -29.971078 -41.730958 -10.028922 -10.028922 10.964384 -91667.506535
924673376979.000000 0.006470 1.141243 1.144132 -40.000000 -29.971078 -41.730958 -10.028922 -10.028922 11.038432 -91667.506535
924673389944.000000 0.006241 1.147482 1.150463 -40.000000 -29.971078 -41.730958 -10.028922 -10.028922 11.110249 -91667.506535
924673403253.000000 0.006406 1.153886 1.156855 -40.000000 -29.971078 -41.730958 -10.028922 -10.028922 11.184382 -91667.506535
924673416493.000000 0.006373 1.160257 1.163102 -40.000000 -29.971078 -41.730958 -10.028922 -10.028922 11.258538 -91667.506535
924673429679.000000 0.006347 1.166602 1.169449 -40.000000 -29.971078 -41.730958 -10.028922 -10.028922 11.332795 -91667.506535
924673442845.000000 0.006338 1.172937 1.175969 -40.000000 -29.971078 -41.730958 -10.028922 -10.028922 11.407348 -91667.506535
924673456531.000000 0.006588 1.179523 1.182375 -40.000000 -29.971078 -41.730958 -10.028922 -10.028922 11.485274 -91667.506535
924673470995.000000 0.006962 1.186484 1.189716 -40.000000 -29.971078 -41.730958 -10.028922 -10.028922 11.568121 -91667.506535
924673485159.000000 0.006818 1.193300 1.196329 -40.000000 -29.971078 -41.730958 -10.028922 -10.028922 11.649709 -91667.506535
924673499206.000000 0.006761 1.200058 1.203058 -40.000000 -29.971078 -41.730958 -10.028922 -10.028922 11.731083 -91667.506535
924673512818.000000 0.006552 1.206608 1.209568 -40.000000 -29.971078 -41.730958 -10.028922 -10.028922 11.810367 -91667.506535
924673527124.000000 0.006886 1.213492 1.217439 -40.000000 -33.926206 -41.941028 -6.073794 -6.073794 11.861120 -81005.883453
924673545899.000000 0.009037 1.222527 1.226303 -40.000000 -33.926206 -41.941028 -6.073794 -6.073794 11.928221 -81005.883453
924673564666.000000 0.009032 1.231558 1.235657 -40.000000 -33.926206 -41.941028 -6.073794 -6.073794 11.995786 -81005.883453
924673582267.000000 0.008472 1.240027 1.243898 -40.000000 -33.926206 -41.941028 -6.073794 -6.073794 12.059593 -81005.883453
924673599833.000000 0.008455 1.248480 1.252423 -40.000000 -33.926206 -41.941028 -6.073794 -6.073794 12.123708 -81005.883453
924673617097.000000 0.008309 1.256787 1.260155 -40.000000 -33.926206 -41.941028 -6.073794 -6.073794 12.187136 -81005.883453
924673633986.000000 0.008129 1.264915 1.268777 -40.000000 -33.926206 -41.941028 -6.073794 -6.073794 12.249592 -81005.883453
924673650807.000000 0.008096 1.273007 1.277242 -40.000000 -33.926206 -41.941028 -6.073794 -6.073794 12.312190 -81005.883453
924673669293.000000 0.008898 1.281904 1.285384 -40.000000 -33.926206 -41.941028 -6.073794 -6.073794 12.381468 -81005.883453
924673684462.000000 0.007301 1.289202 1.292836 -40.000000 -33.926206 -41.941028 -6.073794 -6.073794 12.438635 -81005.883453
924673699738.000000 0.007352 1.296552 1.299830 -40.000000 -33.926206 -41.941028 -6.073794 -6.073794 12.496533 -81005.883453
924673713978.000000 0.006855 1.303406 1.306562 -40.000000 -33.926206 -41.941028 -6.073794 -6.073794 12.550798 -81005.883453
924673727849.000000 0.006677 1.310079 1.313554 -40.000000 -37.969225 -41.941028 -2.030775 -6.073794 12.568560 -81005.883453
924673744340.000000 0.007938 1.318016 1.321610 -40.000000 -37.969225 -42.064495 -2.030775 -2.030775 12.589806 -72095.785593
924673759958.000000 0.007517 1.325530 1.329207 -40.000000 -37.969225 -42.064495 -2.030775 -2.030775 12.610042 -72095.785593
924673776329.000000 0.007880 1.333407 1.336901 -40.000000 -37.969225 -42.064495 -2.030775 -2.030775 12.631378 -72095.785593
924673792291.000000 0.007683 1.341090 1.345933 -40.000000 -37.969225 -42.064495 -2.030775 -2.030775 12.652303 -72095.785593
924673811040.000000 0.009025 1.350111 1.353773 -40.000000 -37.969225 -42.064495 -2.030775 -2.030775 12.677047 -72095.785593
924673827447.000000 0.007897 1.358005 1.361520 -40.000000 -37.969225 -42.064495 -2.030775 -2.030775 12.698825 -72095.785593
924673843339.000000 0.007649 1.365652 1.369131 -40.000000 -37.969225 -42.064495 -2.030775 -2.030775 12.720038 -72095.785593
924673859321.000000 0.007692 1.373342 1.376906 -40.000000 -37.969225 -42.064495 -2.030775 -2.030775 12.741492 -72095.785593
924673874573.000000 0.007342 1.380682 1.384159 -40.000000 -37.969225 -42.064495 -2.030775 -2.030775 12.762076 -72095.785593
924673890240.000000 0.007541 1.388221 1.391555 -40.000000 -37.969225 -42.064495 -2.030775 -2.030775 12.783335 -72095.785593
924673904621.000000 0.006922 1.395140 1.398292 -40.000000 -37.969225 -42.064495 -2.030775 -2.030775 12.802946 -72095.785593
924673918452.000000 0.006657 1.401796 1.404863 -40.000000 -37.969225 -42.064495 -2.030775 -2.030775 12.821898 -72095.785593
924673932214.000000 0.006624 1.408417 1.411377 -40.000000 -37.969225 -42.064495 -2.030775 -2.030775 12.840844 -72095.785593
