921086448214.000000 0.000002 0.000005 0.007560 -0.000005 0.000000 -40.000000 -0.000005 -40.000000 0.000000 -2248628.054379
921086488645.000000 0.019457 0.019461 0.026375 -0.021899 0.000000 -40.000000 -0.021899 -40.000000 0.000008 -21072.565060
921086521098.000000 0.015619 0.035078 0.040228 -0.061363 0.000000 -40.000000 -0.061363 -40.000000 0.000042 -23066.439267
921086546249.000000 0.012104 0.047180 0.052667 -0.114441 0.000000 -40.000000 -0.114441 -40.000000 0.000107 -25417.966375
921086571229.000000 0.012023 0.059201 0.064457 -0.181041 0.000000 -40.000000 -0.181041 -40.000000 0.000236 -27620.363022
921086596433.000000 0.012130 0.071328 0.076443 -0.261285 0.000000 -40.000000 -0.261285 -40.000000 0.000462 -30308.733125
921086625240.000000 0.013864 0.085190 0.090310 -0.357124 0.000000 -40.000000 -0.357124 -40.000000 0.000884 -33027.469041
921086652514.000000 0.013126 0.098314 0.105661 -0.467728 0.000000 -40.000000 -0.467728 -40.000000 0.001488 -36991.505077
921086693744.000000 0.019841 0.118154 0.124044 -0.600651 0.000000 -40.000000 -0.600651 -40.000000 0.002896 -39738.119493
921086730866.000000 0.017865 0.136017 0.141713 -0.753669 0.000000 -40.000000 -0.753669 -40.000000 0.004727 -45287.941770
921086756909.000000 0.012534 0.148548 0.153930 -0.920786 0.000000 -40.000000 -0.920786 -40.000000 0.006441 -52483.744067
921086784359.000000 0.013211 0.161757 0.168207 -1.102763 0.000000 -40.000000 -1.102763 -40.000000 0.008798 -57079.573866
921086814888.000000 0.014693 0.176448 0.183985 -1.301267 0.000000 -40.000000 -1.301267 -40.000000 0.012171 -62605.331066
921086848864.000000 0.016351 0.192797 0.203432 -1.518164 0.000000 -40.000000 -1.518164 -40.000000 0.016957 -68799.593412
921086890901.000000 0.020231 0.213026 0.221101 -1.757818 0.000000 -40.000000 -1.757818 -40.000000 0.024533 -75094.722480
921086932296.000000 0.019922 0.232946 0.241444 -2.019882 0.000000 -40.000000 -2.019882 -40.000000 0.033907 -83467.432438
921086970572.000000 0.018421 0.251367 0.259971 -2.302671 0.000000 -40.000000 -2.302671 -40.000000 0.044569 -89787.755690
921087012058.000000 0.019966 0.271325 0.278277 -2.607912 0.000000 -40.000000 -2.607912 -40.000000 0.058697 -84664.726715
921087047259.000000 0.016941 0.288264 0.296477 -2.932209 0.000000 -40.000000 -2.932209 -40.000000 0.073016 -86956.242452
921087094386.000000 0.022679 0.310939 0.318500 -3.290679 -0.966809 -40.055307 -2.323870 -39.033191 0.089404 -83338.868694
921087129294.000000 0.016800 0.327738 0.335970 -3.668517 -0.966809 -40.055307 -2.701708 -39.033191 0.104280 -84270.536619
921087166898.000000 0.018098 0.345833 0.354215 -4.067216 -0.966809 -40.055307 -3.100407 -39.033191 0.123684 -85253.644241
921087205686.000000 0.018667 0.364497 0.372250 -4.487431 -0.966809 -40.055307 -3.520622 -39.033191 0.147639 -86289.807045
921087243227.000000 0.018067 0.382561 0.391509 -4.928472 -0.966809 -40.055307 -3.961663 -39.033191 0.175020 -87377.322001
921087281875.000000 0.018600 0.401160 0.410828 -5.416215 -2.988319 -40.166303 -2.427896 -37.011681 0.193137 -81388.306813
921087324060.000000 0.020301 0.421458 0.431388 -5.928638 -2.988319 -40.166303 -2.940319 -37.011681 0.218295 -82651.832970
921087366979.000000 0.020655 0.442110 0.446596 -6.466169 -2.988319 -40.166303 -3.477851 -37.011681 0.250054 -83977.272937
921087387838.000000 0.010040 0.452147 0.456986 -7.015904 -2.988319 -40.166303 -4.027585 -37.011681 0.268337 -85332.802803
921087410307.000000 0.010814 0.462959 0.467820 -7.578784 -2.988319 -40.166303 -4.590465 -37.011681 0.291319 -86720.746606
921087433569.000000 0.011196 0.474153 0.479661 -8.155274 -2.988319 -40.166303 -5.166955 -37.011681 0.318750 -88142.249778
921087457544.000000 0.011539 0.485689 0.490928 -8.745790 -2.988319 -40.166303 -5.757471 -37.011681 0.351015 -89598.338012
921087480470.000000 0.011034 0.496720 0.501930 -9.349718 -2.988319 -40.166303 -6.361399 -37.011681 0.385880 -91087.498013
921087504515.000000 0.011573 0.508291 0.512903 -10.021994 -5.976637 -40.311762 -4.045357 -34.023363 0.409676 -83079.402584
921087526284.000000 0.010477 0.518766 0.526536 -10.708125 -5.976637 -40.311762 -4.731487 -34.023363 0.435392 -84771.255637
921087557164.000000 0.014862 0.533625 0.540010 -11.413909 -5.976637 -40.311762 -5.437271 -34.023363 0.478512 -86511.570651
921087583037.000000 0.012454 0.546077 0.550896 -12.136162 -5.976637 -40.311762 -6.159524 -34.023363 0.520401 -88292.494784
921087605384.000000 0.010757 0.556829 0.561816 -12.872636 -5.976637 -40.311762 -6.895998 -34.023363 0.561706 -90108.485221
921087627714.000000 0.010748 0.567574 0.572098 -13.623321 -5.976637 -40.311762 -7.646684 -34.023363 0.608352 -91959.518423
921087646897.000000 0.009233 0.576802 0.580648 -14.386212 -5.976637 -40.311762 -8.409575 -34.023363 0.653136 -93840.646344
921087664146.000000 0.008302 0.585103 0.589028 -15.160082 -5.976637 -40.311762 -9.183445 -34.023363 0.697745 -95748.846488
921087681152.000000 0.008185 0.593286 0.597136 -15.944774 -5.976637 -40.311762 -9.968137 -34.023363 0.746151 -97683.732803
921087697930.000000 0.008076 0.601360 0.605015 -16.844768 -9.931765 -40.514776 -6.913003 -30.068235 0.779724 -87763.133478
921087715001.000000 0.008216 0.609574 0.613152 -17.757054 -9.931765 -40.514776 -7.825289 -30.068235 0.818917 -90012.638609
921087730353.000000 0.007389 0.616961 0.620685 -18.680395 -9.931765 -40.514776 -8.748630 -30.068235 0.858801 -92289.404873
921087747078.000000 0.008050 0.625010 0.629659 -19.615783 -9.931765 -40.514776 -9.684018 -30.068235 0.907526 -94595.873909
921087768240.000000 0.010185 0.635193 0.639132 -20.566410 -9.931765 -40.514776 -10.634645 -30.068235 0.976329 -96939.921117
921087785511.000000 0.008313 0.643503 0.647325 -21.529474 -9.931765 -40.514776 -11.597709 -30.068235 1.038367 -99314.635323
921087802555.000000 0.008203 0.651705 0.655617 -22.504813 -9.931765 -40.514776 -12.573048 -30.068235 1.105585 -101719.615211
921087821262.000000 0.009004 0.660707 0.665140 -23.493624 -9.931765 -40.514776 -13.561859 -30.068235 1.186265 -104157.815608
921087839919.000000 0.008980 0.669684 0.673343 -24.495871 -9.931765 -40.514776 -14.564106 -30.068235 1.273850 -106629.145953
921087857266.000000 0.008350 0.678032 0.682160 -25.510611 -9.931765 -40.514776 -15.578846 -30.068235 1.362047 -109131.281804
921087876284.000000 0.009154 0.687183 0.691311 -26.539046 -9.931765 -40.514776 -16.607281 -30.068235 1.466512 -111667.186868
921087895386.000000 0.009194 0.696374 0.700509 -27.581237 -9.931765 -40.514776 -17.649472 -30.068235 1.579513 -114237.010307
921087914322.000000 0.009114 0.705486 0.709240 -28.801087 -13.974784 -40.754808 -14.826303 -26.025216 1.674846 -106208.767381
921087930505.000000 0.007790 0.713273 0.716926 -30.034403 -13.974784 -40.754808 -16.059618 -26.025216 1.764074 -109249.863207
921087947707.000000 0.008279 0.721550 0.725263 -31.282029 -13.974784 -40.754808 -17.307245 -26.025216 1.867468 -112326.248593
921087964302.000000 0.007988 0.729536 0.734050 -32.543464 -13.974784 -40.754808 -18.568680 -26.025216 1.975675 -115436.682320
921087984255.000000 0.009604 0.739138 0.743176 -33.821502 -13.974784 -40.754808 -19.846717 -26.025216 2.116555 -118588.053658
921088003878.000000 0.009446 0.748582 0.752859 -35.115868 -13.974784 -40.754808 -21.141084 -26.025216 2.266050 -121779.689683
921088021103.000000 0.008290 0.756868 0.759958 -36.424562 -13.974784 -40.754808 -22.449778 -26.025216 2.406917 -125006.654247
921088038673.000000 0.008456 0.765322 0.769106 -37.747875 -13.974784 -40.754808 -23.773091 -26.025216 2.560775 -128269.665410
921088056479.000000 0.008571 0.773891 0.777680 -39.086005 -13.974784 -40.754808 -25.111220 -26.025216 2.727328 -131569.211452
921088074089.000000 0.008476 0.782364 0.786189 -40.000000 -13.974784 -40.754808 -26.025216 -26.025216 2.899904 -133822.931901
921088090156.000000 0.007733 0.790095 0.794152 -40.000000 -13.974784 -40.754808 -26.025216 -26.025216 3.058908 -133822.931901
921088106882.000000 0.008050 0.798144 0.801827 -40.000000 -17.929912 -40.754808 -22.070088 -26.025216 3.200716 -133822.931901
921088122308.000000 0.007424 0.805566 0.808562 -40.000000 -17.929912 -40.969938 -22.070088 -22.070088 3.332712 -125554.661410
921088137373.000000 0.007251 0.812815 0.815762 -40.000000 -17.929912 -40.969938 -22.070088 -22.070088 3.462788 -125554.661410
921088151352.000000 0.006729 0.819542 0.822691 -40.000000 -17.929912 -40.969938 -22.070088 -22.070088 3.584489 -125554.661410
921088165228.000000 0.006678 0.826219 0.829460 -40.000000 -17.929912 -40.969938 -22.070088 -22.070088 3.706269 -125554.661410
921088181059.000000 0.007620 0.833838 0.837071 -40.000000 -17.929912 -40.969938 -22.070088 -22.070088 3.846502 -125554.661410
921088194954.000000 0.006688 0.840522 0.843462 -40.000000 -17.929912 -40.969938 -22.070088 -22.070088 3.970560 -125554.661410
921088209613.000000 0.007056 0.847578 0.850722 -40.000000 -17.929912 -40.969938 -22.070088 -22.070088 4.102554 -125554.661410
921088223811.000000 0.006834 0.854409 0.857345 -40.000000 -17.929912 -40.969938 -22.070088 -22.070088 4.231420 -125554.661410
921088237326.000000 0.006505 0.860911 0.863844 -40.000000 -17.929912 -40.969938 -22.070088 -22.070088 4.355022 -125554.661410
921088250640.000000 0.006408 0.867318 0.870346 -40.000000 -17.929912 -40.969938 -22.070088 -22.070088 4.477683 -125554.661410
921088264289.000000 0.006569 0.873886 0.876883 -40.000000 -17.929912 -40.969938 -22.070088 -22.070088 4.604382 -125554.661410
921088279833.000000 0.007481 0.881366 0.884422 -40.000000 -17.929912 -40.969938 -22.070088 -22.070088 4.749903 -125554.661410
921088293405.000000 0.006533 0.887898 0.890951 -40.000000 -17.929912 -40.969938 -22.070088 -22.070088 4.877926 -125554.661410
921088307494.000000 0.006781 0.894676 0.897751 -40.000000 -17.929912 -40.969938 -22.070088 -22.070088 5.011829 -125554.661410
921088321808.000000 0.006890 0.901564 0.904674 -40.000000 -21.972931 -41.244599 -18.027069 -18.027069 5.123805 -112911.237132
921088335491.000000 0.006586 0.908148 0.911237 -40.000000 -21.972931 -41.244599 -18.027069 -18.027069 5.231619 -112911.237132
921088349451.000000 0.006719 0.914867 0.917903 -40.000000 -21.972931 -41.244599 -18.027069 -18.027069 5.342437 -112911.237132
921088363522.000000 0.006773 0.921636 0.924642 -40.000000 -21.972931 -41.244599 -18.027069 -18.027069 5.454963 -112911.237132
921088377224.000000 0.006595 0.928229 0.932186 -40.000000 -21.972931 -41.244599 -18.027069 -18.027069 5.565314 -112911.237132
921088394510.000000 0.008320 0.936549 0.939655 -40.000000 -21.972931 -41.244599 -18.027069 -18.027069 5.705779 -112911.237132
921088408539.000000 0.006753 0.943299 0.946463 -40.000000 -21.972931 -41.244599 -18.027069 -18.027069 5.820606 -112911.237132
921088422456.000000 0.006698 0.949995 0.953111 -40.000000 -21.972931 -41.244599 -18.027069 -18.027069 5.935317 -112911.237132
921088436137.000000 0.006585 0.956578 0.960202 -40.000000 -21.972931 -41.244599 -18.027069 -18.027069 6.048864 -112911.237132
921088451514.000000 0.007401 0.963977 0.967099 -40.000000 -21.972931 -41.244599 -18.027069 -18.027069 6.177480 -112911.237132
921088467324.000000 0.007610 0.971586 0.974982 -40.000000 -21.972931 -41.244599 -18.027069 -18.027069 6.310761 -112911.237132
921088482288.000000 0.007202 0.978785 0.981783 -40.000000 -21.972931 -41.244599 -18.027069 -18.027069 6.437837 -112911.237132
921088495651.000000 0.006432 0.985216 0.988697 -40.000000 -21.972931 -41.244599 -18.027069 -18.027069 6.552066 -112911.237132
921088510424.000000 0.007111 0.992325 0.995323 -40.000000 -21.972931 -41.244599 -18.027069 -18.027069 6.679265 -112911.237132
921088524048.000000 0.006557 0.998880 1.002202 -40.000000 -25.928059 -41.244599 -14.071941 -18.027069 6.771434 -112911.237132
921088539236.000000 0.007310 1.006190 1.009310 -40.000000 -25.928059 -41.477328 -14.071941 -14.071941 6.874941 -102451.203197
921088563423.000000 0.011640 1.017827 1.021555 -40.000000 -25.928059 -41.477328 -14.071941 -14.071941 7.041659 -102451.203197
921088580636.000000 0.008285 1.026110 1.030766 -40.000000 -25.928059 -41.477328 -14.071941 -14.071941 7.161284 -102451.203197
921088601640.000000 0.010109 1.036217 1.039971 -40.000000 -25.928059 -41.477328 -14.071941 -14.071941 7.308688 -102451.203197
921088618143.000000 0.007943 1.044158 1.048009 -40.000000 -25.928059 -41.477328 -14.071941 -14.071941 7.425397 -102451.203197
921088635274.000000 0.008245 1.052401 1.055871 -40.000000 -25.928059 -41.477328 -14.071941 -14.071941 7.547503 -102451.203197
921088651788.000000 0.007948 1.060348 1.064648 -40.000000 -25.928059 -41.477328 -14.071941 -14.071941 7.666102 -102451.203197
921088673421.000000 0.010412 1.070758 1.074571 -40.000000 -25.928059 -41.477328 -14.071941 -14.071941 7.822979 -102451.203197
921088693073.000000 0.009459 1.080215 1.084676 -40.000000 -25.928059 -41.477328 -14.071941 -14.071941 7.966760 -102451.203197
921088712482.000000 0.009341 1.089553 1.094651 -40.000000 -25.928059 -41.477328 -14.071941 -14.071941 8.109975 -102451.203197
921088733965.000000 0.010339 1.099891 1.105020 -40.000000 -28.916377 -41.687901 -11.083623 -11.083623 8.236020 -96305.777178
921088753503.000000 0.009403 1.109293 1.113254 -40.000000 -28.916377 -41.687901 -11.083623 -11.083623 8.351636 -96305.777178
921088771850.000000 0.008830 1.118121 1.121650 -40.000000 -28.916377 -41.687901 -11.083623 -11.083623 8.461063 -96305.777178
921088786992.000000 0.007288 1.125407 1.145583 -40.000000 -28.916377 -41.687901 -11.083623 -11.083623 8.551972 -96305.777178
921088856489.000000 0.033443 1.158849 1.162719 -40.000000 -28.916377 -41.687901 -11.083623 -11.083623 8.981526 -96305.777178
921088874691.000000 0.008760 1.167607 1.171041 -40.000000 -28.916377 -41.687901 -11.083623 -11.083623 9.094893 -96305.777178
921088891459.000000 0.008071 1.175676 1.179047 -40.000000 -28.916377 -41.687901 -11.083623 -11.083623 9.200065 -96305.777178
921088905839.000000 0.006921 1.182595 1.185936 -40.000000 -28.916377 -41.687901 -11.083623 -11.083623 9.290787 -96305.777178
921088920517.000000 0.007064 1.189657 1.192899 -40.000000 -28.916377 -41.687901 -11.083623 -11.083623 9.383936 -96305.777178
921088934764.000000 0.006857 1.196514 1.199680 -40.000000 -28.916377 -41.687901 -11.083623 -11.083623 9.474878 -96305.777178
921088949431.000000 0.007060 1.203572 1.206923 -40.000000 -30.937887 -41.897261 -9.062113 -9.062113 9.551876 -92827.209744
921088964052.000000 0.007037 1.210607 1.213914 -40.000000 -30.937887 -41.897261 -9.062113 -9.062113 9.629081 -92827.209744
921088978316.000000 0.006865 1.217470 1.220496 -40.000000 -30.937887 -41.897261 -9.062113 -9.062113 9.704824 -92827.209744
921088991817.000000 0.006498 1.223967 1.227044 -40.000000 -30.937887 -41.897261 -9.062113 -9.062113 9.776903 -92827.209744
921089007252.000000 0.007429 1.231398 1.235243 -40.000000 -30.937887 -41.897261 -9.062113 -9.062113 9.859805 -92827.209744
921089023014.000000 0.007586 1.238979 1.242217 -40.000000 -30.937887 -41.897261 -9.062113 -9.062113 9.944979 -92827.209744
921089037561.000000 0.007002 1.245979 1.249129 -40.000000 -30.937887 -41.897261 -9.062113 -9.062113 10.024038 -92827.209744
921089051631.000000 0.006772 1.252749 1.255901 -40.000000 -30.937887 -41.897261 -9.062113 -9.062113 10.100921 -92827.209744
921089065787.000000 0.006813 1.259560 1.262868 -40.000000 -30.937887 -41.897261 -9.062113 -9.062113 10.178689 -92827.209744
921089079867.000000 0.006777 1.266335 1.269468 -40.000000 -30.937887 -41.897261 -9.062113 -9.062113 10.256455 -92827.209744
921089094108.000000 0.006855 1.273189 1.276843 -40.000000 -30.937887 -41.897261 -9.062113 -9.062113 10.335541 -92827.209744
921089111853.000000 0.008541 1.281729 1.285762 -40.000000 -30.937887 -41.897261 -9.062113 -9.062113 10.434743 -92827.209744
921089129784.000000 0.008630 1.290356 1.294277 -40.000000 -30.937887 -41.897261 -9.062113 -9.062113 10.535659 -92827.209744
921089147719.000000 0.008632 1.298987 1.303935 -40.000000 -33.926206 -41.897261 -6.073794 -9.062113 10.603764 -92827.209744
921089167980.000000 0.009752 1.308737 1.313978 -40.000000 -33.926206 -42.064495 -6.073794 -6.073794 10.681281 -82871.563254
921089190682.000000 0.010927 1.319661 1.323610 -40.000000 -33.926206 -42.064495 -6.073794 -6.073794 10.768864 -82871.563254
921089207932.000000 0.008303 1.327962 1.334034 -40.000000 -33.926206 -42.064495 -6.073794 -6.073794 10.835838 -82871.563254
921089231879.000000 0.011525 1.339484 1.344762 -40.000000 -33.926206 -42.064495 -6.073794 -6.073794 10.929603 -82871.563254
921089258565.000000 0.012843 1.352325 1.358497 -40.000000 -33.926206 -42.064495 -6.073794 -6.073794 11.035096 -82871.563254
921089286631.000000 0.013508 1.365830 1.371984 -40.000000 -33.926206 -42.064495 -6.073794 -6.073794 11.147151 -82871.563254
921089314758.000000 0.013537 1.379366 1.384436 -40.000000 -33.926206 -42.064495 -6.073794 -6.073794 11.260563 -82871.563254
921089334278.000000 0.009396 1.388758 1.393197 -40.000000 -33.926206 -42.064495 -6.073794 -6.073794 11.339817 -82871.563254
921089354763.000000 0.009859 1.398614 1.403629 -40.000000 -35.947715 -42.064495 -4.052285 -6.073794 11.395694 -82871.563254
921089374943.000000 0.009713 1.408326 1.412284 -40.000000 -35.947715 -42.233504 -4.052285 -4.052285 11.451128 -78841.432334
921089393407.000000 0.008887 1.417210 1.421170 -40.000000 -35.947715 -42.233504 -4.052285 -4.052285 11.502166 -78841.432334
921089412094.000000 0.008995 1.426202 1.431242 -40.000000 -35.947715 -42.233504 -4.052285 -4.052285 11.554151 -78841.432334
921089436461.000000 0.011728 1.437927 1.442018 -40.000000 -35.947715 -42.233504 -4.052285 -4.052285 11.622486 -78841.432334
921089455093.000000 0.008968 1.446893 1.450821 -40.000000 -35.947715 -42.233504 -4.052285 -4.052285 11.675068 -78841.432334
921089473549.000000 0.008883 1.455772 1.458995 -40.000000 -35.947715 -42.233504 -4.052285 -4.052285 11.727469 -78841.432334
921089487729.000000 0.006825 1.462596 1.465608 -40.000000 -35.947715 -42.233504 -4.052285 -4.052285 11.767921 -78841.432334
921089502025.000000 0.006881 1.469475 1.472813 -40.000000 -35.947715 -42.233504 -4.052285 -4.052285 11.808896 -78841.432334
921089516872.000000 0.007146 1.476619 1.479601 -40.000000 -35.947715 -42.233504 -4.052285 -4.052285 11.851653 -78841.432334
921089530689.000000 0.006651 1.483268 1.487006 -40.000000 -35.947715 -42.233504 -4.052285 -4.052285 11.891627 -78841.432334
921089546160.000000 0.007446 1.490712 1.493817 -40.000000 -35.947715 -42.233504 -4.052285 -4.052285 11.936607 -78841.432334
921089560001.000000 0.006662 1.497372 1.500442 -40.000000 -35.947715 -42.233504 -4.052285 -4.052285 11.977031 -78841.432334
921089575307.000000 0.007367 1.504738 1.507823 -40.000000 -37.969225 -42.380916 -2.030775 -2.030775 11.999543 -73705.767925
921089589278.000000 0.006725 1.511461 1.514494 -40.000000 -37.969225 -42.380916 -2.030775 -2.030775 12.020184 -73705.767925
921089603031.000000 0.006620 1.518078 1.521077 -40.000000 -37.969225 -42.380916 -2.030775 -2.030775 12.040592 -73705.767925
921089617079.000000 0.006761 1.524837 1.527885 -40.000000 -37.969225 -42.380916 -2.030775 -2.030775 12.061529 -73705.767925
921089632437.000000 0.007392 1.532229 1.535662 -40.000000 -37.969225 -42.380916 -2.030775 -2.030775 12.084530 -73705.767925
921089647291.000000 0.007149 1.539376 1.542385 -40.000000 -37.969225 -42.380916 -2.030775 -2.030775 12.106879 -73705.767925
921089660980.000000 0.006589 1.545963 1.549388 -40.000000 -37.969225 -42.380916 -2.030775 -2.030775 12.127565 -73705.767925
921089676728.000000 0.007580 1.553541 1.557213 -40.000000 -37.969225 -42.380916 -2.030775 -2.030775 12.151478 -73705.767925
921089692616.000000 0.007647 1.561185 1.564885 -40.000000 -37.969225 -42.380916 -2.030775 -2.030775 12.175721 -73705.767925
921089708944.000000 0.007859 1.569044 1.572884 -40.000000 -37.969225 -42.380916 -2.030775 -2.030775 12.200764 -73705.767925
921089725492.000000 0.007965 1.577006 1.580905 -40.000000 -37.969225 -42.380916 -2.030775 -2.030775 12.226271 -73705.767925
921089741925.000000 0.007909 1.584914 1.588624 -40.000000 -37.969225 -42.380916 -2.030775 -2.030775 12.251728 -73705.767925
921089758600.000000 0.008026 1.592938 1.596552 -40.000000 -37.969225 -42.380916 -2.030775 -2.030775 12.277691 -73705.767925
