748372258163.000000 0.000002 0.000005	0.000005	0.000000	0.000005	0.000000	0.000004	0.000000	0.000004	0.000000	-0.000003	0.000000	-0.000003	0.000000	2208271.263869
748372287860.000000 0.014292 0.014297	0.014301	0.000000	0.014301	0.000003	0.010955	0.000000	0.010955	0.000002	-0.009192	0.000000	-0.009192	0.000002	-19573.838229
748372316091.000000 0.013586 0.027881	0.042179	0.000000	0.042179	0.000019	0.032311	0.000000	0.032311	0.000014	-0.027112	0.000000	-0.027112	0.000012	-18003.393980
748372342889.000000 0.012897 0.040776	0.082951	0.000000	0.082951	0.000063	0.063544	0.000000	0.063544	0.000048	-0.053320	0.000000	-0.053320	0.000040	-16433.376781
748372370221.000000 0.013154 0.053928	0.136874	0.000000	0.136874	0.000160	0.104851	0.000000	0.104851	0.000122	-0.087981	0.000000	-0.087981	0.000103	-14639.739947
748372397424.000000 0.013092 0.067018	0.203885	0.000000	0.203885	0.000339	0.156185	0.000000	0.156185	0.000259	-0.131055	0.000000	-0.131055	0.000218	-12403.086643
748372424696.000000 0.013125 0.080141	0.284018	0.000000	0.284018	0.000637	0.217571	0.000000	0.217571	0.000488	-0.182563	0.000000	-0.182563	0.000410	-9849.958091
748372450748.000000 0.012538 0.092678	0.376686	0.000000	0.376686	0.001075	0.288559	0.000000	0.288559	0.000823	-0.242129	0.000000	-0.242129	0.000691	-6757.614984
748372478067.000000 0.013148 0.105823	0.482499	0.000000	0.482499	0.001746	0.369615	0.000000	0.369615	0.001338	-0.310144	0.000000	-0.310144	0.001122	-3777.120682
748372511076.000000 0.015886 0.121706	0.604193	0.000000	0.604193	0.002914	0.462839	0.000000	0.462839	0.002233	-0.388368	0.000000	-0.388368	0.001873	-846.255340
748372540848.000000 0.014329 0.136034	0.740213	0.000000	0.740213	0.004357	0.567036	0.000000	0.567036	0.003338	-0.475800	0.000000	-0.475800	0.002801	3970.996581
748372572506.000000 0.015235 0.151266	0.891464	0.000000	0.891464	0.006412	0.682901	0.000000	0.682901	0.004912	-0.573022	0.000000	-0.573022	0.004121	7963.618178
748372601004.000000 0.013715 0.164980	1.056428	0.000000	1.056428	0.008802	0.809271	0.000000	0.809271	0.006743	-0.679059	0.000000	-0.679059	0.005658	13596.026745
748372628998.000000 0.013472 0.178450	1.234860	0.000000	1.234860	0.011771	0.945958	0.000000	0.945958	0.009017	-0.793753	0.000000	-0.793753	0.007566	18734.661872
748372656169.000000 0.013077 0.191525	1.426366	0.000000	1.426366	0.015343	1.092659	0.000000	1.092659	0.011754	-0.916850	0.000000	-0.916850	0.009863	24513.551305
748372682099.000000 0.012479 0.204001	1.630346	0.000000	1.630346	0.019494	1.248918	0.000000	1.248918	0.014933	-1.047966	0.000000	-1.047966	0.012530	30783.419301
748372709517.000000 0.013195 0.217195	1.847519	0.000000	1.847519	0.024789	1.415282	0.000000	1.415282	0.018989	-1.187562	0.000000	-1.187562	0.015934	36350.361634
748372737860.000000 0.013640 0.230833	2.000000	0.000000	2.000000	0.031086	1.532089	0.000000	1.532089	0.023813	-1.285575	0.000000	-1.285575	0.019982	37067.444710
748372766985.000000 0.014017 0.244848	2.000000	0.000000	2.000000	0.037950	1.532089	0.000000	1.532089	0.029072	-1.285575	0.000000	-1.285575	0.024394	30794.273887
748372798188.000000 0.015017 0.259863	2.000000	0.000000	2.000000	0.045755	1.532089	0.000000	1.532089	0.035050	-1.285575	0.000000	-1.285575	0.029411	32210.779712
748372822231.000000 0.011571 0.271431	2.000000	0.000000	2.000000	0.052036	1.532089	0.000000	1.532089	0.039862	-1.285575	0.000000	-1.285575	0.033448	31457.825874
748372854307.000000 0.015437 0.286867	2.000000	0.003000	1.997000	0.060880	1.532089	0.003000	1.529089	0.046634	-1.285575	0.000000	-1.285575	0.039141	34940.856004
748372881952.000000 0.013305 0.300169	2.000000	0.003000	1.997000	0.068855	1.532089	0.003000	1.529089	0.052740	-1.285575	0.000000	-1.285575	0.044276	34087.557529
748372908399.000000 0.012728 0.312895	2.000000	0.003000	1.997000	0.076809	1.532089	0.003000	1.529089	0.058830	-1.285575	0.000000	-1.285575	0.049396	33198.083699
748372933034.000000 0.011856 0.324749	2.000000	0.003000	1.997000	0.084498	1.532089	0.003000	1.529089	0.064718	-1.285575	0.000000	-1.285575	0.054346	32274.913139
748372962706.000000 0.014280 0.339027	2.000000	0.003000	1.997000	0.094166	1.532089	0.003000	1.529089	0.072120	-1.285575	0.000000	-1.285575	0.060569	31311.153026
748372987757.000000 0.012056 0.351081	2.000000	0.003000	1.997000	0.102619	1.532089	0.003000	1.529089	0.078593	-1.285575	0.000000	-1.285575	0.066011	30313.125771
748373006675.000000 0.009106 0.360185	2.000000	0.003000	1.997000	0.109168	1.532089	0.003000	1.529089	0.083608	-1.285575	0.000000	-1.285575	0.070227	29289.220676
748373022479.000000 0.007607 0.367789	2.000000	0.003000	1.997000	0.114755	1.532089	0.003000	1.529089	0.087885	-1.285575	0.000000	-1.285575	0.073824	28243.697365
748373038770.000000 0.007841 0.375628	2.000000	0.003000	1.997000	0.120637	1.532089	0.003000	1.529089	0.092389	-1.285575	0.000000	-1.285575	0.077610	27175.891042
748373055686.000000 0.008142 0.383768	2.000000	0.009000	1.991000	0.126858	1.532089	0.009000	1.523089	0.097148	-1.285575	0.000000	-1.285575	0.081627	32836.018815
748373074978.000000 0.009285 0.393051	2.000000	0.009000	1.991000	0.134124	1.532089	0.009000	1.523089	0.102707	-1.285575	0.000000	-1.285575	0.086319	31657.655524
748373093114.000000 0.008729 0.401778	2.000000	0.009000	1.991000	0.141107	1.532089	0.009000	1.523089	0.108049	-1.285575	0.000000	-1.285575	0.090828	30453.130554
748373109161.000000 0.007724 0.409500	2.000000	0.009000	1.991000	0.147404	1.532089	0.009000	1.523089	0.112866	-1.285575	0.000000	-1.285575	0.094894	29225.456068
748373126236.000000 0.008218 0.417716	2.000000	0.009000	1.991000	0.154239	1.532089	0.009000	1.523089	0.118095	-1.285575	0.000000	-1.285575	0.099307	27973.147624
748373143217.000000 0.008174 0.425888	2.000000	0.009000	1.991000	0.161170	1.532089	0.009000	1.523089	0.123396	-1.285575	0.000000	-1.285575	0.103782	26696.342269
748373162919.000000 0.009483 0.435368	2.000000	0.009000	1.991000	0.169390	1.532089	0.009000	1.523089	0.129685	-1.285575	0.000000	-1.285575	0.109090	25391.114669
748373185525.000000 0.010880 0.446246	2.000000	0.009000	1.991000	0.179057	1.532089	0.009000	1.523089	0.137080	-1.285575	0.000000	-1.285575	0.115331	24053.274052
748373210622.000000 0.012078 0.458322	2.000000	0.009000	1.991000	0.190079	1.532089	0.009000	1.523089	0.145511	-1.285575	0.000000	-1.285575	0.122448	22679.229767
748373235989.000000 0.012208 0.470528	2.000000	0.009000	1.991000	0.201516	1.532089	0.009000	1.523089	0.154260	-1.285575	0.000000	-1.285575	0.129833	21268.592312
748373262010.000000 0.012523 0.483050	2.000000	0.009000	1.991000	0.213560	1.532089	0.009000	1.523089	0.163474	-1.285575	0.000000	-1.285575	0.137610	19820.415335
748373287428.000000 0.012233 0.495281	2.000000	0.009000	1.991000	0.225623	1.532089	0.009000	1.523089	0.172702	-1.285575	0.000000	-1.285575	0.145399	18335.570172
748373314326.000000 0.012945 0.508224	2.000000	0.009000	1.991000	0.238721	1.532089	0.009000	1.523089	0.182722	-1.285575	0.000000	-1.285575	0.153856	16811.920321
748373339304.000000 0.012022 0.520244	2.000000	0.009000	1.991000	0.251173	1.532089	0.009000	1.523089	0.192248	-1.285575	0.000000	-1.285575	0.161897	15252.235588
748373365174.000000 0.012450 0.532691	2.000000	0.018028	1.981972	0.264318	1.532089	0.018000	1.514089	0.202289	-1.285575	-0.001000	-1.284575	0.170416	22618.618643
748373398577.000000 0.016075 0.548765	2.000000	0.018028	1.981972	0.281802	1.532089	0.018000	1.514089	0.215646	-1.285575	-0.001000	-1.284575	0.181748	20828.928326
748373423830.000000 0.012153 0.560916	2.000000	0.018028	1.981972	0.295313	1.532089	0.018000	1.514089	0.225967	-1.285575	-0.001000	-1.284575	0.190505	18999.609712
748373476892.000000 0.025535 0.586450	2.000000	0.018028	1.981972	0.324993	1.532089	0.018000	1.514089	0.248641	-1.285575	-0.001000	-1.284575	0.209742	17087.018630
748373502615.000000 0.012380 0.598827	2.000000	0.018028	1.981972	0.339686	1.532089	0.018000	1.514089	0.259865	-1.285575	-0.001000	-1.284575	0.219264	15134.061673
748373527717.000000 0.012080 0.610905	2.000000	0.018028	1.981972	0.354313	1.532089	0.018000	1.514089	0.271039	-1.285575	-0.001000	-1.284575	0.228745	13141.713384
748373553787.000000 0.012547 0.623451	2.000000	0.018028	1.981972	0.369817	1.532089	0.018000	1.514089	0.282883	-1.285575	-0.001000	-1.284575	0.238793	11108.448392
748373578310.000000 0.011802 0.635251	2.000000	0.018028	1.981972	0.384677	1.532089	0.018000	1.514089	0.294235	-1.285575	-0.001000	-1.284575	0.248424	9036.700701
748373606493.000000 0.013564 0.648813	2.000000	0.035057	1.964943	0.401969	1.532089	0.035000	1.497089	0.307410	-1.285575	-0.002000	-1.283575	0.259720	12742.397631
748373630728.000000 0.011664 0.660473	2.000000	0.035057	1.964943	0.417106	1.532089	0.035000	1.497089	0.318943	-1.285575	-0.002000	-1.283575	0.269608	10380.986871
748373651631.000000 0.010061 0.670532	2.000000	0.035057	1.964943	0.430361	1.532089	0.035000	1.497089	0.329042	-1.285575	-0.002000	-1.283575	0.278267	7983.612448
748373667790.000000 0.007778 0.678307	2.000000	0.035057	1.964943	0.440728	1.532089	0.035000	1.497089	0.336940	-1.285575	-0.002000	-1.283575	0.285039	5558.439478
748373682363.000000 0.007014 0.685319	2.000000	0.035057	1.964943	0.450173	1.532089	0.035000	1.497089	0.344137	-1.285575	-0.002000	-1.283575	0.291209	3108.196547
748373697004.000000 0.007047 0.692365	2.000000	0.035057	1.964943	0.459760	1.532089	0.035000	1.497089	0.351441	-1.285575	-0.002000	-1.283575	0.297472	632.761504
748373711985.000000 0.007211 0.699574	2.000000	0.035057	1.964943	0.469672	1.532089	0.035000	1.497089	0.358993	-1.285575	-0.002000	-1.283575	0.303946	-1868.445431
748373727114.000000 0.007282 0.706854	2.000000	0.035057	1.964943	0.479786	1.532089	0.035000	1.497089	0.366699	-1.285575	-0.002000	-1.283575	0.310553	-4395.682323
748373742092.000000 0.007209 0.714061	2.000000	0.035057	1.964943	0.489901	1.532089	0.035000	1.497089	0.374406	-1.285575	-0.002000	-1.283575	0.317161	-6948.687666
748373756848.000000 0.007102 0.721161	2.000000	0.035057	1.964943	0.499966	1.532089	0.035000	1.497089	0.382074	-1.285575	-0.002000	-1.283575	0.323735	-9527.077808
748373772058.000000 0.007321 0.728480	2.000000	0.035057	1.964943	0.510445	1.532089	0.035000	1.497089	0.390058	-1.285575	-0.002000	-1.283575	0.330581	-12131.633819
748373787626.000000 0.007493 0.735972	2.000000	0.035057	1.964943	0.521281	1.532089	0.035000	1.497089	0.398314	-1.285575	-0.002000	-1.283575	0.337659	-14762.976771
748373802282.000000 0.007055 0.743024	2.000000	0.051245	1.948755	0.531496	1.532089	0.051000	1.481089	0.406078	-1.285575	-0.005000	-1.280575	0.344372	-17419.534200
748373819378.000000 0.008229 0.751251	2.000000	0.051245	1.948755	0.543543	1.532089	0.051000	1.481089	0.415234	-1.285575	-0.005000	-1.280575	0.352288	-15589.594074
748373835996.000000 0.007998 0.759246	2.000000	0.051245	1.948755	0.555378	1.532089	0.051000	1.481089	0.424228	-1.285575	-0.005000	-1.280575	0.360065	-18493.286228
748373850881.000000 0.007164 0.766409	2.000000	0.051245	1.948755	0.566078	1.532089	0.051000	1.481089	0.432360	-1.285575	-0.005000	-1.280575	0.367097	-21424.371097
748373865133.000000 0.006860 0.773266	2.000000	0.051245	1.948755	0.576415	1.532089	0.051000	1.481089	0.440217	-1.285575	-0.005000	-1.280575	0.373889	-24381.681937
748373879561.000000 0.006944 0.780209	2.000000	0.051245	1.948755	0.586973	1.532089	0.051000	1.481089	0.448241	-1.285575	-0.005000	-1.280575	0.380827	-27365.546320
748373893865.000000 0.006885 0.787093	2.000000	0.051245	1.948755	0.597534	1.532089	0.051000	1.481089	0.456267	-1.285575	-0.005000	-1.280575	0.387767	-28313.552009
748373908858.000000 0.007216 0.794307	2.000000	0.051245	1.948755	0.608704	1.532089	0.051000	1.481089	0.464757	-1.285575	-0.005000	-1.280575	0.395107	-28313.552009
748373923812.000000 0.007197 0.801503	2.000000	0.051245	1.948755	0.619946	1.532089	0.051000	1.481089	0.473301	-1.285575	-0.005000	-1.280575	0.402494	-28313.552009
748373939674.000000 0.007635 0.809136	2.000000	0.051245	1.948755	0.631985	1.532089	0.051000	1.481089	0.482451	-1.285575	-0.005000	-1.280575	0.410405	-28313.552009
748373956140.000000 0.007925 0.817060	2.000000	0.051245	1.948755	0.644604	1.532089	0.051000	1.481089	0.492041	-1.285575	-0.005000	-1.280575	0.418698	-28313.552009
748373970255.000000 0.006794 0.823851	2.000000	0.051245	1.948755	0.655511	1.532089	0.051000	1.481089	0.500331	-1.285575	-0.005000	-1.280575	0.425865	-28313.552009
748373984460.000000 0.006837 0.830686	2.000000	0.051245	1.948755	0.666579	1.532089	0.051000	1.481089	0.508743	-1.285575	-0.005000	-1.280575	0.433138	-28313.552009
748373999076.000000 0.007035 0.837719	2.000000	0.051245	1.948755	0.678063	1.532089	0.051000	1.481089	0.517471	-1.285575	-0.005000	-1.280575	0.440685	-28313.552009
748374013541.000000 0.006962 0.844679	2.000000	0.071568	1.928432	0.689404	1.532089	0.071000	1.461089	0.526063	-1.285575	-0.009000	-1.276575	0.448192	-17161.492537
748374030088.000000 0.007964 0.852642	2.000000	0.071568	1.928432	0.702498	1.532089	0.071000	1.461089	0.535984	-1.285575	-0.009000	-1.276575	0.456860	-17161.492537
748374045169.000000 0.007258 0.859898	2.000000	0.071568	1.928432	0.714534	1.532089	0.071000	1.461089	0.545104	-1.285575	-0.009000	-1.276575	0.464828	-17161.492537
748374059585.000000 0.006939 0.866837	2.000000	0.071568	1.928432	0.726134	1.532089	0.071000	1.461089	0.553892	-1.285575	-0.009000	-1.276575	0.472506	-17161.492537
748374075124.000000 0.007479 0.874314	2.000000	0.071568	1.928432	0.738744	1.532089	0.071000	1.461089	0.563447	-1.285575	-0.009000	-1.276575	0.480854	-17161.492537
748374092218.000000 0.008228 0.882540	2.000000	0.071568	1.928432	0.752748	1.532089	0.071000	1.461089	0.574056	-1.285575	-0.009000	-1.276575	0.490124	-17161.492537
748374108610.000000 0.007890 0.890426	2.000000	0.071568	1.928432	0.766295	1.532089	0.071000	1.461089	0.584320	-1.285575	-0.009000	-1.276575	0.499092	-17161.492537
748374125156.000000 0.007964 0.898389	2.000000	0.071568	1.928432	0.780092	1.532089	0.071000	1.461089	0.594774	-1.285575	-0.009000	-1.276575	0.508225	-17161.492537
748374142846.000000 0.008514 0.906901	2.000000	0.071568	1.928432	0.794983	1.532089	0.071000	1.461089	0.606056	-1.285575	-0.009000	-1.276575	0.518082	-17161.492537
748374159970.000000 0.008242 0.915140	2.000000	0.071568	1.928432	0.809528	1.532089	0.071000	1.461089	0.617076	-1.285575	-0.009000	-1.276575	0.527711	-17161.492537
748374177408.000000 0.008393 0.923531	2.000000	0.071568	1.928432	0.824475	1.532089	0.071000	1.461089	0.628401	-1.285575	-0.009000	-1.276575	0.537606	-17161.492537
748374193889.000000 0.007933 0.931463	2.000000	0.071568	1.928432	0.838725	1.532089	0.071000	1.461089	0.639197	-1.285575	-0.009000	-1.276575	0.547039	-17161.492537
748374210835.000000 0.008157 0.939618	2.000000	0.071568	1.928432	0.853505	1.532089	0.071000	1.461089	0.650395	-1.285575	-0.009000	-1.276575	0.556823	-17161.492537
748374230833.000000 0.009625 0.949241	2.000000	0.094202	1.905798	0.870916	1.532089	0.093000	1.439089	0.663543	-1.285575	-0.015000	-1.270575	0.568431	-6668.439849
748374249260.000000 0.008869 0.958106	2.000000	0.094202	1.905798	0.887111	1.532089	0.093000	1.439089	0.675772	-1.285575	-0.015000	-1.270575	0.579227	-6668.439849
748374266419.000000 0.008259 0.966363	2.000000	0.094202	1.905798	0.902321	1.532089	0.093000	1.439089	0.687257	-1.285575	-0.015000	-1.270575	0.589368	-6668.439849
748374284443.000000 0.008674 0.975036	2.000000	0.094202	1.905798	0.918440	1.532089	0.093000	1.439089	0.699429	-1.285575	-0.015000	-1.270575	0.600114	-6668.439849
748374301307.000000 0.008117 0.983152	2.000000	0.094202	1.905798	0.933649	1.532089	0.093000	1.439089	0.710913	-1.285575	-0.015000	-1.270575	0.610254	-6668.439849
748374318796.000000 0.008417 0.991566	2.000000	0.094202	1.905798	0.949556	1.532089	0.093000	1.439089	0.722924	-1.285575	-0.015000	-1.270575	0.620859	-6668.439849
748374335068.000000 0.007832 0.999397	2.000000	0.094202	1.905798	0.964473	1.532089	0.093000	1.439089	0.734188	-1.285575	-0.015000	-1.270575	0.630804	-6668.439849
748374351738.000000 0.008023 1.007418	2.000000	0.094202	1.905798	0.979877	1.532089	0.093000	1.439089	0.745820	-1.285575	-0.015000	-1.270575	0.641074	-6668.439849
748374367689.000000 0.007677 1.015093	2.000000	0.094202	1.905798	0.994728	1.532089	0.093000	1.439089	0.757035	-1.285575	-0.015000	-1.270575	0.650975	-6668.439849
748374385164.000000 0.008411 1.023502	2.000000	0.094202	1.905798	1.011134	1.532089	0.093000	1.439089	0.769423	-1.285575	-0.015000	-1.270575	0.661913	-6668.439849
748374402527.000000 0.008357 1.031856	2.000000	0.094202	1.905798	1.027568	1.532089	0.093000	1.439089	0.781833	-1.285575	-0.015000	-1.270575	0.672869	-6668.439849
748374419676.000000 0.008254 1.040108	2.000000	0.094202	1.905798	1.043929	1.532089	0.093000	1.439089	0.794187	-1.285575	-0.015000	-1.270575	0.683777	-6668.439849
748374437068.000000 0.008371 1.048479	2.000000	0.120221	1.879779	1.060427	1.532089	0.118000	1.414089	0.806598	-1.285575	-0.023000	-1.262575	0.694858	4897.958435
748374455607.000000 0.008922 1.057398	2.000000	0.120221	1.879779	1.078162	1.532089	0.118000	1.414089	0.819939	-1.285575	-0.023000	-1.262575	0.706770	4897.958435
748374471416.000000 0.007610 1.065007	2.000000	0.120221	1.879779	1.093396	1.532089	0.118000	1.414089	0.831399	-1.285575	-0.023000	-1.262575	0.717002	4897.958435
748374488054.000000 0.008008 1.073012	2.000000	0.120221	1.879779	1.109548	1.532089	0.118000	1.414089	0.843550	-1.285575	-0.023000	-1.262575	0.727851	4897.958435
748374504161.000000 0.007752 1.080762	2.000000	0.120221	1.879779	1.125298	1.532089	0.118000	1.414089	0.855398	-1.285575	-0.023000	-1.262575	0.738429	4897.958435
748374520301.000000 0.007769 1.088529	2.000000	0.120221	1.879779	1.141195	1.532089	0.118000	1.414089	0.867357	-1.285575	-0.023000	-1.262575	0.749106	4897.958435
748374536626.000000 0.007857 1.096384	2.000000	0.120221	1.879779	1.157389	1.532089	0.118000	1.414089	0.879538	-1.285575	-0.023000	-1.262575	0.759983	4897.958435
748374554568.000000 0.008636 1.105019	2.000000	0.120221	1.879779	1.175327	1.532089	0.118000	1.414089	0.893033	-1.285575	-0.023000	-1.262575	0.772032	4897.958435
748374572273.000000 0.008521 1.113537	2.000000	0.120221	1.879779	1.193164	1.532089	0.118000	1.414089	0.906451	-1.285575	-0.023000	-1.262575	0.784012	4897.958435
748374594752.000000 0.010819 1.124355	2.000000	0.120221	1.879779	1.216031	1.532089	0.118000	1.414089	0.923653	-1.285575	-0.023000	-1.262575	0.799371	4897.958435
748374615698.000000 0.010081 1.134434	2.000000	0.120221	1.879779	1.237530	1.532089	0.118000	1.414089	0.939825	-1.285575	-0.023000	-1.262575	0.813811	4897.958435
748374636932.000000 0.010220 1.144652	2.000000	0.148192	1.851808	1.259193	1.532089	0.144000	1.388089	0.956064	-1.285575	-0.035000	-1.250575	0.828440	13805.129809
748374658158.000000 0.010216 1.154865	2.000000	0.148192	1.851808	1.281040	1.532089	0.144000	1.388089	0.972440	-1.285575	-0.035000	-1.250575	0.843194	13805.129809
748374674839.000000 0.008029 1.162892	2.000000	0.148192	1.851808	1.298330	1.532089	0.144000	1.388089	0.985401	-1.285575	-0.035000	-1.250575	0.854871	13805.129809
748374691832.000000 0.008179 1.171068	2.000000	0.148192	1.851808	1.316068	1.532089	0.144000	1.388089	0.998697	-1.285575	-0.035000	-1.250575	0.866850	13805.129809
748374708521.000000 0.008033 1.179099	2.000000	0.148192	1.851808	1.333608	1.532089	0.144000	1.388089	1.011844	-1.285575	-0.035000	-1.250575	0.878695	13805.129809
748374726247.000000 0.008532 1.187628	2.000000	0.148192	1.851808	1.352371	1.532089	0.144000	1.388089	1.025909	-1.285575	-0.035000	-1.250575	0.891366	13805.129809
748374746508.000000 0.009752 1.197379	2.000000	0.148192	1.851808	1.373994	1.532089	0.144000	1.388089	1.042117	-1.285575	-0.035000	-1.250575	0.905968	13805.129809
748374767483.000000 0.010095 1.207471	2.000000	0.148192	1.851808	1.396566	1.532089	0.144000	1.388089	1.059037	-1.285575	-0.035000	-1.250575	0.921212	13805.129809
748374787455.000000 0.009612 1.217082	2.000000	0.148192	1.851808	1.418230	1.532089	0.144000	1.388089	1.075276	-1.285575	-0.035000	-1.250575	0.935842	13805.129809
748374807715.000000 0.009751 1.226831	2.000000	0.148192	1.851808	1.440384	1.532089	0.144000	1.388089	1.091882	-1.285575	-0.035000	-1.250575	0.950803	13805.129809
748374828372.000000 0.009941 1.236770	2.000000	0.148192	1.851808	1.463152	1.532089	0.144000	1.388089	1.108949	-1.285575	-0.035000	-1.250575	0.966180	13805.129809
748374846362.000000 0.008659 1.245427	2.000000	0.179120	1.820880	1.482788	1.532089	0.172000	1.360089	1.123616	-1.285575	-0.050000	-1.235575	0.979504	22841.816191
748374866273.000000 0.009584 1.255009	2.000000	0.179120	1.820880	1.504689	1.532089	0.172000	1.360089	1.139975	-1.285575	-0.050000	-1.235575	0.994365	22841.816191
748374885213.000000 0.009116 1.264122	2.000000	0.179120	1.820880	1.525673	1.532089	0.172000	1.360089	1.155648	-1.285575	-0.050000	-1.235575	1.008604	22841.816191
748374902137.000000 0.008146 1.272275	2.000000	0.179120	1.820880	1.544545	1.532089	0.172000	1.360089	1.169744	-1.285575	-0.050000	-1.235575	1.021409	22841.816191
748374918643.000000 0.007945 1.280208	2.000000	0.179120	1.820880	1.563065	1.532089	0.172000	1.360089	1.183578	-1.285575	-0.050000	-1.235575	1.033976	22841.816191
748374935087.000000 0.007915 1.288120	2.000000	0.179120	1.820880	1.581629	1.532089	0.172000	1.360089	1.197444	-1.285575	-0.050000	-1.235575	1.046573	22841.816191
748374951297.000000 0.007802 1.295921	2.000000	0.179120	1.820880	1.600039	1.532089	0.172000	1.360089	1.211195	-1.285575	-0.050000	-1.235575	1.059065	22841.816191
748374967860.000000 0.007972 1.303890	2.000000	0.179120	1.820880	1.618966	1.532089	0.172000	1.360089	1.225332	-1.285575	-0.050000	-1.235575	1.071908	22841.816191
748374985738.000000 0.008605 1.312494	2.000000	0.179120	1.820880	1.639531	1.532089	0.172000	1.360089	1.240694	-1.285575	-0.050000	-1.235575	1.085863	22841.816191
748375002217.000000 0.007931 1.320423	2.000000	0.179120	1.820880	1.658601	1.532089	0.172000	1.360089	1.254938	-1.285575	-0.050000	-1.235575	1.098803	22841.816191
748375018531.000000 0.007852 1.328273	2.000000	0.179120	1.820880	1.677592	1.532089	0.172000	1.360089	1.269123	-1.285575	-0.050000	-1.235575	1.111690	22841.816191
748375036015.000000 0.008415 1.336687	2.000000	0.179120	1.820880	1.698074	1.532089	0.172000	1.360089	1.284422	-1.285575	-0.050000	-1.235575	1.125588	22841.816191
748375053840.000000 0.008580 1.345265	2.000000	0.213460	1.786540	1.718694	1.532089	0.202000	1.330089	1.299773	-1.285575	-0.069000	-1.216575	1.139630	33943.734154
748375073586.000000 0.009503 1.354765	2.000000	0.213460	1.786540	1.741695	1.532089	0.202000	1.330089	1.316898	-1.285575	-0.069000	-1.216575	1.155292	33943.734154
748375090427.000000 0.008106 1.362869	2.000000	0.213460	1.786540	1.761431	1.532089	0.202000	1.330089	1.331591	-1.285575	-0.069000	-1.216575	1.168732	33943.734154
748375106892.000000 0.007925 1.370792	2.000000	0.213460	1.786540	1.780838	1.532089	0.202000	1.330089	1.346040	-1.285575	-0.069000	-1.216575	1.181948	33943.734154
748375124547.000000 0.008497 1.379287	2.000000	0.213460	1.786540	1.801777	1.532089	0.202000	1.330089	1.361629	-1.285575	-0.069000	-1.216575	1.196206	33943.734154
748375143364.000000 0.009057 1.388342	2.000000	0.213460	1.786540	1.824241	1.532089	0.202000	1.330089	1.378354	-1.285575	-0.069000	-1.216575	1.211504	33943.734154
748375160549.000000 0.008272 1.396612	2.000000	0.213460	1.786540	1.844881	1.532089	0.202000	1.330089	1.393720	-1.285575	-0.069000	-1.216575	1.225559	33943.734154
748375177444.000000 0.008132 1.404742	2.000000	0.213460	1.786540	1.865290	1.532089	0.202000	1.330089	1.408915	-1.285575	-0.069000	-1.216575	1.239457	33943.734154
748375193942.000000 0.007941 1.412680	2.000000	0.213460	1.786540	1.885332	1.532089	0.202000	1.330089	1.423836	-1.285575	-0.069000	-1.216575	1.253104	33943.734154
748375211084.000000 0.008251 1.420929	2.000000	0.213460	1.786540	1.906277	1.532089	0.202000	1.330089	1.439430	-1.285575	-0.069000	-1.216575	1.267368	33943.734154
748375227965.000000 0.008125 1.429051	2.000000	0.213460	1.786540	1.927021	1.532089	0.202000	1.330089	1.454874	-1.285575	-0.069000	-1.216575	1.281493	33943.734154
748375245448.000000 0.008415 1.437464	2.000000	0.213460	1.786540	1.948630	1.532089	0.202000	1.330089	1.470962	-1.285575	-0.069000	-1.216575	1.296209	33943.734154
748375265729.000000 0.009761 1.447223	2.000000	0.250140	1.749860	1.973349	1.532089	0.233000	1.299089	1.489313	-1.285575	-0.091000	-1.194575	1.313083	38610.060223
748375285404.000000 0.009469 1.456690	2.000000	0.250140	1.749860	1.997485	1.532089	0.233000	1.299089	1.507232	-1.285575	-0.091000	-1.194575	1.329561	38610.060223
748375301843.000000 0.007912 1.464601	2.000000	0.250140	1.749860	2.017763	1.532089	0.233000	1.299089	1.522286	-1.285575	-0.091000	-1.194575	1.343404	38610.060223
748375318981.000000 0.008249 1.472849	2.000000	0.250140	1.749860	2.039023	1.532089	0.233000	1.299089	1.538070	-1.285575	-0.091000	-1.194575	1.357917	38610.060223
748375335757.000000 0.008074 1.480921	2.000000	0.250140	1.749860	2.059948	1.532089	0.233000	1.299089	1.553604	-1.285575	-0.091000	-1.194575	1.372201	38610.060223
748375352787.000000 0.008197 1.489114	2.000000	0.250140	1.749860	2.081306	1.532089	0.233000	1.299089	1.569460	-1.285575	-0.091000	-1.194575	1.386782	38610.060223
748375369783.000000 0.008180 1.497293	2.000000	0.250140	1.749860	2.102739	1.532089	0.233000	1.299089	1.585371	-1.285575	-0.091000	-1.194575	1.401413	38610.060223
748375386810.000000 0.008196 1.505487	2.000000	0.250140	1.749860	2.124329	1.532089	0.233000	1.299089	1.601400	-1.285575	-0.091000	-1.194575	1.416153	38610.060223
748375402843.000000 0.007717 1.513202	2.000000	0.250140	1.749860	2.144764	1.532089	0.233000	1.299089	1.616571	-1.285575	-0.091000	-1.194575	1.430103	38610.060223
748375421338.000000 0.008903 1.522102	2.000000	0.250140	1.749860	2.168477	1.532089	0.233000	1.299089	1.634175	-1.285575	-0.091000	-1.194575	1.446291	38610.060223
748375440400.000000 0.009174 1.531273	2.000000	0.250140	1.749860	2.193060	1.532089	0.233000	1.299089	1.652425	-1.285575	-0.091000	-1.194575	1.463073	38610.060223
748375457148.000000 0.008061 1.539331	2.000000	0.250140	1.749860	2.214773	1.532089	0.233000	1.299089	1.668545	-1.285575	-0.091000	-1.194575	1.477896	38610.060223
748375475049.000000 0.008616 1.547946	2.000000	0.289171	1.710829	2.237591	1.532089	0.264000	1.268089	1.685458	-1.285575	-0.118000	-1.167575	1.493468	40187.358241
748375494113.000000 0.009175 1.557119	2.000000	0.289171	1.710829	2.262034	1.532089	0.264000	1.268089	1.703576	-1.285575	-0.118000	-1.167575	1.510150	40187.358241
748375510375.000000 0.007827 1.564944	2.000000	0.289171	1.710829	2.282989	1.532089	0.264000	1.268089	1.719108	-1.285575	-0.118000	-1.167575	1.524451	40187.358241
748375526661.000000 0.007839 1.572782	2.000000	0.289171	1.710829	2.304083	1.532089	0.264000	1.268089	1.734743	-1.285575	-0.118000	-1.167575	1.538846	40187.358241
748375543451.000000 0.008082 1.580861	2.000000	0.289171	1.710829	2.325940	1.532089	0.264000	1.268089	1.750944	-1.285575	-0.118000	-1.167575	1.553763	40187.358241
748375559239.000000 0.007599 1.588457	2.000000	0.289171	1.710829	2.346591	1.532089	0.264000	1.268089	1.766250	-1.285575	-0.118000	-1.167575	1.567857	40187.358241
748375575817.000000 0.007980 1.596435	2.000000	0.289171	1.710829	2.368385	1.532089	0.264000	1.268089	1.782405	-1.285575	-0.118000	-1.167575	1.582730	40187.358241
748375593931.000000 0.008719 1.605152	2.000000	0.289171	1.710829	2.392329	1.532089	0.264000	1.268089	1.800152	-1.285575	-0.118000	-1.167575	1.599071	40187.358241
748375610534.000000 0.007991 1.613140	2.000000	0.289171	1.710829	2.414383	1.532089	0.264000	1.268089	1.816499	-1.285575	-0.118000	-1.167575	1.614122	40187.358241
748375627879.000000 0.008348 1.621486	2.000000	0.289171	1.710829	2.437542	1.532089	0.264000	1.268089	1.833664	-1.285575	-0.118000	-1.167575	1.629927	40187.358241
748375645599.000000 0.008529 1.630013	2.000000	0.289171	1.710829	2.461325	1.532089	0.264000	1.268089	1.851293	-1.285575	-0.118000	-1.167575	1.646158	40187.358241
748375663348.000000 0.008543 1.638555	2.000000	0.289171	1.710829	2.485274	1.532089	0.264000	1.268089	1.869044	-1.285575	-0.118000	-1.167575	1.662503	40187.358241
748375686128.000000 0.010964 1.649517	2.000000	0.331388	1.668612	2.515451	1.532089	0.297000	1.235089	1.891381	-1.285575	-0.147000	-1.138575	1.683094	41886.528548
748375707959.000000 0.010507 1.660022	2.000000	0.331388	1.668612	2.544556	1.532089	0.297000	1.235089	1.912924	-1.285575	-0.147000	-1.138575	1.702953	41886.528548
748375724609.000000 0.008014 1.668031	2.000000	0.331388	1.668612	2.566860	1.532089	0.297000	1.235089	1.929434	-1.285575	-0.147000	-1.138575	1.718173	41886.528548
748375741896.000000 0.008320 1.676350	2.000000	0.331388	1.668612	2.590134	1.532089	0.297000	1.235089	1.946660	-1.285575	-0.147000	-1.138575	1.734053	41886.528548
748375757989.000000 0.007746 1.684094	2.000000	0.331388	1.668612	2.611900	1.532089	0.297000	1.235089	1.962772	-1.285575	-0.147000	-1.138575	1.748906	41886.528548
748375775522.000000 0.008439 1.692532	2.000000	0.331388	1.668612	2.635734	1.532089	0.297000	1.235089	1.980413	-1.285575	-0.147000	-1.138575	1.765169	41886.528548
748375791710.000000 0.007792 1.700321	2.000000	0.331388	1.668612	2.657841	1.532089	0.297000	1.235089	1.996776	-1.285575	-0.147000	-1.138575	1.780253	41886.528548
748375807968.000000 0.007825 1.708143	2.000000	0.331388	1.668612	2.680144	1.532089	0.297000	1.235089	2.013285	-1.285575	-0.147000	-1.138575	1.795472	41886.528548
748375824463.000000 0.007939 1.716080	2.000000	0.331388	1.668612	2.702878	1.532089	0.297000	1.235089	2.030112	-1.285575	-0.147000	-1.138575	1.810984	41886.528548
748375841102.000000 0.008009 1.724089	2.000000	0.331388	1.668612	2.725920	1.532089	0.297000	1.235089	2.047168	-1.285575	-0.147000	-1.138575	1.826707	41886.528548
748375857953.000000 0.008111 1.732196	2.000000	0.331388	1.668612	2.749363	1.532089	0.297000	1.235089	2.064521	-1.285575	-0.147000	-1.138575	1.842704	41886.528548
748375874933.000000 0.008173 1.740368	2.000000	0.331388	1.668612	2.773098	1.532089	0.297000	1.235089	2.082089	-1.285575	-0.147000	-1.138575	1.858899	41886.528548
748375894329.000000 0.009336 1.749701	2.000000	0.376777	1.623223	2.799613	1.532089	0.331000	1.201089	2.101708	-1.285575	-0.180000	-1.105575	1.876958	38506.219337
748375913030.000000 0.009001 1.758699	2.000000	0.376777	1.623223	2.825307	1.532089	0.331000	1.201089	2.120720	-1.285575	-0.180000	-1.105575	1.894459	38506.219337
748375928733.000000 0.007559 1.766256	2.000000	0.376777	1.623223	2.846978	1.532089	0.331000	1.201089	2.136755	-1.285575	-0.180000	-1.105575	1.909218	38506.219337
748375946710.000000 0.008652 1.774906	2.000000	0.376777	1.623223	2.871906	1.532089	0.331000	1.201089	2.155201	-1.285575	-0.180000	-1.105575	1.926197	38506.219337
748375963220.000000 0.007946 1.782850	2.000000	0.376777	1.623223	2.894901	1.532089	0.331000	1.201089	2.172216	-1.285575	-0.180000	-1.105575	1.941859	38506.219337
748375979533.000000 0.007852 1.790700	2.000000	0.376777	1.623223	2.917723	1.532089	0.331000	1.201089	2.189103	-1.285575	-0.180000	-1.105575	1.957403	38506.219337
748375995035.000000 0.007461 1.798159	2.000000	0.376777	1.623223	2.939502	1.532089	0.331000	1.201089	2.205217	-1.285575	-0.180000	-1.105575	1.972236	38506.219337
748376011456.000000 0.007904 1.806061	2.000000	0.376777	1.623223	2.962674	1.532089	0.331000	1.201089	2.222363	-1.285575	-0.180000	-1.105575	1.988019	38506.219337
748376027953.000000 0.007940 1.814006	2.000000	0.376777	1.623223	2.986052	1.532089	0.331000	1.201089	2.239662	-1.285575	-0.180000	-1.105575	2.003942	38506.219337
748376044542.000000 0.007984 1.821981	2.000000	0.376777	1.623223	3.009666	1.532089	0.331000	1.201089	2.257135	-1.285575	-0.180000	-1.105575	2.020025	38506.219337
748376060272.000000 0.007571 1.829550	2.000000	0.376777	1.623223	3.032150	1.532089	0.331000	1.201089	2.273772	-1.285575	-0.180000	-1.105575	2.035339	38506.219337
748376076273.000000 0.007701 1.837250	2.000000	0.376777	1.623223	3.055118	1.532089	0.331000	1.201089	2.290767	-1.285575	-0.180000	-1.105575	2.050982	38506.219337
748376094694.000000 0.008866 1.846114	2.000000	0.424477	1.575523	3.080906	1.532089	0.366000	1.166089	2.309853	-1.285575	-0.215000	-1.070575	2.068505	36267.512019
748376113834.000000 0.009211 1.855324	2.000000	0.424477	1.575523	3.107832	1.532089	0.366000	1.166089	2.329782	-1.285575	-0.215000	-1.070575	2.086802	36267.512019
748376129572.000000 0.007575 1.862897	2.000000	0.424477	1.575523	3.130064	1.532089	0.366000	1.166089	2.346237	-1.285575	-0.215000	-1.070575	2.101909	36267.512019
748376145271.000000 0.007556 1.870451	2.000000	0.424477	1.575523	3.152332	1.532089	0.366000	1.166089	2.362717	-1.285575	-0.215000	-1.070575	2.117040	36267.512019
748376160890.000000 0.007518 1.877968	2.000000	0.424477	1.575523	3.174576	1.532089	0.366000	1.166089	2.379181	-1.285575	-0.215000	-1.070575	2.132155	36267.512019
748376178329.000000 0.008393 1.886358	2.000000	0.424477	1.575523	3.199522	1.532089	0.366000	1.166089	2.397644	-1.285575	-0.215000	-1.070575	2.149105	36267.512019
748376195679.000000 0.008351 1.894707	2.000000	0.424477	1.575523	3.224449	1.532089	0.366000	1.166089	2.416094	-1.285575	-0.215000	-1.070575	2.166044	36267.512019
748376211727.000000 0.007726 1.902431	2.000000	0.424477	1.575523	3.247605	1.532089	0.366000	1.166089	2.433232	-1.285575	-0.215000	-1.070575	2.181778	36267.512019
748376228299.000000 0.007976 1.910404	2.000000	0.424477	1.575523	3.271611	1.532089	0.366000	1.166089	2.451000	-1.285575	-0.215000	-1.070575	2.198091	36267.512019
748376244483.000000 0.007790 1.918192	2.000000	0.424477	1.575523	3.295153	1.532089	0.366000	1.166089	2.468423	-1.285575	-0.215000	-1.070575	2.214087	36267.512019
748376261035.000000 0.007967 1.926156	2.000000	0.424477	1.575523	3.319329	1.532089	0.366000	1.166089	2.486317	-1.285575	-0.215000	-1.070575	2.230515	36267.512019
748376277244.000000 0.007801 1.933955	2.000000	0.424477	1.575523	3.343099	1.532089	0.366000	1.166089	2.503909	-1.285575	-0.215000	-1.070575	2.246667	36267.512019
748376294311.000000 0.008215 1.942169	2.000000	0.476151	1.523849	3.367411	1.532089	0.404000	1.128089	2.521908	-1.285575	-0.252000	-1.033575	2.263157	36267.512019
748376315007.000000 0.009961 1.952128	2.000000	0.476151	1.523849	3.397042	1.532089	0.404000	1.128089	2.543843	-1.285575	-0.252000	-1.033575	2.283254	34716.825561
748376335990.000000 0.010099 1.962225	2.000000	0.476151	1.523849	3.427240	1.532089	0.404000	1.128089	2.566198	-1.285575	-0.252000	-1.033575	2.303737	34716.825561
748376356800.000000 0.010016 1.972239	2.000000	0.476151	1.523849	3.457341	1.532089	0.404000	1.128089	2.588481	-1.285575	-0.252000	-1.033575	2.324153	34716.825561
748376377790.000000 0.010102 1.982338	2.000000	0.476151	1.523849	3.487857	1.532089	0.404000	1.128089	2.611072	-1.285575	-0.252000	-1.033575	2.344851	34716.825561
748376402278.000000 0.011786 1.994122	2.000000	0.476151	1.523849	3.523673	1.532089	0.404000	1.128089	2.637586	-1.285575	-0.252000	-1.033575	2.369144	34716.825561
748376422389.000000 0.009679 2.003798	2.000000	0.476151	1.523849	3.553228	1.532089	0.404000	1.128089	2.659466	-1.285575	-0.252000	-1.033575	2.389190	34716.825561
748376443843.000000 0.010326 2.014123	2.000000	0.476151	1.523849	3.584920	1.532089	0.404000	1.128089	2.682927	-1.285575	-0.252000	-1.033575	2.410686	34716.825561
748376464601.000000 0.009991 2.024110	2.000000	0.476151	1.523849	3.615735	1.532089	0.404000	1.128089	2.705739	-1.285575	-0.252000	-1.033575	2.431587	34716.825561
748376485435.000000 0.010027 2.034136	2.000000	0.476151	1.523849	3.646816	1.532089	0.404000	1.128089	2.728748	-1.285575	-0.252000	-1.033575	2.452668	34716.825561
748376505437.000000 0.009627 2.043762	2.000000	0.531701	1.468299	3.675706	1.532089	0.445000	1.087089	2.750138	-1.285575	-0.291000	-0.994575	2.472237	33050.329597
748376534166.000000 0.013826 2.057585	2.000000	0.531701	1.468299	3.717477	1.532089	0.445000	1.087089	2.781063	-1.285575	-0.291000	-0.994575	2.500531	33050.329597
748376554746.000000 0.009905 2.067488	2.000000	0.531701	1.468299	3.747545	1.532089	0.445000	1.087089	2.803325	-1.285575	-0.291000	-0.994575	2.520898	33050.329597
748376570934.000000 0.007791 2.075277	2.000000	0.531701	1.468299	3.771287	1.532089	0.445000	1.087089	2.820903	-1.285575	-0.291000	-0.994575	2.536980	33050.329597
748376586975.000000 0.007720 2.082995	2.000000	0.531701	1.468299	3.794899	1.532089	0.445000	1.087089	2.838384	-1.285575	-0.291000	-0.994575	2.552974	33050.329597
748376605155.000000 0.008750 2.091745	2.000000	0.531701	1.468299	3.821774	1.532089	0.445000	1.087089	2.858282	-1.285575	-0.291000	-0.994575	2.571178	33050.329597
748376623326.000000 0.008746 2.100488	2.000000	0.531701	1.468299	3.848747	1.532089	0.445000	1.087089	2.878252	-1.285575	-0.291000	-0.994575	2.589449	33050.329597
748376639395.000000 0.007735 2.108220	2.000000	0.531701	1.468299	3.872690	1.532089	0.445000	1.087089	2.895979	-1.285575	-0.291000	-0.994575	2.605667	33050.329597
748376657449.000000 0.008689 2.116907	2.000000	0.531701	1.468299	3.899698	1.532089	0.445000	1.087089	2.915975	-1.285575	-0.291000	-0.994575	2.623962	33050.329597
748376674546.000000 0.008229 2.125134	2.000000	0.531701	1.468299	3.925375	1.532089	0.445000	1.087089	2.934986	-1.285575	-0.291000	-0.994575	2.641354	33050.329597
748376693374.000000 0.009062 2.134195	2.000000	0.531701	1.468299	3.953773	1.532089	0.445000	1.087089	2.956011	-1.285575	-0.291000	-0.994575	2.660590	33050.329597
748376710534.000000 0.008260 2.142452	2.000000	0.589964	1.410036	3.978725	1.532089	0.487000	1.045089	2.974504	-1.285575	-0.333000	-0.952575	2.677447	33050.329597
748376729724.000000 0.009237 2.151687	2.000000	0.589964	1.410036	4.006749	1.532089	0.487000	1.045089	2.995276	-1.285575	-0.333000	-0.952575	2.696379	31303.437660
748376748599.000000 0.009084 2.160769	2.000000	0.589964	1.410036	4.034427	1.532089	0.487000	1.045089	3.015790	-1.285575	-0.333000	-0.952575	2.715078	31303.437660
748376765671.000000 0.008217 2.168983	2.000000	0.589964	1.410036	4.059557	1.532089	0.487000	1.045089	3.034416	-1.285575	-0.333000	-0.952575	2.732055	31303.437660
748376782953.000000 0.008318 2.177299	2.000000	0.589964	1.410036	4.085094	1.532089	0.487000	1.045089	3.053343	-1.285575	-0.333000	-0.952575	2.749306	31303.437660
748376800006.000000 0.008208 2.185505	2.000000	0.589964	1.410036	4.110387	1.532089	0.487000	1.045089	3.072090	-1.285575	-0.333000	-0.952575	2.766393	31303.437660
748376816516.000000 0.007947 2.193449	2.000000	0.589964	1.410036	4.134965	1.532089	0.487000	1.045089	3.090307	-1.285575	-0.333000	-0.952575	2.782998	31303.437660
748376833207.000000 0.008033 2.201480	2.000000	0.589964	1.410036	4.159903	1.532089	0.487000	1.045089	3.108790	-1.285575	-0.333000	-0.952575	2.799845	31303.437660
748376851076.000000 0.008601 2.210079	2.000000	0.589964	1.410036	4.186705	1.532089	0.487000	1.045089	3.128655	-1.285575	-0.333000	-0.952575	2.817952	31303.437660
748376867775.000000 0.008038 2.218115	2.000000	0.589964	1.410036	4.211845	1.532089	0.487000	1.045089	3.147288	-1.285575	-0.333000	-0.952575	2.834935	31303.437660
748376884947.000000 0.008265 2.226377	2.000000	0.589964	1.410036	4.237791	1.532089	0.487000	1.045089	3.166519	-1.285575	-0.333000	-0.952575	2.852463	31303.437660
748376902631.000000 0.008512 2.234887	2.000000	0.589964	1.410036	4.264614	1.532089	0.487000	1.045089	3.186399	-1.285575	-0.333000	-0.952575	2.870584	31303.437660
748376919329.000000 0.008037 2.242922	2.000000	0.649250	1.350750	4.288962	1.532089	0.530000	1.002089	3.204463	-1.285575	-0.375000	-0.910575	2.886998	31303.437660
748376940266.000000 0.010077 2.252997	2.000000	0.649250	1.350750	4.319628	1.532089	0.530000	1.002089	3.227213	-1.285575	-0.375000	-0.910575	2.907671	29533.356877
748376957781.000000 0.008430 2.261426	2.000000	0.649250	1.350750	4.345380	1.532089	0.530000	1.002089	3.246318	-1.285575	-0.375000	-0.910575	2.925031	29533.356877
748376975292.000000 0.008428 2.269850	2.000000	0.649250	1.350750	4.371220	1.532089	0.530000	1.002089	3.265488	-1.285575	-0.375000	-0.910575	2.942450	29533.356877
748377005008.000000 0.014302 2.284152	2.000000	0.649250	1.350750	4.415345	1.532089	0.530000	1.002089	3.298223	-1.285575	-0.375000	-0.910575	2.972196	29533.356877
748377023566.000000 0.008932 2.293080	2.000000	0.649250	1.350750	4.443012	1.532089	0.530000	1.002089	3.318749	-1.285575	-0.375000	-0.910575	2.990847	29533.356877
748377041672.000000 0.008714 2.301792	2.000000	0.649250	1.350750	4.470106	1.532089	0.530000	1.002089	3.338849	-1.285575	-0.375000	-0.910575	3.009112	29533.356877
748377058383.000000 0.008043 2.309834	2.000000	0.649250	1.350750	4.495201	1.532089	0.530000	1.002089	3.357466	-1.285575	-0.375000	-0.910575	3.026029	29533.356877
748377075427.000000 0.008204 2.318036	2.000000	0.649250	1.350750	4.520888	1.532089	0.530000	1.002089	3.376523	-1.285575	-0.375000	-0.910575	3.043345	29533.356877
748377091335.000000 0.007657 2.325690	2.000000	0.649250	1.350750	4.544941	1.532089	0.530000	1.002089	3.394367	-1.285575	-0.375000	-0.910575	3.059560	29533.356877
748377108910.000000 0.008459 2.334147	2.000000	0.649250	1.350750	4.571612	1.532089	0.530000	1.002089	3.414154	-1.285575	-0.375000	-0.910575	3.077539	29533.356877
748377125973.000000 0.008213 2.342357	2.000000	0.649250	1.350750	4.597596	1.532089	0.530000	1.002089	3.433431	-1.285575	-0.375000	-0.910575	3.095056	29533.356877
748377146179.000000 0.009725 2.352080	2.000000	0.709482	1.290518	4.627116	1.532089	0.574000	0.958089	3.455347	-1.285575	-0.417000	-0.868575	3.114924	27739.888247
748377163227.000000 0.008206 2.360284	2.000000	0.709482	1.290518	4.652111	1.532089	0.574000	0.958089	3.473903	-1.285575	-0.417000	-0.868575	3.131747	27739.888247
748377179030.000000 0.007606 2.367888	2.000000	0.709482	1.290518	4.675354	1.532089	0.574000	0.958089	3.491159	-1.285575	-0.417000	-0.868575	3.147390	27739.888247
748377195284.000000 0.007823 2.375709	2.000000	0.709482	1.290518	4.699339	1.532089	0.574000	0.958089	3.508965	-1.285575	-0.417000	-0.868575	3.163533	27739.888247
748377211629.000000 0.007867 2.383573	2.000000	0.709482	1.290518	4.723538	1.532089	0.574000	0.958089	3.526931	-1.285575	-0.417000	-0.868575	3.179821	27739.888247
748377228431.000000 0.008087 2.391659	2.000000	0.709482	1.290518	4.748498	1.532089	0.574000	0.958089	3.545462	-1.285575	-0.417000	-0.868575	3.196620	27739.888247
748377248371.000000 0.009597 2.401255	2.000000	0.709482	1.290518	4.778239	1.532089	0.574000	0.958089	3.567542	-1.285575	-0.417000	-0.868575	3.216637	27739.888247
748377269418.000000 0.010130 2.411382	2.000000	0.709482	1.290518	4.809762	1.532089	0.574000	0.958089	3.590944	-1.285575	-0.417000	-0.868575	3.237853	27739.888247
748377291139.000000 0.010454 2.421834	2.000000	0.709482	1.290518	4.842435	1.532089	0.574000	0.958089	3.615201	-1.285575	-0.417000	-0.868575	3.259843	27739.888247
748377316315.000000 0.012118 2.433950	2.000000	0.709482	1.290518	4.880498	1.532089	0.574000	0.958089	3.643459	-1.285575	-0.417000	-0.868575	3.285461	27739.888247
748377338240.000000 0.010552 2.444498	2.000000	0.769006	1.230994	4.912250	1.532089	0.617000	0.915089	3.667063	-1.285575	-0.459000	-0.826575	3.306782	25967.530363
748377368901.000000 0.014757 2.459254	2.000000	0.769006	1.230994	4.956924	1.532089	0.617000	0.915089	3.700272	-1.285575	-0.459000	-0.826575	3.336779	25967.530363
748377391888.000000 0.011065 2.470316	2.000000	0.769006	1.230994	4.990570	1.532089	0.617000	0.915089	3.725284	-1.285575	-0.459000	-0.826575	3.359372	25967.530363
748377415308.000000 0.011272 2.481584	2.000000	0.769006	1.230994	5.025005	1.532089	0.617000	0.915089	3.750882	-1.285575	-0.459000	-0.826575	3.382494	25967.530363
748377445230.000000 0.014401 2.495983	2.000000	0.769006	1.230994	5.069252	1.532089	0.617000	0.915089	3.783774	-1.285575	-0.459000	-0.826575	3.412204	25967.530363
748377507406.000000 0.029921 2.525901	2.000000	0.769006	1.230994	5.162287	1.532089	0.617000	0.915089	3.852934	-1.285575	-0.459000	-0.826575	3.474674	25967.530363
748377549192.000000 0.020109 2.546008	2.000000	0.828614	1.171386	5.222261	1.532089	0.660000	0.872089	3.897584	-1.285575	-0.501000	-0.784575	3.514844	24192.659263
748377578677.000000 0.014191 2.560196	2.000000	0.828614	1.171386	5.264819	1.532089	0.660000	0.872089	3.929268	-1.285575	-0.501000	-0.784575	3.543348	24192.659263
748377609147.000000 0.014664 2.574858	2.000000	0.828614	1.171386	5.309049	1.532089	0.660000	0.872089	3.962197	-1.285575	-0.501000	-0.784575	3.572973	24192.659263
748377635818.000000 0.012836 2.587691	2.000000	0.828614	1.171386	5.347957	1.532089	0.660000	0.872089	3.991163	-1.285575	-0.501000	-0.784575	3.599033	24192.659263
748377666478.000000 0.014914 2.602604	2.000000	0.828614	1.171386	5.393424	1.532089	0.660000	0.872089	4.025014	-1.285575	-0.501000	-0.784575	3.629486	24192.659263
748377693079.000000 0.012803 2.615245	2.000000	0.828614	1.171386	5.432645	1.532089	0.660000	0.872089	4.054213	-1.285575	-0.501000	-0.784575	3.655755	24192.659263
748377716948.000000 0.011488 2.626731	2.000000	0.828614	1.171386	5.467994	1.532089	0.660000	0.872089	4.080530	-1.285575	-0.501000	-0.784575	3.679431	24192.659263
748377737239.000000 0.009767 2.636495	2.000000	0.828614	1.171386	5.498157	1.532089	0.660000	0.872089	4.102986	-1.285575	-0.501000	-0.784575	3.699634	24192.659263
748377762514.000000 0.012165 2.648657	2.000000	0.888901	1.111099	5.533956	1.532089	0.703000	0.829089	4.129699	-1.285575	-0.544000	-0.741575	3.723528	22397.568892
748377785873.000000 0.011242 2.659896	2.000000	0.888901	1.111099	5.567181	1.532089	0.703000	0.829089	4.154491	-1.285575	-0.544000	-0.741575	3.745703	22397.568892
748377802122.000000 0.007821 2.667715	2.000000	0.888901	1.111099	5.590364	1.532089	0.703000	0.829089	4.171790	-1.285575	-0.544000	-0.741575	3.761176	22397.568892
748377819049.000000 0.008147 2.675860	2.000000	0.888901	1.111099	5.614585	1.532089	0.703000	0.829089	4.189864	-1.285575	-0.544000	-0.741575	3.777341	22397.568892
748377834269.000000 0.007325 2.683183	2.000000	0.888901	1.111099	5.636424	1.532089	0.703000	0.829089	4.206159	-1.285575	-0.544000	-0.741575	3.791917	22397.568892
748377849081.000000 0.007129 2.690310	2.000000	0.888901	1.111099	5.657733	1.532089	0.703000	0.829089	4.222060	-1.285575	-0.544000	-0.741575	3.806139	22397.568892
748377863652.000000 0.007013 2.697322	2.000000	0.888901	1.111099	5.678752	1.532089	0.703000	0.829089	4.237744	-1.285575	-0.544000	-0.741575	3.820168	22397.568892
748377878273.000000 0.007037 2.704358	2.000000	0.888901	1.111099	5.699898	1.532089	0.703000	0.829089	4.253523	-1.285575	-0.544000	-0.741575	3.834282	22397.568892
748377892885.000000 0.007034 2.711390	2.000000	0.888901	1.111099	5.721088	1.532089	0.703000	0.829089	4.269335	-1.285575	-0.544000	-0.741575	3.848424	22397.568892
748377907642.000000 0.007102 2.718489	2.000000	0.888901	1.111099	5.742541	1.532089	0.703000	0.829089	4.285343	-1.285575	-0.544000	-0.741575	3.862742	22397.568892
748377922385.000000 0.007096 2.725584	2.000000	0.888901	1.111099	5.764031	1.532089	0.703000	0.829089	4.301378	-1.285575	-0.544000	-0.741575	3.877085	22397.568892
748377937412.000000 0.007233 2.732814	2.000000	0.888901	1.111099	5.785992	1.532089	0.703000	0.829089	4.317766	-1.285575	-0.544000	-0.741575	3.891743	22397.568892
748377953724.000000 0.007851 2.740664	2.000000	0.888901	1.111099	5.809900	1.532089	0.703000	0.829089	4.335606	-1.285575	-0.544000	-0.741575	3.907700	22397.568892
748377968801.000000 0.007257 2.747919	2.000000	0.949424	1.050576	5.830850	1.532089	0.747000	0.785089	4.351261	-1.285575	-0.586000	-0.699575	3.921650	20595.469369
748377986939.000000 0.008730 2.756647	2.000000	0.949424	1.050576	5.856132	1.532089	0.747000	0.785089	4.370154	-1.285575	-0.586000	-0.699575	3.938485	20595.469369
748378002216.000000 0.007353 2.763998	2.000000	0.949424	1.050576	5.877483	1.532089	0.747000	0.785089	4.386109	-1.285575	-0.586000	-0.699575	3.952702	20595.469369
748378016771.000000 0.007006 2.771002	2.000000	0.949424	1.050576	5.897877	1.532089	0.747000	0.785089	4.401350	-1.285575	-0.586000	-0.699575	3.966283	20595.469369
748378031103.000000 0.006898 2.777898	2.000000	0.949424	1.050576	5.918008	1.532089	0.747000	0.785089	4.416394	-1.285575	-0.586000	-0.699575	3.979688	20595.469369
748378046727.000000 0.007520 2.785416	2.000000	0.949424	1.050576	5.940014	1.532089	0.747000	0.785089	4.432839	-1.285575	-0.586000	-0.699575	3.994342	20595.469369
748378061329.000000 0.007029 2.792443	2.000000	0.949424	1.050576	5.960634	1.532089	0.747000	0.785089	4.448248	-1.285575	-0.586000	-0.699575	4.008073	20595.469369
748378075666.000000 0.006901 2.799342	2.000000	0.949424	1.050576	5.980929	1.532089	0.747000	0.785089	4.463414	-1.285575	-0.586000	-0.699575	4.021587	20595.469369
748378089379.000000 0.006601 2.805941	2.000000	0.949424	1.050576	6.000387	1.532089	0.747000	0.785089	4.477955	-1.285575	-0.586000	-0.699575	4.034544	20595.469369
748378105429.000000 0.007725 2.813663	2.000000	0.949424	1.050576	6.023222	1.532089	0.747000	0.785089	4.495020	-1.285575	-0.586000	-0.699575	4.049750	20595.469369
748378125012.000000 0.009425 2.823087	2.000000	0.949424	1.050576	6.051176	1.532089	0.747000	0.785089	4.515909	-1.285575	-0.586000	-0.699575	4.068364	20595.469369
748378143440.000000 0.008870 2.831954	2.000000	0.949424	1.050576	6.077565	1.532089	0.747000	0.785089	4.535630	-1.285575	-0.586000	-0.699575	4.085937	20595.469369
748378167858.000000 0.011752 2.843705	2.000000	1.009200	0.990800	6.110677	1.532089	0.790000	0.742089	4.560430	-1.285575	-0.628000	-0.657575	4.107913	18815.592305
748378191901.000000 0.011572 2.855274	2.000000	1.009200	0.990800	6.143415	1.532089	0.790000	0.742089	4.584950	-1.285575	-0.628000	-0.657575	4.129640	18815.592305
748378209517.000000 0.008478 2.863750	2.000000	1.009200	0.990800	6.167471	1.532089	0.790000	0.742089	4.602968	-1.285575	-0.628000	-0.657575	4.145606	18815.592305
748378224192.000000 0.007063 2.870811	2.000000	1.009200	0.990800	6.187562	1.532089	0.790000	0.742089	4.618015	-1.285575	-0.628000	-0.657575	4.158940	18815.592305
748378238433.000000 0.006854 2.877663	2.000000	1.009200	0.990800	6.207105	1.532089	0.790000	0.742089	4.632652	-1.285575	-0.628000	-0.657575	4.171910	18815.592305
748378253004.000000 0.007013 2.884675	2.000000	1.009200	0.990800	6.227148	1.532089	0.790000	0.742089	4.647665	-1.285575	-0.628000	-0.657575	4.185212	18815.592305
748378267348.000000 0.006904 2.891578	2.000000	1.009200	0.990800	6.246929	1.532089	0.790000	0.742089	4.662480	-1.285575	-0.628000	-0.657575	4.198340	18815.592305
748378281926.000000 0.007017 2.898592	2.000000	1.009200	0.990800	6.267080	1.532089	0.790000	0.742089	4.677573	-1.285575	-0.628000	-0.657575	4.211714	18815.592305
748378296456.000000 0.006993 2.905583	2.000000	1.009200	0.990800	6.287212	1.532089	0.790000	0.742089	4.692651	-1.285575	-0.628000	-0.657575	4.225076	18815.592305
748378311585.000000 0.007282 2.912864	2.000000	1.009200	0.990800	6.308228	1.532089	0.790000	0.742089	4.708392	-1.285575	-0.628000	-0.657575	4.239024	18815.592305
748378325725.000000 0.006806 2.919668	2.000000	1.009200	0.990800	6.327917	1.532089	0.790000	0.742089	4.723138	-1.285575	-0.628000	-0.657575	4.252090	18815.592305
748378340177.000000 0.006956 2.926622	2.000000	1.009200	0.990800	6.348087	1.532089	0.790000	0.742089	4.738245	-1.285575	-0.628000	-0.657575	4.265477	18815.592305
748378354831.000000 0.007053 2.933673	2.000000	1.009200	0.990800	6.368589	1.532089	0.790000	0.742089	4.753601	-1.285575	-0.628000	-0.657575	4.279084	18815.592305
748378369349.000000 0.006987 2.940659	2.000000	1.009200	0.990800	6.388948	1.532089	0.790000	0.742089	4.768849	-1.285575	-0.628000	-0.657575	4.292595	18815.592305
748378383923.000000 0.007014 2.947672	2.000000	1.069013	0.930987	6.408197	1.532089	0.833000	0.699089	4.783303	-1.285575	-0.670000	-0.615575	4.305323	17034.606402
748378402077.000000 0.008738 2.956409	2.000000	1.069013	0.930987	6.432247	1.532089	0.833000	0.699089	4.801363	-1.285575	-0.670000	-0.615575	4.321225	17034.606402
748378421895.000000 0.009538 2.965945	2.000000	1.069013	0.930987	6.458584	1.532089	0.833000	0.699089	4.821140	-1.285575	-0.670000	-0.615575	4.338640	17034.606402
748378438452.000000 0.007969 2.973911	2.000000	1.069013	0.930987	6.480647	1.532089	0.833000	0.699089	4.837707	-1.285575	-0.670000	-0.615575	4.353227	17034.606402
748378453368.000000 0.007179 2.981088	2.000000	1.069013	0.930987	6.500571	1.532089	0.833000	0.699089	4.852668	-1.285575	-0.670000	-0.615575	4.366401	17034.606402
748378467957.000000 0.007022 2.988109	2.000000	1.069013	0.930987	6.520105	1.532089	0.833000	0.699089	4.867337	-1.285575	-0.670000	-0.615575	4.379318	17034.606402
748378482570.000000 0.007034 2.995140	2.000000	1.069013	0.930987	6.539718	1.532089	0.833000	0.699089	4.882064	-1.285575	-0.670000	-0.615575	4.392286	17034.606402
748378497499.000000 0.007186 3.002324	2.000000	1.069013	0.930987	6.559803	1.532089	0.833000	0.699089	4.897146	-1.285575	-0.670000	-0.615575	4.405566	17034.606402
748378512080.000000 0.007018 3.009340	2.000000	1.069013	0.930987	6.579465	1.532089	0.833000	0.699089	4.911911	-1.285575	-0.670000	-0.615575	4.418567	17034.606402
748378527482.000000 0.007413 3.016752	2.000000	1.069013	0.930987	6.600286	1.532089	0.833000	0.699089	4.927545	-1.285575	-0.670000	-0.615575	4.432333	17034.606402
748378542033.000000 0.007003 3.023754	2.000000	1.069013	0.930987	6.620000	1.532089	0.833000	0.699089	4.942349	-1.285575	-0.670000	-0.615575	4.445369	17034.606402
748378556211.000000 0.006824 3.030575	2.000000	1.069013	0.930987	6.639254	1.532089	0.833000	0.699089	4.956807	-1.285575	-0.670000	-0.615575	4.458100	17034.606402
748378570627.000000 0.006939 3.037512	2.000000	1.069013	0.930987	6.658877	1.532089	0.833000	0.699089	4.971542	-1.285575	-0.670000	-0.615575	4.471074	17034.606402
748378585508.000000 0.007163 3.044674	2.000000	1.129634	0.870366	6.677857	1.532089	0.877000	0.655089	4.985828	-1.285575	-0.712000	-0.573575	4.483583	15229.576569
748378600437.000000 0.007186 3.051857	2.000000	1.129634	0.870366	6.696944	1.532089	0.877000	0.655089	5.000193	-1.285575	-0.712000	-0.573575	4.496161	15229.576569
748378616895.000000 0.007921 3.059777	2.000000	1.129634	0.870366	6.718039	1.532089	0.877000	0.655089	5.016071	-1.285575	-0.712000	-0.573575	4.510063	15229.576569
748378631377.000000 0.006970 3.066745	2.000000	1.129634	0.870366	6.736644	1.532089	0.877000	0.655089	5.030074	-1.285575	-0.712000	-0.573575	4.522323	15229.576569
748378645622.000000 0.006857 3.073599	2.000000	1.129634	0.870366	6.754986	1.532089	0.877000	0.655089	5.043879	-1.285575	-0.712000	-0.573575	4.534411	15229.576569
748378659378.000000 0.006621 3.080218	2.000000	1.129634	0.870366	6.772736	1.532089	0.877000	0.655089	5.057239	-1.285575	-0.712000	-0.573575	4.546108	15229.576569
748378674259.000000 0.007163 3.087380	2.000000	1.129634	0.870366	6.791983	1.532089	0.877000	0.655089	5.071725	-1.285575	-0.712000	-0.573575	4.558792	15229.576569
748378688400.000000 0.006806 3.094184	2.000000	1.129634	0.870366	6.810312	1.532089	0.877000	0.655089	5.085521	-1.285575	-0.712000	-0.573575	4.570871	15229.576569
748378703023.000000 0.007039 3.101222	2.000000	1.129634	0.870366	6.829311	1.532089	0.877000	0.655089	5.099821	-1.285575	-0.712000	-0.573575	4.583391	15229.576569
748378717473.000000 0.006955 3.108173	2.000000	1.129634	0.870366	6.848125	1.532089	0.877000	0.655089	5.113981	-1.285575	-0.712000	-0.573575	4.595790	15229.576569
748378732035.000000 0.007009 3.115181	2.000000	1.129634	0.870366	6.867129	1.532089	0.877000	0.655089	5.128285	-1.285575	-0.712000	-0.573575	4.608314	15229.576569
748378746108.000000 0.006773 3.121952	2.000000	1.129634	0.870366	6.885533	1.532089	0.877000	0.655089	5.142137	-1.285575	-0.712000	-0.573575	4.620442	15229.576569
748378760118.000000 0.006743 3.128694	2.000000	1.129634	0.870366	6.903895	1.532089	0.877000	0.655089	5.155957	-1.285575	-0.712000	-0.573575	4.632543	15229.576569
748378773917.000000 0.006642 3.135334	2.000000	1.129634	0.870366	6.922020	1.532089	0.877000	0.655089	5.169599	-1.285575	-0.712000	-0.573575	4.644487	15229.576569
748378788781.000000 0.007154 3.142487	2.000000	1.129634	0.870366	6.941588	1.532089	0.877000	0.655089	5.184327	-1.285575	-0.712000	-0.573575	4.657383	15229.576569
748378803589.000000 0.007127 3.149612	2.000000	1.190137	0.809863	6.959769	1.532089	0.920000	0.612089	5.198068	-1.285575	-0.755000	-0.530575	4.669293	13428.071583
748378821800.000000 0.008765 3.158377	2.000000	1.190137	0.809863	6.982189	1.532089	0.920000	0.612089	5.215013	-1.285575	-0.755000	-0.530575	4.683982	13428.071583
748378839967.000000 0.008744 3.167118	2.000000	1.190137	0.809863	7.004617	1.532089	0.920000	0.612089	5.231964	-1.285575	-0.755000	-0.530575	4.698676	13428.071583
748378857250.000000 0.008318 3.175434	2.000000	1.190137	0.809863	7.026010	1.532089	0.920000	0.612089	5.248132	-1.285575	-0.755000	-0.530575	4.712690	13428.071583
748378874539.000000 0.008322 3.183754	2.000000	1.190137	0.809863	7.047466	1.532089	0.920000	0.612089	5.264349	-1.285575	-0.755000	-0.530575	4.726748	13428.071583
748378894320.000000 0.009521 3.193273	2.000000	1.190137	0.809863	7.072088	1.532089	0.920000	0.612089	5.282958	-1.285575	-0.755000	-0.530575	4.742879	13428.071583
748378909344.000000 0.007231 3.200500	2.000000	1.190137	0.809863	7.090831	1.532089	0.920000	0.612089	5.297123	-1.285575	-0.755000	-0.530575	4.755157	13428.071583
748378924433.000000 0.007263 3.207762	2.000000	1.190137	0.809863	7.109698	1.532089	0.920000	0.612089	5.311383	-1.285575	-0.755000	-0.530575	4.767518	13428.071583
748378938905.000000 0.006966 3.214725	2.000000	1.190137	0.809863	7.127833	1.532089	0.920000	0.612089	5.325090	-1.285575	-0.755000	-0.530575	4.779399	13428.071583
748378955670.000000 0.008069 3.222793	2.000000	1.190137	0.809863	7.148894	1.532089	0.920000	0.612089	5.341007	-1.285575	-0.755000	-0.530575	4.793197	13428.071583
748378972166.000000 0.007940 3.230730	2.000000	1.190137	0.809863	7.169667	1.532089	0.920000	0.612089	5.356708	-1.285575	-0.755000	-0.530575	4.806807	13428.071583
748378987487.000000 0.007374 3.238102	2.000000	1.190137	0.809863	7.189006	1.532089	0.920000	0.612089	5.371324	-1.285575	-0.755000	-0.530575	4.819476	13428.071583
748379004273.000000 0.008079 3.246180	2.000000	1.250031	0.749969	7.208674	1.532089	0.963000	0.569089	5.386248	-1.285575	-0.797000	-0.488575	4.832289	11644.666719
748379027317.000000 0.011091 3.257269	2.000000	1.250031	0.749969	7.235766	1.532089	0.963000	0.569089	5.406806	-1.285575	-0.797000	-0.488575	4.849939	11644.666719
748379047809.000000 0.009863 3.267129	2.000000	1.250031	0.749969	7.259933	1.532089	0.963000	0.569089	5.425144	-1.285575	-0.797000	-0.488575	4.865682	11644.666719
748379069428.000000 0.010406 3.277535	2.000000	1.250031	0.749969	7.285512	1.532089	0.963000	0.569089	5.444554	-1.285575	-0.797000	-0.488575	4.882346	11644.666719
748379087596.000000 0.008744 3.286275	2.000000	1.250031	0.749969	7.307063	1.532089	0.963000	0.569089	5.460907	-1.285575	-0.797000	-0.488575	4.896386	11644.666719
748379101733.000000 0.006805 3.293077	2.000000	1.250031	0.749969	7.323868	1.532089	0.963000	0.569089	5.473659	-1.285575	-0.797000	-0.488575	4.907334	11644.666719
748379117261.000000 0.007473 3.300548	2.000000	1.250031	0.749969	7.342367	1.532089	0.963000	0.569089	5.487697	-1.285575	-0.797000	-0.488575	4.919385	11644.666719
748379131137.000000 0.006679 3.307226	2.000000	1.250031	0.749969	7.358933	1.532089	0.963000	0.569089	5.500267	-1.285575	-0.797000	-0.488575	4.930177	11644.666719
748379145352.000000 0.006842 3.314066	2.000000	1.250031	0.749969	7.375939	1.532089	0.963000	0.569089	5.513171	-1.285575	-0.797000	-0.488575	4.941255	11644.666719
748379159770.000000 0.006939 3.321003	2.000000	1.250031	0.749969	7.393222	1.532089	0.963000	0.569089	5.526286	-1.285575	-0.797000	-0.488575	4.952515	11644.666719
748379173871.000000 0.006787 3.327788	2.000000	1.250031	0.749969	7.410160	1.532089	0.963000	0.569089	5.539139	-1.285575	-0.797000	-0.488575	4.963549	11644.666719
748379188747.000000 0.007160 3.334948	2.000000	1.250031	0.749969	7.428068	1.532089	0.963000	0.569089	5.552728	-1.285575	-0.797000	-0.488575	4.975216	11644.666719
748379203141.000000 0.006928 3.341873	2.000000	1.250031	0.749969	7.445431	1.532089	0.963000	0.569089	5.565903	-1.285575	-0.797000	-0.488575	4.986527	11644.666719
748379219969.000000 0.008099 3.349971	2.000000	1.309945	0.690055	7.464153	1.532089	1.006000	0.526089	5.580177	-1.285575	-0.839000	-0.446575	4.998643	9860.679255
748379236317.000000 0.007868 3.357837	2.000000	1.309945	0.690055	7.482385	1.532089	1.006000	0.526089	5.594076	-1.285575	-0.839000	-0.446575	5.010442	9860.679255
748379251207.000000 0.007166 3.365001	2.000000	1.309945	0.690055	7.499025	1.532089	1.006000	0.526089	5.606763	-1.285575	-0.839000	-0.446575	5.021211	9860.679255
748379265103.000000 0.006689 3.371689	2.000000	1.309945	0.690055	7.514587	1.532089	1.006000	0.526089	5.618627	-1.285575	-0.839000	-0.446575	5.031282	9860.679255
748379280126.000000 0.007230 3.378917	2.000000	1.309945	0.690055	7.531446	1.532089	1.006000	0.526089	5.631480	-1.285575	-0.839000	-0.446575	5.042193	9860.679255
748379294414.000000 0.006877 3.385793	2.000000	1.309945	0.690055	7.547513	1.532089	1.006000	0.526089	5.643729	-1.285575	-0.839000	-0.446575	5.052590	9860.679255
748379309060.000000 0.007049 3.392841	2.000000	1.309945	0.690055	7.564016	1.532089	1.006000	0.526089	5.656311	-1.285575	-0.839000	-0.446575	5.063271	9860.679255
748379322918.000000 0.006670 3.399509	2.000000	1.309945	0.690055	7.579664	1.532089	1.006000	0.526089	5.668241	-1.285575	-0.839000	-0.446575	5.073397	9860.679255
748379337320.000000 0.006932 3.406439	2.000000	1.309945	0.690055	7.595957	1.532089	1.006000	0.526089	5.680663	-1.285575	-0.839000	-0.446575	5.083941	9860.679255
748379353116.000000 0.007602 3.414040	2.000000	1.309945	0.690055	7.613867	1.532089	1.006000	0.526089	5.694317	-1.285575	-0.839000	-0.446575	5.095532	9860.679255
748379368228.000000 0.007274 3.421313	2.000000	1.309945	0.690055	7.631041	1.532089	1.006000	0.526089	5.707410	-1.285575	-0.839000	-0.446575	5.106646	9860.679255
748379383765.000000 0.007479 3.428789	2.000000	1.309945	0.690055	7.648736	1.532089	1.006000	0.526089	5.720900	-1.285575	-0.839000	-0.446575	5.118098	9860.679255
748379399977.000000 0.007803 3.436589	2.000000	1.309945	0.690055	7.667240	1.532089	1.006000	0.526089	5.735008	-1.285575	-0.839000	-0.446575	5.130073	9860.679255
748379415343.000000 0.007395 3.443983	2.000000	1.370643	0.629357	7.683270	1.532089	1.050000	0.482089	5.747286	-1.285575	-0.881000	-0.404575	5.140377	9860.679255
748379430549.000000 0.007319 3.451300	2.000000	1.370643	0.629357	7.699167	1.532089	1.050000	0.482089	5.759464	-1.285575	-0.881000	-0.404575	5.150597	8053.380035
748379448100.000000 0.008447 3.459745	2.000000	1.370643	0.629357	7.717560	1.532089	1.050000	0.482089	5.773553	-1.285575	-0.881000	-0.404575	5.162421	8053.380035
748379463056.000000 0.007199 3.466942	2.000000	1.370643	0.629357	7.733268	1.532089	1.050000	0.482089	5.785585	-1.285575	-0.881000	-0.404575	5.172518	8053.380035
748379478671.000000 0.007516 3.474456	2.000000	1.370643	0.629357	7.749702	1.532089	1.050000	0.482089	5.798174	-1.285575	-0.881000	-0.404575	5.183083	8053.380035
748379493620.000000 0.007195 3.481649	2.000000	1.370643	0.629357	7.765467	1.532089	1.050000	0.482089	5.810250	-1.285575	-0.881000	-0.404575	5.193217	8053.380035
748379508841.000000 0.007326 3.488974	2.000000	1.370643	0.629357	7.781554	1.532089	1.050000	0.482089	5.822572	-1.285575	-0.881000	-0.404575	5.203558	8053.380035
748379524074.000000 0.007332 3.496304	2.000000	1.370643	0.629357	7.797687	1.532089	1.050000	0.482089	5.834931	-1.285575	-0.881000	-0.404575	5.213929	8053.380035
748379539433.000000 0.007392 3.503694	2.000000	1.370643	0.629357	7.813987	1.532089	1.050000	0.482089	5.847417	-1.285575	-0.881000	-0.404575	5.224408	8053.380035
748379554320.000000 0.007165 3.510858	2.000000	1.370643	0.629357	7.829819	1.532089	1.050000	0.482089	5.859544	-1.285575	-0.881000	-0.404575	5.234585	8053.380035
748379570393.000000 0.007736 3.518592	2.000000	1.370643	0.629357	7.846950	1.532089	1.050000	0.482089	5.872666	-1.285575	-0.881000	-0.404575	5.245598	8053.380035
748379584794.000000 0.006932 3.525522	2.000000	1.370643	0.629357	7.862331	1.532089	1.050000	0.482089	5.884448	-1.285575	-0.881000	-0.404575	5.255485	8053.380035
748379599305.000000 0.006984 3.532504	2.000000	1.370643	0.629357	7.877858	1.532089	1.050000	0.482089	5.896342	-1.285575	-0.881000	-0.404575	5.265466	8053.380035
748379612728.000000 0.006461 3.538963	2.000000	1.370643	0.629357	7.892248	1.532089	1.050000	0.482089	5.907365	-1.285575	-0.881000	-0.404575	5.274717	8053.380035
748379626748.000000 0.006748 3.545709	2.000000	1.430587	0.569413	7.905872	1.532089	1.093000	0.439089	5.917870	-1.285575	-0.923000	-0.362575	5.283392	6268.504546
748379642133.000000 0.007406 3.553114	2.000000	1.430587	0.569413	7.920855	1.532089	1.093000	0.439089	5.929424	-1.285575	-0.923000	-0.362575	5.292932	6268.504546
748379657343.000000 0.007320 3.560431	2.000000	1.430587	0.569413	7.935696	1.532089	1.093000	0.439089	5.940868	-1.285575	-0.923000	-0.362575	5.302382	6268.504546
748379671413.000000 0.006772 3.567202	2.000000	1.430587	0.569413	7.949452	1.532089	1.093000	0.439089	5.951476	-1.285575	-0.923000	-0.362575	5.311141	6268.504546
748379686066.000000 0.007052 3.574252	2.000000	1.430587	0.569413	7.963805	1.532089	1.093000	0.439089	5.962544	-1.285575	-0.923000	-0.362575	5.320281	6268.504546
748379699852.000000 0.006636 3.580887	2.000000	1.430587	0.569413	7.977336	1.532089	1.093000	0.439089	5.972978	-1.285575	-0.923000	-0.362575	5.328897	6268.504546
748379714030.000000 0.006824 3.587709	2.000000	1.430587	0.569413	7.991276	1.532089	1.093000	0.439089	5.983727	-1.285575	-0.923000	-0.362575	5.337773	6268.504546
748379728485.000000 0.006957 3.594664	2.000000	1.430587	0.569413	8.005516	1.532089	1.093000	0.439089	5.994708	-1.285575	-0.923000	-0.362575	5.346840	6268.504546
748379743393.000000 0.007175 3.601838	2.000000	1.430587	0.569413	8.020232	1.532089	1.093000	0.439089	6.006056	-1.285575	-0.923000	-0.362575	5.356211	6268.504546
748379757584.000000 0.006830 3.608666	2.000000	1.430587	0.569413	8.034266	1.532089	1.093000	0.439089	6.016878	-1.285575	-0.923000	-0.362575	5.365147	6268.504546
748379771625.000000 0.006758 3.615423	2.000000	1.430587	0.569413	8.048179	1.532089	1.093000	0.439089	6.027606	-1.285575	-0.923000	-0.362575	5.374006	6268.504546
748379785889.000000 0.006866 3.622286	2.000000	1.430587	0.569413	8.062340	1.532089	1.093000	0.439089	6.038526	-1.285575	-0.923000	-0.362575	5.383023	6268.504546
748379801840.000000 0.007677 3.629962	2.000000	1.430587	0.569413	8.078208	1.532089	1.093000	0.439089	6.050763	-1.285575	-0.923000	-0.362575	5.393127	6268.504546
748379815527.000000 0.006588 3.636549	2.000000	1.430587	0.569413	8.091850	1.532089	1.093000	0.439089	6.061282	-1.285575	-0.923000	-0.362575	5.401814	6268.504546
748379830611.000000 0.007261 3.643807	2.000000	1.491191	0.508809	8.105312	1.532089	1.136000	0.396089	6.071762	-1.285575	-0.966000	-0.319575	5.410269	6268.504546
748379845206.000000 0.007025 3.650829	2.000000	1.491191	0.508809	8.118361	1.532089	1.136000	0.396089	6.081920	-1.285575	-0.966000	-0.319575	5.418465	4463.952265
748379865330.000000 0.009686 3.660515	2.000000	1.491191	0.508809	8.136401	1.532089	1.136000	0.396089	6.095963	-1.285575	-0.966000	-0.319575	5.429795	4463.952265
748379880504.000000 0.007303 3.667814	2.000000	1.491191	0.508809	8.150030	1.532089	1.136000	0.396089	6.106573	-1.285575	-0.966000	-0.319575	5.438356	4463.952265
748379895635.000000 0.007283 3.675096	2.000000	1.491191	0.508809	8.163649	1.532089	1.136000	0.396089	6.117175	-1.285575	-0.966000	-0.319575	5.446910	4463.952265
748379910522.000000 0.007165 3.682259	2.000000	1.491191	0.508809	8.177073	1.532089	1.136000	0.396089	6.127625	-1.285575	-0.966000	-0.319575	5.455341	4463.952265
748379925540.000000 0.007228 3.689485	2.000000	1.491191	0.508809	8.190642	1.532089	1.136000	0.396089	6.138188	-1.285575	-0.966000	-0.319575	5.463863	4463.952265
748379940113.000000 0.007015 3.696499	2.000000	1.491191	0.508809	8.203836	1.532089	1.136000	0.396089	6.148459	-1.285575	-0.966000	-0.319575	5.472151	4463.952265
748379955060.000000 0.007194 3.703691	2.000000	1.491191	0.508809	8.217394	1.532089	1.136000	0.396089	6.159013	-1.285575	-0.966000	-0.319575	5.480666	4463.952265
748379969970.000000 0.007176 3.710865	2.000000	1.491191	0.508809	8.230944	1.532089	1.136000	0.396089	6.169562	-1.285575	-0.966000	-0.319575	5.489176	4463.952265
748379984758.000000 0.007118 3.717981	2.000000	1.491191	0.508809	8.244409	1.532089	1.136000	0.396089	6.180044	-1.285575	-0.966000	-0.319575	5.497634	4463.952265
748379998844.000000 0.006780 3.724759	2.000000	1.491191	0.508809	8.257257	1.532089	1.136000	0.396089	6.190046	-1.285575	-0.966000	-0.319575	5.505703	4463.952265
748380013248.000000 0.006933 3.731691	2.000000	1.491191	0.508809	8.270421	1.532089	1.136000	0.396089	6.200293	-1.285575	-0.966000	-0.319575	5.513971	4463.952265
748380029664.000000 0.007901 3.739590	2.000000	1.491191	0.508809	8.285455	1.532089	1.136000	0.396089	6.211997	-1.285575	-0.966000	-0.319575	5.523414	4463.952265
748380045132.000000 0.007445 3.747034	2.000000	1.551923	0.448077	8.297956	1.532089	1.180000	0.352089	6.221819	-1.285575	-1.008000	-0.277575	5.531158	2655.638373
748380060694.000000 0.007490 3.754522	2.000000	1.551923	0.448077	8.310556	1.532089	1.180000	0.352089	6.231721	-1.285575	-1.008000	-0.277575	5.538964	2655.638373
748380076558.000000 0.007636 3.762155	2.000000	1.551923	0.448077	8.323428	1.532089	1.180000	0.352089	6.241835	-1.285575	-1.008000	-0.277575	5.546938	2655.638373
748380091381.000000 0.007134 3.769287	2.000000	1.551923	0.448077	8.335477	1.532089	1.180000	0.352089	6.251303	-1.285575	-1.008000	-0.277575	5.554402	2655.638373
748380106068.000000 0.007069 3.776355	2.000000	1.551923	0.448077	8.347438	1.532089	1.180000	0.352089	6.260702	-1.285575	-1.008000	-0.277575	5.561811	2655.638373
748380120375.000000 0.006886 3.783239	2.000000	1.551923	0.448077	8.359112	1.532089	1.180000	0.352089	6.269874	-1.285575	-1.008000	-0.277575	5.569043	2655.638373
748380134540.000000 0.006818 3.790055	2.000000	1.551923	0.448077	8.370689	1.532089	1.180000	0.352089	6.278972	-1.285575	-1.008000	-0.277575	5.576215	2655.638373
748380148358.000000 0.006651 3.796704	2.000000	1.551923	0.448077	8.382004	1.532089	1.180000	0.352089	6.287863	-1.285575	-1.008000	-0.277575	5.583225	2655.638373
748380163613.000000 0.007343 3.804044	2.000000	1.551923	0.448077	8.394520	1.532089	1.180000	0.352089	6.297697	-1.285575	-1.008000	-0.277575	5.590978	2655.638373
748380177735.000000 0.006797 3.810840	2.000000	1.551923	0.448077	8.406126	1.532089	1.180000	0.352089	6.306817	-1.285575	-1.008000	-0.277575	5.598167	2655.638373
748380191275.000000 0.006517 3.817355	2.000000	1.551923	0.448077	8.417272	1.532089	1.180000	0.352089	6.315576	-1.285575	-1.008000	-0.277575	5.605072	2655.638373
748380206559.000000 0.007357 3.824711	2.000000	1.551923	0.448077	8.429880	1.532089	1.180000	0.352089	6.325483	-1.285575	-1.008000	-0.277575	5.612883	2655.638373
748380222460.000000 0.007653 3.832362	2.000000	1.551923	0.448077	8.443023	1.532089	1.180000	0.352089	6.335810	-1.285575	-1.008000	-0.277575	5.621024	2655.638373
748380238867.000000 0.007897 3.840257	2.000000	1.551923	0.448077	8.456612	1.532089	1.180000	0.352089	6.346488	-1.285575	-1.008000	-0.277575	5.629442	2655.638373
748380265417.000000 0.012778 3.853032	2.000000	1.611902	0.388098	8.475719	1.532089	1.223000	0.309089	6.361705	-1.285575	-1.050000	-0.235575	5.641040	869.703735
748380286762.000000 0.010273 3.863303	2.000000	1.611902	0.388098	8.491122	1.532089	1.223000	0.309089	6.373972	-1.285575	-1.050000	-0.235575	5.650390	869.703735
748380300398.000000 0.006563 3.869865	2.000000	1.611902	0.388098	8.500979	1.532089	1.223000	0.309089	6.381823	-1.285575	-1.050000	-0.235575	5.656373	869.703735
748380314449.000000 0.006763 3.876625	2.000000	1.611902	0.388098	8.511154	1.532089	1.223000	0.309089	6.389927	-1.285575	-1.050000	-0.235575	5.662550	869.703735
748380328355.000000 0.006693 3.883317	2.000000	1.611902	0.388098	8.521242	1.532089	1.223000	0.309089	6.397961	-1.285575	-1.050000	-0.235575	5.668673	869.703735
748380342168.000000 0.006649 3.889964	2.000000	1.611902	0.388098	8.531280	1.532089	1.223000	0.309089	6.405955	-1.285575	-1.050000	-0.235575	5.674766	869.703735
748380355918.000000 0.006618 3.896581	2.000000	1.611902	0.388098	8.541289	1.532089	1.223000	0.309089	6.413926	-1.285575	-1.050000	-0.235575	5.680841	869.703735
748380369824.000000 0.006693 3.903271	2.000000	1.611902	0.388098	8.551427	1.532089	1.223000	0.309089	6.422001	-1.285575	-1.050000	-0.235575	5.686995	869.703735
748380383454.000000 0.006560 3.909830	2.000000	1.611902	0.388098	8.561382	1.532089	1.223000	0.309089	6.429929	-1.285575	-1.050000	-0.235575	5.693038	869.703735
748380397343.000000 0.006685 3.916513	2.000000	1.611902	0.388098	8.571542	1.532089	1.223000	0.309089	6.438021	-1.285575	-1.050000	-0.235575	5.699205	869.703735
748380413647.000000 0.007848 3.924360	2.000000	1.611902	0.388098	8.583495	1.532089	1.223000	0.309089	6.447540	-1.285575	-1.050000	-0.235575	5.706460	869.703735
748380427973.000000 0.006895 3.931252	2.000000	1.611902	0.388098	8.594014	1.532089	1.223000	0.309089	6.455918	-1.285575	-1.050000	-0.235575	5.712846	869.703735
748380442280.000000 0.006886 3.938137	2.000000	1.611902	0.388098	8.604539	1.532089	1.223000	0.309089	6.464300	-1.285575	-1.050000	-0.235575	5.719234	869.703735
748380456576.000000 0.006882 3.945016	2.000000	1.671891	0.328109	8.613446	1.532089	1.266000	0.266089	6.471524	-1.285575	-1.092000	-0.193575	5.724489	-916.505989
748380479478.000000 0.011023 3.956038	2.000000	1.671891	0.328109	8.627754	1.532089	1.266000	0.266089	6.483127	-1.285575	-1.092000	-0.193575	5.732930	-916.505989
748380494997.000000 0.007470 3.963504	2.000000	1.671891	0.328109	8.637468	1.532089	1.266000	0.266089	6.491004	-1.285575	-1.092000	-0.193575	5.738661	-916.505989
748380509738.000000 0.007096 3.970598	2.000000	1.671891	0.328109	8.646712	1.532089	1.266000	0.266089	6.498501	-1.285575	-1.092000	-0.193575	5.744115	-916.505989
748380525095.000000 0.007391 3.977986	2.000000	1.671891	0.328109	8.656359	1.532089	1.266000	0.266089	6.506325	-1.285575	-1.092000	-0.193575	5.749806	-916.505989
748380539715.000000 0.007037 3.985021	2.000000	1.671891	0.328109	8.665560	1.532089	1.266000	0.266089	6.513786	-1.285575	-1.092000	-0.193575	5.755235	-916.505989
748380554678.000000 0.007202 3.992223	2.000000	1.671891	0.328109	8.674993	1.532089	1.266000	0.266089	6.521437	-1.285575	-1.092000	-0.193575	5.760800	-916.505989
748380569643.000000 0.007203 3.999423	2.000000	1.671891	0.328109	8.684445	1.532089	1.266000	0.266089	6.529102	-1.285575	-1.092000	-0.193575	5.766377	-916.505989
748380584542.000000 0.007171 4.006592	2.000000	1.671891	0.328109	8.693873	1.532089	1.266000	0.266089	6.536748	-1.285575	-1.092000	-0.193575	5.771939	-916.505989
748380599451.000000 0.007176 4.013766	2.000000	1.671891	0.328109	8.703323	1.532089	1.266000	0.266089	6.544412	-1.285575	-1.092000	-0.193575	5.777514	-916.505989
748380614116.000000 0.007059 4.020823	2.000000	1.671891	0.328109	8.712635	1.532089	1.266000	0.266089	6.551964	-1.285575	-1.092000	-0.193575	5.783008	-916.505989
748380629581.000000 0.007444 4.028265	2.000000	1.671891	0.328109	8.722474	1.532089	1.266000	0.266089	6.559942	-1.285575	-1.092000	-0.193575	5.788812	-916.505989
748380645143.000000 0.007490 4.035753	2.000000	1.671891	0.328109	8.732392	1.532089	1.266000	0.266089	6.567986	-1.285575	-1.092000	-0.193575	5.794664	-916.505989
748380659965.000000 0.007134 4.042886	2.000000	1.731888	0.268112	8.740125	1.532089	1.309000	0.223089	6.574420	-1.285575	-1.134000	-0.151575	5.799036	-916.505989
748380675405.000000 0.007432 4.050316	2.000000	1.731888	0.268112	8.748195	1.532089	1.309000	0.223089	6.581135	-1.285575	-1.134000	-0.151575	5.803598	-2702.962214
748380692155.000000 0.008062 4.058376	2.000000	1.731888	0.268112	8.756967	1.532089	1.309000	0.223089	6.588434	-1.285575	-1.134000	-0.151575	5.808557	-2702.962214
748380706660.000000 0.006982 4.065355	2.000000	1.731888	0.268112	8.764577	1.532089	1.309000	0.223089	6.594767	-1.285575	-1.134000	-0.151575	5.812860	-2702.962214
748380722157.000000 0.007459 4.072812	2.000000	1.731888	0.268112	8.772722	1.532089	1.309000	0.223089	6.601544	-1.285575	-1.134000	-0.151575	5.817464	-2702.962214
748380736342.000000 0.006828 4.079637	2.000000	1.731888	0.268112	8.780190	1.532089	1.309000	0.223089	6.607758	-1.285575	-1.134000	-0.151575	5.821686	-2702.962214
748380750585.000000 0.006855 4.086490	2.000000	1.731888	0.268112	8.787701	1.532089	1.309000	0.223089	6.614007	-1.285575	-1.134000	-0.151575	5.825933	-2702.962214
748380764749.000000 0.006817 4.093306	2.000000	1.731888	0.268112	8.795183	1.532089	1.309000	0.223089	6.620232	-1.285575	-1.134000	-0.151575	5.830162	-2702.962214
748380778935.000000 0.006828 4.100132	2.000000	1.731888	0.268112	8.802689	1.532089	1.309000	0.223089	6.626478	-1.285575	-1.134000	-0.151575	5.834406	-2702.962214
748380793269.000000 0.006899 4.107030	2.000000	1.731888	0.268112	8.810286	1.532089	1.309000	0.223089	6.632799	-1.285575	-1.134000	-0.151575	5.838701	-2702.962214
748380807968.000000 0.007075 4.114103	2.000000	1.731888	0.268112	8.818090	1.532089	1.309000	0.223089	6.639293	-1.285575	-1.134000	-0.151575	5.843113	-2702.962214
748380822109.000000 0.006806 4.120907	2.000000	1.731888	0.268112	8.825609	1.532089	1.309000	0.223089	6.645550	-1.285575	-1.134000	-0.151575	5.847364	-2702.962214
748380836301.000000 0.006831 4.127737	2.000000	1.731888	0.268112	8.833169	1.532089	1.309000	0.223089	6.651840	-1.285575	-1.134000	-0.151575	5.851638	-2702.962214
748380850544.000000 0.006855 4.134590	2.000000	1.731888	0.268112	8.840768	1.532089	1.309000	0.223089	6.658163	-1.285575	-1.134000	-0.151575	5.855934	-2702.962214
748380866598.000000 0.007726 4.142315	2.000000	1.731888	0.268112	8.849349	1.532089	1.309000	0.223089	6.665303	-1.285575	-1.134000	-0.151575	5.860785	-2702.962214
748380881417.000000 0.007132 4.149446	2.000000	1.790482	0.209518	8.855550	1.532089	1.351000	0.181089	6.670662	-1.285575	-1.175000	-0.110575	5.864058	-4435.974855
748380898036.000000 0.007999 4.157443	2.000000	1.790482	0.209518	8.862518	1.532089	1.351000	0.181089	6.676685	-1.285575	-1.175000	-0.110575	5.867735	-4435.974855
748380912696.000000 0.007056 4.164496	2.000000	1.790482	0.209518	8.868674	1.532089	1.351000	0.181089	6.682006	-1.285575	-1.175000	-0.110575	5.870984	-4435.974855
748380928753.000000 0.007728 4.172224	2.000000	1.790482	0.209518	8.875430	1.532089	1.351000	0.181089	6.687845	-1.285575	-1.175000	-0.110575	5.874549	-4435.974855
748380943444.000000 0.007071 4.179293	2.000000	1.790482	0.209518	8.881621	1.532089	1.351000	0.181089	6.693196	-1.285575	-1.175000	-0.110575	5.877817	-4435.974855
748380958398.000000 0.007197 4.186488	2.000000	1.790482	0.209518	8.887934	1.532089	1.351000	0.181089	6.698653	-1.285575	-1.175000	-0.110575	5.881149	-4435.974855
748380972751.000000 0.006908 4.193395	2.000000	1.790482	0.209518	8.894004	1.532089	1.351000	0.181089	6.703898	-1.285575	-1.175000	-0.110575	5.884352	-4435.974855
748380986928.000000 0.006824 4.200217	2.000000	1.790482	0.209518	8.900009	1.532089	1.351000	0.181089	6.709089	-1.285575	-1.175000	-0.110575	5.887521	-4435.974855
748381001766.000000 0.007142 4.207357	2.000000	1.790482	0.209518	8.906304	1.532089	1.351000	0.181089	6.714530	-1.285575	-1.175000	-0.110575	5.890844	-4435.974855
748381016475.000000 0.007079 4.214435	2.000000	1.790482	0.209518	8.912555	1.532089	1.351000	0.181089	6.719933	-1.285575	-1.175000	-0.110575	5.894143	-4435.974855
748381031274.000000 0.007123 4.221556	2.000000	1.790482	0.209518	8.918856	1.532089	1.351000	0.181089	6.725378	-1.285575	-1.175000	-0.110575	5.897468	-4435.974855
748381046399.000000 0.007280 4.228834	2.000000	1.790482	0.209518	8.925306	1.532089	1.351000	0.181089	6.730953	-1.285575	-1.175000	-0.110575	5.900872	-4435.974855
748381062527.000000 0.007763 4.236594	2.000000	1.790482	0.209518	8.932196	1.532089	1.351000	0.181089	6.736909	-1.285575	-1.175000	-0.110575	5.904508	-4435.974855
748381078632.000000 0.007752 4.244345	2.000000	1.844849	0.155151	8.937301	1.532089	1.390000	0.142089	6.741584	-1.285575	-1.213000	-0.072575	5.906896	-6042.335822
748381096949.000000 0.008816 4.253159	2.000000	1.844849	0.155151	8.943119	1.532089	1.390000	0.142089	6.746912	-1.285575	-1.213000	-0.072575	5.909617	-6042.335822
748381113870.000000 0.008144 4.261301	2.000000	1.844849	0.155151	8.948503	1.532089	1.390000	0.142089	6.751843	-1.285575	-1.213000	-0.072575	5.912136	-6042.335822
748381128863.000000 0.007216 4.268515	2.000000	1.844849	0.155151	8.953282	1.532089	1.390000	0.142089	6.756220	-1.285575	-1.213000	-0.072575	5.914372	-6042.335822
748381145441.000000 0.007980 4.276493	2.000000	1.844849	0.155151	8.958577	1.532089	1.390000	0.142089	6.761068	-1.285575	-1.213000	-0.072575	5.916848	-6042.335822
748381161088.000000 0.007531 4.284022	2.000000	1.844849	0.155151	8.963582	1.532089	1.390000	0.142089	6.765653	-1.285575	-1.213000	-0.072575	5.919190	-6042.335822
748381176180.000000 0.007265 4.291284	2.000000	1.844849	0.155151	8.968419	1.532089	1.390000	0.142089	6.770082	-1.285575	-1.213000	-0.072575	5.921452	-6042.335822
748381190622.000000 0.006951 4.298234	2.000000	1.844849	0.155151	8.973055	1.532089	1.390000	0.142089	6.774327	-1.285575	-1.213000	-0.072575	5.923621	-6042.335822
748381205051.000000 0.006945 4.305175	2.000000	1.844849	0.155151	8.977693	1.532089	1.390000	0.142089	6.778576	-1.285575	-1.213000	-0.072575	5.925791	-6042.335822
748381220483.000000 0.007428 4.312602	2.000000	1.844849	0.155151	8.982663	1.532089	1.390000	0.142089	6.783127	-1.285575	-1.213000	-0.072575	5.928115	-6042.335822
748381236770.000000 0.007840 4.320440	2.000000	1.844849	0.155151	8.987918	1.532089	1.390000	0.142089	6.787940	-1.285575	-1.213000	-0.072575	5.930574	-6042.335822
748381250974.000000 0.006837 4.327275	2.000000	1.844849	0.155151	8.992509	1.532089	1.390000	0.142089	6.792144	-1.285575	-1.213000	-0.072575	5.932721	-6042.335822
748381265469.000000 0.006976 4.334248	2.000000	1.844849	0.155151	8.997200	1.532089	1.390000	0.142089	6.796440	-1.285575	-1.213000	-0.072575	5.934915	-6042.335822
748381279305.000000 0.006660 4.340907	2.000000	1.844849	0.155151	9.001685	1.532089	1.390000	0.142089	6.800548	-1.285575	-1.213000	-0.072575	5.937013	-6042.335822
748381297915.000000 0.008957 4.349862	2.000000	1.895647	0.104353	9.005751	1.532089	1.426000	0.106089	6.804681	-1.285575	-1.249000	-0.036575	5.938438	-7542.807914
748381314093.000000 0.007787 4.357647	2.000000	1.895647	0.104353	9.009292	1.532089	1.426000	0.106089	6.808281	-1.285575	-1.249000	-0.036575	5.939680	-7542.807914
748381330440.000000 0.007867 4.365512	2.000000	1.895647	0.104353	9.012876	1.532089	1.426000	0.106089	6.811925	-1.285575	-1.249000	-0.036575	5.940936	-7542.807914
748381345163.000000 0.007086 4.372597	2.000000	1.895647	0.104353	9.016110	1.532089	1.426000	0.106089	6.815212	-1.285575	-1.249000	-0.036575	5.942069	-7542.807914
748381359898.000000 0.007092 4.379687	2.000000	1.895647	0.104353	9.019351	1.532089	1.426000	0.106089	6.818507	-1.285575	-1.249000	-0.036575	5.943205	-7542.807914
748381376461.000000 0.007972 4.387657	2.000000	1.895647	0.104353	9.023001	1.532089	1.426000	0.106089	6.822218	-1.285575	-1.249000	-0.036575	5.944484	-7542.807914
748381392075.000000 0.007515 4.395170	2.000000	1.895647	0.104353	9.026448	1.532089	1.426000	0.106089	6.825722	-1.285575	-1.249000	-0.036575	5.945693	-7542.807914
748381406259.000000 0.006827 4.401995	2.000000	1.895647	0.104353	9.029584	1.532089	1.426000	0.106089	6.828910	-1.285575	-1.249000	-0.036575	5.946792	-7542.807914
748381422304.000000 0.007723 4.409717	2.000000	1.895647	0.104353	9.033138	1.532089	1.426000	0.106089	6.832523	-1.285575	-1.249000	-0.036575	5.948037	-7542.807914
748381440495.000000 0.008756 4.418470	2.000000	1.895647	0.104353	9.037175	1.532089	1.426000	0.106089	6.836627	-1.285575	-1.249000	-0.036575	5.949452	-7542.807914
748381459460.000000 0.009128 4.427598	2.000000	1.895647	0.104353	9.041392	1.532089	1.426000	0.106089	6.840915	-1.285575	-1.249000	-0.036575	5.950930	-7542.807914
748381484635.000000 0.012116 4.439712	2.000000	1.895647	0.104353	9.047006	1.532089	1.426000	0.106089	6.846622	-1.285575	-1.249000	-0.036575	5.952898	-7542.807914
