751934941203.000000 0.000003 0.000006	0.000006	0.000000	0.000006	0.000000	0.000004	0.000000	0.000004	0.000000	-0.000004	0.000000	-0.000004	0.000000	1836997.027833
751934969420.000000 0.013580 0.013585	0.013589	0.000000	0.013589	0.000003	0.010410	0.000000	0.010410	0.000002	-0.008735	0.000000	-0.008735	0.000002	-19602.844340
751934995519.000000 0.012561 0.026143	0.039730	0.000000	0.039730	0.000016	0.030435	0.000000	0.030435	0.000012	-0.025538	0.000000	-0.025538	0.000010	-18034.598256
751935018327.000000 0.010977 0.037120	0.076846	0.000000	0.076846	0.000047	0.058868	0.000000	0.058868	0.000036	-0.049396	0.000000	-0.049396	0.000030	-16423.033110
751935047632.000000 0.014104 0.051220	0.128061	0.000000	0.128061	0.000139	0.098101	0.000000	0.098101	0.000107	-0.082316	0.000000	-0.082316	0.000090	-15209.451537
751935078449.000000 0.014831 0.066049	0.194104	0.000000	0.194104	0.000330	0.148692	0.000000	0.148692	0.000252	-0.124767	0.000000	-0.124767	0.000212	-12994.901664
751935106928.000000 0.013707 0.079754	0.273849	0.000000	0.273849	0.000629	0.209781	0.000000	0.209781	0.000482	-0.176027	0.000000	-0.176027	0.000404	-10174.540802
751935134487.000000 0.013263 0.093014	0.366854	0.000000	0.366854	0.001081	0.281026	0.000000	0.281026	0.000828	-0.235809	0.000000	-0.235809	0.000695	-7208.718928
751935157139.000000 0.010902 0.103914	0.470757	0.000000	0.470757	0.001615	0.360621	0.000000	0.360621	0.001237	-0.302597	0.000000	-0.302597	0.001038	-3013.208028
751935184472.000000 0.013154 0.117066	0.587811	0.000000	0.587811	0.002520	0.450290	0.000000	0.450290	0.001930	-0.377838	0.000000	-0.377838	0.001620	-854.334159
751935209664.000000 0.012125 0.129189	0.716987	0.000000	0.716987	0.003643	0.549244	0.000000	0.549244	0.002791	-0.460871	0.000000	-0.460871	0.002342	3856.134089
751935238183.000000 0.013726 0.142913	0.859886	0.000000	0.859886	0.005330	0.658711	0.000000	0.658711	0.004083	-0.552724	0.000000	-0.552724	0.003426	7181.231762
751935259143.000000 0.010088 0.152997	1.012867	0.000000	1.012867	0.006893	0.775901	0.000000	0.775901	0.005280	-0.651059	0.000000	-0.651059	0.004431	14533.900644
751935282611.000000 0.011295 0.164289	1.177140	0.000000	1.177140	0.009077	0.901742	0.000000	0.901742	0.006954	-0.756651	0.000000	-0.756651	0.005835	17309.570839
751935305308.000000 0.010924 0.175212	1.352334	0.000000	1.352334	0.011666	1.035948	0.000000	1.035948	0.008936	-0.869264	0.000000	-0.869264	0.007498	23154.330112
751935327156.000000 0.010515 0.185725	1.538041	0.000000	1.538041	0.014669	1.178208	0.000000	1.178208	0.011237	-0.988634	0.000000	-0.988634	0.009429	28867.691510
751935349772.000000 0.010885 0.196607	1.734629	0.000000	1.734629	0.018381	1.328803	0.000000	1.328803	0.014081	-1.114998	0.000000	-1.114998	0.011815	34022.264420
751935374157.000000 0.011736 0.208342	1.942949	0.000000	1.942949	0.023132	1.488386	0.000000	1.488386	0.017720	-1.248904	0.000000	-1.248904	0.014869	39352.944369
751935400165.000000 0.012517 0.220856	2.000000	0.000000	2.000000	0.028661	1.532089	0.000000	1.532089	0.021956	-1.285575	0.000000	-1.285575	0.018423	32381.253683
751935423501.000000 0.011231 0.232085	2.000000	0.000000	2.000000	0.033874	1.532089	0.000000	1.532089	0.025949	-1.285575	0.000000	-1.285575	0.021774	31642.349329
751935447494.000000 0.011548 0.243630	2.000000	0.000000	2.000000	0.039501	1.532089	0.000000	1.532089	0.030259	-1.285575	0.000000	-1.285575	0.025391	32054.141084
751935470412.000000 0.011030 0.254658	2.000000	0.000000	2.000000	0.045119	1.532089	0.000000	1.532089	0.034563	-1.285575	0.000000	-1.285575	0.029002	31347.716849
751935493508.000000 0.011116 0.265772	2.000000	0.000000	2.000000	0.051027	1.532089	0.000000	1.532089	0.039089	-1.285575	0.000000	-1.285575	0.032799	30610.461980
751935515991.000000 0.010821 0.276591	2.000000	0.000000	2.000000	0.057013	1.532089	0.000000	1.532089	0.043674	-1.285575	0.000000	-1.285575	0.036647	29843.196064
751935541288.000000 0.012175 0.288763	2.000000	0.003000	1.997000	0.064033	1.532089	0.003000	1.529089	0.049050	-1.285575	0.000000	-1.285575	0.041167	33522.470759
751935570026.000000 0.013831 0.302592	2.000000	0.003000	1.997000	0.072391	1.532089	0.003000	1.529089	0.055449	-1.285575	0.000000	-1.285575	0.046547	32662.284932
751935596047.000000 0.012523 0.315165	2.000000	0.003000	1.997000	0.080273	1.532089	0.003000	1.529089	0.061484	-1.285575	0.000000	-1.285575	0.051621	31766.358740
751935619388.000000 0.011234 0.326345	2.000000	0.003000	1.997000	0.087594	1.532089	0.003000	1.529089	0.067090	-1.285575	0.000000	-1.285575	0.056334	30838.650872
751935638187.000000 0.009048 0.335390	2.000000	0.003000	1.997000	0.093654	1.532089	0.003000	1.529089	0.071730	-1.285575	0.000000	-1.285575	0.060235	29885.229310
751935652876.000000 0.007070 0.342458	2.000000	0.003000	1.997000	0.098489	1.532089	0.003000	1.529089	0.075433	-1.285575	0.000000	-1.285575	0.063348	28911.714737
751935666648.000000 0.006629 0.349085	2.000000	0.003000	1.997000	0.103110	1.532089	0.003000	1.529089	0.078971	-1.285575	0.000000	-1.285575	0.066323	27919.364247
751935682661.000000 0.007707 0.356791	2.000000	0.003000	1.997000	0.108602	1.532089	0.003000	1.529089	0.083176	-1.285575	0.000000	-1.285575	0.069858	26905.106916
751935703189.000000 0.009880 0.366668	2.000000	0.003000	1.997000	0.115836	1.532089	0.003000	1.529089	0.088715	-1.285575	0.000000	-1.285575	0.074515	25862.770801
751935717009.000000 0.006652 0.373318	2.000000	0.003000	1.997000	0.120795	1.532089	0.003000	1.529089	0.092512	-1.285575	0.000000	-1.285575	0.077707	24801.531743
751935731947.000000 0.007190 0.380506	2.000000	0.003000	1.997000	0.126259	1.532089	0.003000	1.529089	0.096696	-1.285575	0.000000	-1.285575	0.081225	23719.857699
751935746512.000000 0.007010 0.387515	2.000000	0.009000	1.991000	0.131668	1.532089	0.009000	1.523089	0.100834	-1.285575	0.000000	-1.285575	0.084717	22618.258894
751935767868.000000 0.010279 0.397792	2.000000	0.009000	1.991000	0.139809	1.532089	0.009000	1.523089	0.107061	-1.285575	0.000000	-1.285575	0.089974	28235.942773
751935788773.000000 0.010061 0.407851	2.000000	0.009000	1.991000	0.147979	1.532089	0.009000	1.523089	0.113311	-1.285575	0.000000	-1.285575	0.095249	27013.210659
751935803496.000000 0.007086 0.414934	2.000000	0.009000	1.991000	0.153833	1.532089	0.009000	1.523089	0.117789	-1.285575	0.000000	-1.285575	0.099029	25769.243368
751935817880.000000 0.006923 0.421856	2.000000	0.009000	1.991000	0.159648	1.532089	0.009000	1.523089	0.122238	-1.285575	0.000000	-1.285575	0.102783	24504.525618
751935831691.000000 0.006648 0.428503	2.000000	0.009000	1.991000	0.165319	1.532089	0.009000	1.523089	0.126576	-1.285575	0.000000	-1.285575	0.106445	23219.879694
751935847206.000000 0.007467 0.435969	2.000000	0.009000	1.991000	0.171801	1.532089	0.009000	1.523089	0.131534	-1.285575	0.000000	-1.285575	0.110631	21912.851721
751935870202.000000 0.011067 0.447034	2.000000	0.009000	1.991000	0.181651	1.532089	0.009000	1.523089	0.139070	-1.285575	0.000000	-1.285575	0.116991	20572.649556
751935886396.000000 0.007794 0.454825	2.000000	0.009000	1.991000	0.188709	1.532089	0.009000	1.523089	0.144469	-1.285575	0.000000	-1.285575	0.121548	19209.088697
751935900410.000000 0.006745 0.461569	2.000000	0.009000	1.991000	0.194908	1.532089	0.009000	1.523089	0.149211	-1.285575	0.000000	-1.285575	0.125551	17825.311142
751935914122.000000 0.006600 0.468167	2.000000	0.009000	1.991000	0.201060	1.532089	0.009000	1.523089	0.153917	-1.285575	0.000000	-1.285575	0.129523	16421.751117
751935928165.000000 0.006759 0.474924	2.000000	0.009000	1.991000	0.207451	1.532089	0.009000	1.523089	0.158807	-1.285575	0.000000	-1.285575	0.133650	14997.934003
751935942290.000000 0.006799 0.481722	2.000000	0.009000	1.991000	0.213972	1.532089	0.009000	1.523089	0.163795	-1.285575	0.000000	-1.285575	0.137860	13553.738622
751935963344.000000 0.010134 0.491854	2.000000	0.019026	1.980974	0.223846	1.532089	0.019000	1.513089	0.171337	-1.285575	-0.001000	-1.284575	0.144263	20822.337312
751935986146.000000 0.010974 0.502825	2.000000	0.019026	1.980974	0.234777	1.532089	0.019000	1.513089	0.179686	-1.285575	-0.001000	-1.284575	0.151351	19182.470899
751936000438.000000 0.006879 0.509702	2.000000	0.019026	1.980974	0.241723	1.532089	0.019000	1.513089	0.184991	-1.285575	-0.001000	-1.284575	0.155856	17520.178999
751936015615.000000 0.007305 0.517005	2.000000	0.019026	1.980974	0.249205	1.532089	0.019000	1.513089	0.190706	-1.285575	-0.001000	-1.284575	0.160707	15834.069633
751936030815.000000 0.007316 0.524319	2.000000	0.019026	1.980974	0.256803	1.532089	0.019000	1.513089	0.196510	-1.285575	-0.001000	-1.284575	0.165635	14124.106706
751936052126.000000 0.010257 0.534574	2.000000	0.019026	1.980974	0.267665	1.532089	0.019000	1.513089	0.204806	-1.285575	-0.001000	-1.284575	0.172678	12380.697005
751936067200.000000 0.007255 0.541827	2.000000	0.019026	1.980974	0.275452	1.532089	0.019000	1.513089	0.210754	-1.285575	-0.001000	-1.284575	0.177728	10613.634616
751936081124.000000 0.006702 0.548527	2.000000	0.019026	1.980974	0.282735	1.532089	0.019000	1.513089	0.216317	-1.285575	-0.001000	-1.284575	0.182450	8824.721110
751936096483.000000 0.007392 0.555918	2.000000	0.019026	1.980974	0.290876	1.532089	0.019000	1.513089	0.222535	-1.285575	-0.001000	-1.284575	0.187729	7011.704521
751936110557.000000 0.006774 0.562690	2.000000	0.019026	1.980974	0.298427	1.532089	0.019000	1.513089	0.228302	-1.285575	-0.001000	-1.284575	0.192625	5176.599849
751936126398.000000 0.007625 0.570313	2.000000	0.019026	1.980974	0.307041	1.532089	0.019000	1.513089	0.234882	-1.285575	-0.001000	-1.284575	0.198212	3316.634116
751936147037.000000 0.009933 0.580244	2.000000	0.019026	1.980974	0.318459	1.532089	0.019000	1.513089	0.243603	-1.285575	-0.001000	-1.284575	0.205616	1424.280898
751936161220.000000 0.006827 0.587069	2.000000	0.019026	1.980974	0.326398	1.532089	0.019000	1.513089	0.249667	-1.285575	-0.001000	-1.284575	0.210764	-490.329891
751936175973.000000 0.007101 0.594168	2.000000	0.031064	1.968936	0.334705	1.532089	0.031000	1.501089	0.256001	-1.285575	-0.002000	-1.283575	0.216179	651.966294
751936193830.000000 0.008595 0.602761	2.000000	0.031064	1.968936	0.344906	1.532089	0.031000	1.501089	0.263777	-1.285575	-0.002000	-1.283575	0.222829	-1437.997264
751936207438.000000 0.006550 0.609308	2.000000	0.031064	1.968936	0.352764	1.532089	0.031000	1.501089	0.269768	-1.285575	-0.002000	-1.283575	0.227952	-3550.661676
751936229097.000000 0.010425 0.619731	2.000000	0.031064	1.968936	0.365484	1.532089	0.031000	1.501089	0.279466	-1.285575	-0.002000	-1.283575	0.236244	-5699.466262
751936245831.000000 0.008055 0.627783	2.000000	0.031064	1.968936	0.375440	1.532089	0.031000	1.501089	0.287056	-1.285575	-0.002000	-1.283575	0.242735	-7876.188930
751936260314.000000 0.006971 0.634752	2.000000	0.031064	1.968936	0.384152	1.532089	0.031000	1.501089	0.293698	-1.285575	-0.002000	-1.283575	0.248415	-10077.074009
751936275320.000000 0.007222 0.641973	2.000000	0.031064	1.968936	0.393281	1.532089	0.031000	1.501089	0.300658	-1.285575	-0.002000	-1.283575	0.254366	-12302.995765
751936289679.000000 0.006911 0.648882	2.000000	0.031064	1.968936	0.402111	1.532089	0.031000	1.501089	0.307390	-1.285575	-0.002000	-1.283575	0.260122	-14552.876383
751936307702.000000 0.008675 0.657556	2.000000	0.031064	1.968936	0.413343	1.532089	0.031000	1.501089	0.315953	-1.285575	-0.002000	-1.283575	0.267444	-16832.830712
751936329457.000000 0.010470 0.668023	2.000000	0.031064	1.968936	0.427113	1.532089	0.031000	1.501089	0.326451	-1.285575	-0.002000	-1.283575	0.276421	-19149.078713
751936343815.000000 0.006911 0.674932	2.000000	0.031064	1.968936	0.436297	1.532089	0.031000	1.501089	0.333453	-1.285575	-0.002000	-1.283575	0.282408	-21489.282238
751936358048.000000 0.006851 0.681781	2.000000	0.031064	1.968936	0.445494	1.532089	0.031000	1.501089	0.340464	-1.285575	-0.002000	-1.283575	0.288404	-23853.232733
751936372183.000000 0.006804 0.688583	2.000000	0.031064	1.968936	0.454718	1.532089	0.031000	1.501089	0.347497	-1.285575	-0.002000	-1.283575	0.294417	-26240.766690
751936390437.000000 0.008785 0.697366	2.000000	0.046174	1.953826	0.466688	1.532089	0.046000	1.486089	0.356601	-1.285575	-0.004000	-1.281575	0.302269	-21195.042577
751936409426.000000 0.009140 0.706504	2.000000	0.046174	1.953826	0.479305	1.532089	0.046000	1.486089	0.366197	-1.285575	-0.004000	-1.281575	0.310544	-23897.026081
751936427771.000000 0.008830 0.715331	2.000000	0.046174	1.953826	0.491646	1.532089	0.046000	1.486089	0.375584	-1.285575	-0.004000	-1.281575	0.318639	-26632.767862
751936443396.000000 0.007521 0.722849	2.000000	0.046174	1.953826	0.502267	1.532089	0.046000	1.486089	0.383663	-1.285575	-0.004000	-1.281575	0.325606	-28156.531709
751936457863.000000 0.006963 0.729811	2.000000	0.046174	1.953826	0.512196	1.532089	0.046000	1.486089	0.391214	-1.285575	-0.004000	-1.281575	0.332119	-28156.531709
751936473182.000000 0.007373 0.737183	2.000000	0.046174	1.953826	0.522816	1.532089	0.046000	1.486089	0.399292	-1.285575	-0.004000	-1.281575	0.339084	-28156.531709
751936487642.000000 0.006960 0.744140	2.000000	0.046174	1.953826	0.532935	1.532089	0.046000	1.486089	0.406989	-1.285575	-0.004000	-1.281575	0.345722	-28156.531709
751936511346.000000 0.011408 0.755547	2.000000	0.046174	1.953826	0.549776	1.532089	0.046000	1.486089	0.419798	-1.285575	-0.004000	-1.281575	0.356768	-28156.531709
751936527788.000000 0.007914 0.763458	2.000000	0.046174	1.953826	0.561580	1.532089	0.046000	1.486089	0.428776	-1.285575	-0.004000	-1.281575	0.364511	-28156.531709
751936543681.000000 0.007650 0.771106	2.000000	0.046174	1.953826	0.573105	1.532089	0.046000	1.486089	0.437542	-1.285575	-0.004000	-1.281575	0.372071	-28156.531709
751936557727.000000 0.006760 0.777864	2.000000	0.046174	1.953826	0.583379	1.532089	0.046000	1.486089	0.445357	-1.285575	-0.004000	-1.281575	0.378810	-28156.531709
751936572039.000000 0.006889 0.784752	2.000000	0.046174	1.953826	0.593942	1.532089	0.046000	1.486089	0.453391	-1.285575	-0.004000	-1.281575	0.385738	-28156.531709
751936589939.000000 0.008616 0.793367	2.000000	0.046174	1.953826	0.607297	1.532089	0.046000	1.486089	0.463549	-1.285575	-0.004000	-1.281575	0.394498	-28156.531709
751936610958.000000 0.010117 0.803480	2.000000	0.064498	1.935502	0.623029	1.532089	0.064000	1.468089	0.475482	-1.285575	-0.008000	-1.277575	0.404883	-16945.548826
751936627611.000000 0.008016 0.811493	2.000000	0.064498	1.935502	0.635619	1.532089	0.064000	1.468089	0.485031	-1.285575	-0.008000	-1.277575	0.413193	-16945.548826
751936641929.000000 0.006892 0.818382	2.000000	0.064498	1.935502	0.646535	1.532089	0.064000	1.468089	0.493311	-1.285575	-0.008000	-1.277575	0.420399	-16945.548826
751936655796.000000 0.006674 0.825055	2.000000	0.064498	1.935502	0.657193	1.532089	0.064000	1.468089	0.501395	-1.285575	-0.008000	-1.277575	0.427434	-16945.548826
751936670628.000000 0.007139 0.832192	2.000000	0.064498	1.935502	0.668692	1.532089	0.064000	1.468089	0.510117	-1.285575	-0.008000	-1.277575	0.435024	-16945.548826
751936693578.000000 0.011045 0.843235	2.000000	0.064498	1.935502	0.686719	1.532089	0.064000	1.468089	0.523791	-1.285575	-0.008000	-1.277575	0.446923	-16945.548826
751936709764.000000 0.007790 0.851023	2.000000	0.064498	1.935502	0.699551	1.532089	0.064000	1.468089	0.533524	-1.285575	-0.008000	-1.277575	0.455393	-16945.548826
751936723167.000000 0.006451 0.857473	2.000000	0.064498	1.935502	0.710258	1.532089	0.064000	1.468089	0.541645	-1.285575	-0.008000	-1.277575	0.462460	-16945.548826
751936737049.000000 0.006681 0.864153	2.000000	0.064498	1.935502	0.721433	1.532089	0.064000	1.468089	0.550122	-1.285575	-0.008000	-1.277575	0.469837	-16945.548826
751936751025.000000 0.006727 0.870878	2.000000	0.064498	1.935502	0.732772	1.532089	0.064000	1.468089	0.558722	-1.285575	-0.008000	-1.277575	0.477321	-16945.548826
751936767645.000000 0.007999 0.878876	2.000000	0.064498	1.935502	0.746380	1.532089	0.064000	1.468089	0.569044	-1.285575	-0.008000	-1.277575	0.486303	-16945.548826
751936789979.000000 0.010749 0.889623	2.000000	0.064498	1.935502	0.764888	1.532089	0.064000	1.468089	0.583082	-1.285575	-0.008000	-1.277575	0.498520	-16945.548826
751936804386.000000 0.006934 0.896554	2.000000	0.085988	1.914012	0.776786	1.532089	0.085000	1.447089	0.592078	-1.285575	-0.013000	-1.272575	0.506431	-16945.548826
751936826145.000000 0.010473 0.907026	2.000000	0.085988	1.914012	0.794968	1.532089	0.085000	1.447089	0.605824	-1.285575	-0.013000	-1.272575	0.518519	-6418.851053
751936841218.000000 0.007254 0.914278	2.000000	0.085988	1.914012	0.807662	1.532089	0.085000	1.447089	0.615422	-1.285575	-0.013000	-1.272575	0.526960	-6418.851053
751936856391.000000 0.007303 0.921580	2.000000	0.085988	1.914012	0.820544	1.532089	0.085000	1.447089	0.625161	-1.285575	-0.013000	-1.272575	0.535524	-6418.851053
751936879230.000000 0.010993 0.932571	2.000000	0.085988	1.914012	0.840165	1.532089	0.085000	1.447089	0.639996	-1.285575	-0.013000	-1.272575	0.548570	-6418.851053
751936896494.000000 0.008309 0.940877	2.000000	0.085988	1.914012	0.855129	1.532089	0.085000	1.447089	0.651309	-1.285575	-0.013000	-1.272575	0.558519	-6418.851053
751936911238.000000 0.007097 0.947972	2.000000	0.085988	1.914012	0.868005	1.532089	0.085000	1.447089	0.661044	-1.285575	-0.013000	-1.272575	0.567080	-6418.851053
751936925906.000000 0.007060 0.955029	2.000000	0.085988	1.914012	0.880910	1.532089	0.085000	1.447089	0.670801	-1.285575	-0.013000	-1.272575	0.575660	-6418.851053
751936940630.000000 0.007087 0.962115	2.000000	0.085988	1.914012	0.893961	1.532089	0.085000	1.447089	0.680668	-1.285575	-0.013000	-1.272575	0.584338	-6418.851053
751936959353.000000 0.009012 0.971125	2.000000	0.085988	1.914012	0.910712	1.532089	0.085000	1.447089	0.693333	-1.285575	-0.013000	-1.272575	0.595475	-6418.851053
751936976843.000000 0.008418 0.979540	2.000000	0.085988	1.914012	0.926495	1.532089	0.085000	1.447089	0.705266	-1.285575	-0.013000	-1.272575	0.605968	-6418.851053
751936991174.000000 0.006898 0.986436	2.000000	0.085988	1.914012	0.939519	1.532089	0.085000	1.447089	0.715112	-1.285575	-0.013000	-1.272575	0.614627	-6418.851053
751937006913.000000 0.007575 0.994010	2.000000	0.085988	1.914012	0.953931	1.532089	0.085000	1.447089	0.726009	-1.285575	-0.013000	-1.272575	0.624210	-6418.851053
751937024350.000000 0.008392 1.002400	2.000000	0.110023	1.889977	0.969831	1.532089	0.108000	1.424089	0.737989	-1.285575	-0.021000	-1.264575	0.634848	2605.761875
751937043638.000000 0.009283 1.011681	2.000000	0.110023	1.889977	0.987581	1.532089	0.108000	1.424089	0.751363	-1.285575	-0.021000	-1.264575	0.646725	2605.761875
751937063267.000000 0.009447 1.021127	2.000000	0.110023	1.889977	1.005813	1.532089	0.108000	1.424089	0.765101	-1.285575	-0.021000	-1.264575	0.658924	2605.761875
751937077592.000000 0.006895 1.028020	2.000000	0.110023	1.889977	1.019210	1.532089	0.108000	1.424089	0.775196	-1.285575	-0.021000	-1.264575	0.667887	2605.761875
751937092123.000000 0.006994 1.035012	2.000000	0.110023	1.889977	1.032891	1.532089	0.108000	1.424089	0.785504	-1.285575	-0.021000	-1.264575	0.677042	2605.761875
751937112654.000000 0.009882 1.044892	2.000000	0.110023	1.889977	1.052406	1.532089	0.108000	1.424089	0.800209	-1.285575	-0.021000	-1.264575	0.690099	2605.761875
751937133426.000000 0.009997 1.054887	2.000000	0.110023	1.889977	1.072337	1.532089	0.108000	1.424089	0.815227	-1.285575	-0.021000	-1.264575	0.703435	2605.761875
751937155808.000000 0.010772 1.065657	2.000000	0.110023	1.889977	1.094033	1.532089	0.108000	1.424089	0.831575	-1.285575	-0.021000	-1.264575	0.717951	2605.761875
751937178160.000000 0.010758 1.076412	2.000000	0.110023	1.889977	1.115918	1.532089	0.108000	1.424089	0.848065	-1.285575	-0.021000	-1.264575	0.732595	2605.761875
751937200570.000000 0.010785 1.087195	2.000000	0.110023	1.889977	1.138079	1.532089	0.108000	1.424089	0.864763	-1.285575	-0.021000	-1.264575	0.747422	2605.761875
751937222717.000000 0.010659 1.097853	2.000000	0.110023	1.889977	1.160195	1.532089	0.108000	1.424089	0.881427	-1.285575	-0.021000	-1.264575	0.762220	2605.761875
751937254113.000000 0.015110 1.112962	2.000000	0.137768	1.862232	1.191513	1.532089	0.134000	1.398089	0.904939	-1.285575	-0.032000	-1.253575	0.783302	14121.155128
751937279320.000000 0.012133 1.125092	2.000000	0.137768	1.862232	1.216933	1.532089	0.134000	1.398089	0.924024	-1.285575	-0.032000	-1.253575	0.800414	14121.155128
751937303682.000000 0.011725 1.136813	2.000000	0.137768	1.862232	1.241754	1.532089	0.134000	1.398089	0.942659	-1.285575	-0.032000	-1.253575	0.817122	14121.155128
751937329138.000000 0.012251 1.149061	2.000000	0.137768	1.862232	1.267969	1.532089	0.134000	1.398089	0.962339	-1.285575	-0.032000	-1.253575	0.834769	14121.155128
751937346132.000000 0.008179 1.157240	2.000000	0.137768	1.862232	1.285595	1.532089	0.134000	1.398089	0.975573	-1.285575	-0.032000	-1.253575	0.846634	14121.155128
751937363706.000000 0.008459 1.165696	2.000000	0.137768	1.862232	1.303958	1.532089	0.134000	1.398089	0.989359	-1.285575	-0.032000	-1.253575	0.858995	14121.155128
751937380585.000000 0.008124 1.173818	2.000000	0.137768	1.862232	1.321717	1.532089	0.134000	1.398089	1.002692	-1.285575	-0.032000	-1.253575	0.870950	14121.155128
751937402889.000000 0.010734 1.184551	2.000000	0.137768	1.862232	1.345396	1.532089	0.134000	1.398089	1.020469	-1.285575	-0.032000	-1.253575	0.886890	14121.155128
751937423339.000000 0.009842 1.194390	2.000000	0.137768	1.862232	1.367287	1.532089	0.134000	1.398089	1.036904	-1.285575	-0.032000	-1.253575	0.901626	14121.155128
751937441174.000000 0.008584 1.202973	2.000000	0.137768	1.862232	1.386516	1.532089	0.134000	1.398089	1.051340	-1.285575	-0.032000	-1.253575	0.914570	14121.155128
751937462978.000000 0.010494 1.213465	2.000000	0.167720	1.832280	1.409848	1.532089	0.161000	1.371089	1.068799	-1.285575	-0.047000	-1.238575	0.930342	18366.620980
751937481874.000000 0.009095 1.222558	2.000000	0.167720	1.832280	1.430221	1.532089	0.161000	1.371089	1.084045	-1.285575	-0.047000	-1.238575	0.944113	18366.620980
751937510094.000000 0.013582 1.236137	2.000000	0.167720	1.832280	1.460983	1.532089	0.161000	1.371089	1.107063	-1.285575	-0.047000	-1.238575	0.964908	18366.620980
751937537934.000000 0.013400 1.249534	2.000000	0.167720	1.832280	1.491662	1.532089	0.161000	1.371089	1.130020	-1.285575	-0.047000	-1.238575	0.985646	18366.620980
751937554972.000000 0.008200 1.257732	2.000000	0.167720	1.832280	1.510560	1.532089	0.161000	1.371089	1.144162	-1.285575	-0.047000	-1.238575	0.998420	18366.620980
751937571745.000000 0.008073 1.265803	2.000000	0.167720	1.832280	1.529285	1.532089	0.161000	1.371089	1.158173	-1.285575	-0.047000	-1.238575	1.011078	18366.620980
751937588356.000000 0.007995 1.273795	2.000000	0.167720	1.832280	1.547944	1.532089	0.161000	1.371089	1.172136	-1.285575	-0.047000	-1.238575	1.023691	18366.620980
751937605128.000000 0.008072 1.281866	2.000000	0.167720	1.832280	1.566905	1.532089	0.161000	1.371089	1.186324	-1.285575	-0.047000	-1.238575	1.036508	18366.620980
751937621765.000000 0.008008 1.289871	2.000000	0.167720	1.832280	1.585830	1.532089	0.161000	1.371089	1.200486	-1.285575	-0.047000	-1.238575	1.049301	18366.620980
751937636779.000000 0.007227 1.297096	2.000000	0.167720	1.832280	1.603005	1.532089	0.161000	1.371089	1.213338	-1.285575	-0.047000	-1.238575	1.060911	18366.620980
751937650828.000000 0.006762 1.303856	2.000000	0.200489	1.799511	1.618871	1.532089	0.190000	1.342089	1.225171	-1.285575	-0.064000	-1.221575	1.071681	18366.620980
751937666756.000000 0.007667 1.311522	2.000000	0.200489	1.799511	1.636966	1.532089	0.190000	1.342089	1.238667	-1.285575	-0.064000	-1.221575	1.083965	29364.017865
751937685543.000000 0.009042 1.320561	2.000000	0.200489	1.799511	1.658454	1.532089	0.190000	1.342089	1.254692	-1.285575	-0.064000	-1.221575	1.098551	29364.017865
751937701207.000000 0.007539 1.328098	2.000000	0.200489	1.799511	1.676471	1.532089	0.190000	1.342089	1.268129	-1.285575	-0.064000	-1.221575	1.110782	29364.017865
751937719398.000000 0.008755 1.336852	2.000000	0.200489	1.799511	1.697532	1.532089	0.190000	1.342089	1.283837	-1.285575	-0.064000	-1.221575	1.125079	29364.017865
751937736134.000000 0.008055 1.344905	2.000000	0.200489	1.799511	1.717027	1.532089	0.190000	1.342089	1.298376	-1.285575	-0.064000	-1.221575	1.138313	29364.017865
751937752153.000000 0.007710 1.352614	2.000000	0.200489	1.799511	1.735794	1.532089	0.190000	1.342089	1.312373	-1.285575	-0.064000	-1.221575	1.151053	29364.017865
751937765682.000000 0.006512 1.359123	2.000000	0.200489	1.799511	1.751720	1.532089	0.190000	1.342089	1.324251	-1.285575	-0.064000	-1.221575	1.161865	29364.017865
751937779127.000000 0.006471 1.365592	2.000000	0.200489	1.799511	1.767622	1.532089	0.190000	1.342089	1.336111	-1.285575	-0.064000	-1.221575	1.172659	29364.017865
751937792958.000000 0.006657 1.372248	2.000000	0.200489	1.799511	1.784062	1.532089	0.190000	1.342089	1.348372	-1.285575	-0.064000	-1.221575	1.183819	29364.017865
751937806867.000000 0.006695 1.378942	2.000000	0.200489	1.799511	1.800676	1.532089	0.190000	1.342089	1.360762	-1.285575	-0.064000	-1.221575	1.195097	29364.017865
751937822808.000000 0.007673 1.386612	2.000000	0.200489	1.799511	1.819822	1.532089	0.190000	1.342089	1.375042	-1.285575	-0.064000	-1.221575	1.208094	29364.017865
751937838120.000000 0.007371 1.393981	2.000000	0.200489	1.799511	1.838311	1.532089	0.190000	1.342089	1.388831	-1.285575	-0.064000	-1.221575	1.220646	29364.017865
751937852920.000000 0.007124 1.401102	2.000000	0.200489	1.799511	1.856272	1.532089	0.190000	1.342089	1.402227	-1.285575	-0.064000	-1.221575	1.232838	29364.017865
751937870075.000000 0.008257 1.409357	2.000000	0.236783	1.763217	1.876790	1.532089	0.221000	1.311089	1.417483	-1.285575	-0.085000	-1.200575	1.246809	33623.514030
751937887779.000000 0.008521 1.417876	2.000000	0.236783	1.763217	1.898093	1.532089	0.221000	1.311089	1.433323	-1.285575	-0.085000	-1.200575	1.261314	33623.514030
751937903753.000000 0.007689 1.425563	2.000000	0.236783	1.763217	1.917419	1.532089	0.221000	1.311089	1.447694	-1.285575	-0.085000	-1.200575	1.274473	33623.514030
751937920928.000000 0.008267 1.433827	2.000000	0.236783	1.763217	1.938319	1.532089	0.221000	1.311089	1.463235	-1.285575	-0.085000	-1.200575	1.288704	33623.514030
751937937064.000000 0.007767 1.441592	2.000000	0.236783	1.763217	1.958063	1.532089	0.221000	1.311089	1.477916	-1.285575	-0.085000	-1.200575	1.302148	33623.514030
751937954334.000000 0.008312 1.449901	2.000000	0.236783	1.763217	1.979313	1.532089	0.221000	1.311089	1.493717	-1.285575	-0.085000	-1.200575	1.316617	33623.514030
751937969879.000000 0.007482 1.457381	2.000000	0.236783	1.763217	1.998538	1.532089	0.221000	1.311089	1.508012	-1.285575	-0.085000	-1.200575	1.329707	33623.514030
751937985265.000000 0.007407 1.464787	2.000000	0.236783	1.763217	2.017668	1.532089	0.221000	1.311089	1.522237	-1.285575	-0.085000	-1.200575	1.342733	33623.514030
751937999940.000000 0.007064 1.471847	2.000000	0.236783	1.763217	2.036000	1.532089	0.221000	1.311089	1.535868	-1.285575	-0.085000	-1.200575	1.355215	33623.514030
751938017381.000000 0.008394 1.480239	2.000000	0.236783	1.763217	2.057910	1.532089	0.221000	1.311089	1.552160	-1.285575	-0.085000	-1.200575	1.370133	33623.514030
751938032436.000000 0.007246 1.487483	2.000000	0.236783	1.763217	2.076915	1.532089	0.221000	1.311089	1.566292	-1.285575	-0.085000	-1.200575	1.383074	33623.514030
751938048229.000000 0.007601 1.495083	2.000000	0.236783	1.763217	2.096953	1.532089	0.221000	1.311089	1.581192	-1.285575	-0.085000	-1.200575	1.396718	33623.514030
751938063784.000000 0.007487 1.502568	2.000000	0.236783	1.763217	2.116790	1.532089	0.221000	1.311089	1.595942	-1.285575	-0.085000	-1.200575	1.410225	33623.514030
751938079870.000000 0.007743 1.510309	2.000000	0.274962	1.725038	2.136963	1.532089	0.252000	1.280089	1.610911	-1.285575	-0.110000	-1.175575	1.423972	37827.254776
751938098052.000000 0.008751 1.519059	2.000000	0.274962	1.725038	2.159895	1.532089	0.252000	1.280089	1.627929	-1.285575	-0.110000	-1.175575	1.439600	37827.254776
751938113251.000000 0.007316 1.526371	2.000000	0.274962	1.725038	2.179157	1.532089	0.252000	1.280089	1.642222	-1.285575	-0.110000	-1.175575	1.452727	37827.254776
751938130403.000000 0.008255 1.534625	2.000000	0.274962	1.725038	2.201012	1.532089	0.252000	1.280089	1.658440	-1.285575	-0.110000	-1.175575	1.467620	37827.254776
751938146228.000000 0.007617 1.542239	2.000000	0.274962	1.725038	2.221276	1.532089	0.252000	1.280089	1.673477	-1.285575	-0.110000	-1.175575	1.481429	37827.254776
751938162139.000000 0.007659 1.549896	2.000000	0.274962	1.725038	2.241752	1.532089	0.252000	1.280089	1.688672	-1.285575	-0.110000	-1.175575	1.495384	37827.254776
751938176099.000000 0.006719 1.556612	2.000000	0.274962	1.725038	2.259795	1.532089	0.252000	1.280089	1.702061	-1.285575	-0.110000	-1.175575	1.507679	37827.254776
751938191335.000000 0.007333 1.563944	2.000000	0.274962	1.725038	2.279579	1.532089	0.252000	1.280089	1.716742	-1.285575	-0.110000	-1.175575	1.521162	37827.254776
751938205619.000000 0.006876 1.570819	2.000000	0.274962	1.725038	2.298211	1.532089	0.252000	1.280089	1.730568	-1.285575	-0.110000	-1.175575	1.533859	37827.254776
751938221646.000000 0.007714 1.578529	2.000000	0.274962	1.725038	2.319216	1.532089	0.252000	1.280089	1.746155	-1.285575	-0.110000	-1.175575	1.548174	37827.254776
751938235864.000000 0.006844 1.585371	2.000000	0.274962	1.725038	2.337932	1.532089	0.252000	1.280089	1.760043	-1.285575	-0.110000	-1.175575	1.560928	37827.254776
751938249650.000000 0.006635 1.592005	2.000000	0.274962	1.725038	2.356154	1.532089	0.252000	1.280089	1.773565	-1.285575	-0.110000	-1.175575	1.573346	37827.254776
751938265288.000000 0.007527 1.599529	2.000000	0.274962	1.725038	2.376922	1.532089	0.252000	1.280089	1.788977	-1.285575	-0.110000	-1.175575	1.587499	37827.254776
751938279701.000000 0.006937 1.606465	2.000000	0.316653	1.683347	2.395682	1.532089	0.285000	1.247089	1.802875	-1.285575	-0.138000	-1.147575	1.600288	36941.409996
751938295604.000000 0.007654 1.614118	2.000000	0.316653	1.683347	2.416480	1.532089	0.285000	1.247089	1.818283	-1.285575	-0.138000	-1.147575	1.614467	36941.409996
751938314759.000000 0.009220 1.623336	2.000000	0.316653	1.683347	2.441674	1.532089	0.285000	1.247089	1.836947	-1.285575	-0.138000	-1.147575	1.631642	36941.409996
751938336440.000000 0.010435 1.633767	2.000000	0.316653	1.683347	2.470371	1.532089	0.285000	1.247089	1.858207	-1.285575	-0.138000	-1.147575	1.651205	36941.409996
751938349795.000000 0.006428 1.640194	2.000000	0.316653	1.683347	2.488120	1.532089	0.285000	1.247089	1.871356	-1.285575	-0.138000	-1.147575	1.663305	36941.409996
751938363780.000000 0.006731 1.646923	2.000000	0.316653	1.683347	2.506781	1.532089	0.285000	1.247089	1.885181	-1.285575	-0.138000	-1.147575	1.676027	36941.409996
751938378444.000000 0.007059 1.653981	2.000000	0.316653	1.683347	2.526434	1.532089	0.285000	1.247089	1.899741	-1.285575	-0.138000	-1.147575	1.689425	36941.409996
751938396246.000000 0.008569 1.662546	2.000000	0.316653	1.683347	2.550415	1.532089	0.285000	1.247089	1.917507	-1.285575	-0.138000	-1.147575	1.705773	36941.409996
751938414939.000000 0.008997 1.671541	2.000000	0.316653	1.683347	2.575730	1.532089	0.285000	1.247089	1.936261	-1.285575	-0.138000	-1.147575	1.723031	36941.409996
751938432990.000000 0.008688 1.680227	2.000000	0.316653	1.683347	2.600304	1.532089	0.285000	1.247089	1.954467	-1.285575	-0.138000	-1.147575	1.739784	36941.409996
751938450645.000000 0.008497 1.688722	2.000000	0.316653	1.683347	2.624460	1.532089	0.285000	1.247089	1.972362	-1.285575	-0.138000	-1.147575	1.756251	36941.409996
751938467425.000000 0.008076 1.696796	2.000000	0.316653	1.683347	2.647528	1.532089	0.285000	1.247089	1.989452	-1.285575	-0.138000	-1.147575	1.771977	36941.409996
751938484100.000000 0.008027 1.704822	2.000000	0.361001	1.638999	2.669956	1.532089	0.319000	1.213089	2.006052	-1.285575	-0.169000	-1.116575	1.787257	33592.084003
751938502060.000000 0.008645 1.713464	2.000000	0.361001	1.638999	2.694235	1.532089	0.319000	1.213089	2.024022	-1.285575	-0.169000	-1.116575	1.803796	33592.084003
751938517438.000000 0.007401 1.720862	2.000000	0.361001	1.638999	2.715110	1.532089	0.319000	1.213089	2.039472	-1.285575	-0.169000	-1.116575	1.818018	33592.084003
751938530293.000000 0.006188 1.727047	2.000000	0.361001	1.638999	2.732625	1.532089	0.319000	1.213089	2.052436	-1.285575	-0.169000	-1.116575	1.829950	33592.084003
751938543870.000000 0.006535 1.733581	2.000000	0.361001	1.638999	2.751192	1.532089	0.319000	1.213089	2.066178	-1.285575	-0.169000	-1.116575	1.842599	33592.084003
751938560983.000000 0.008238 1.741817	2.000000	0.361001	1.638999	2.774709	1.532089	0.319000	1.213089	2.083583	-1.285575	-0.169000	-1.116575	1.858620	33592.084003
751938578568.000000 0.008464 1.750278	2.000000	0.361001	1.638999	2.798990	1.532089	0.319000	1.213089	2.101555	-1.285575	-0.169000	-1.116575	1.875161	33592.084003
751938596887.000000 0.008818 1.759093	2.000000	0.361001	1.638999	2.824413	1.532089	0.319000	1.213089	2.120372	-1.285575	-0.169000	-1.116575	1.892481	33592.084003
751938616345.000000 0.009365 1.768458	2.000000	0.361001	1.638999	2.851559	1.532089	0.319000	1.213089	2.140463	-1.285575	-0.169000	-1.116575	1.910974	33592.084003
751938634216.000000 0.008602 1.777056	2.000000	0.361001	1.638999	2.876612	1.532089	0.319000	1.213089	2.159006	-1.285575	-0.169000	-1.116575	1.928042	33592.084003
751938650546.000000 0.007860 1.784913	2.000000	0.361001	1.638999	2.899606	1.532089	0.319000	1.213089	2.176025	-1.285575	-0.169000	-1.116575	1.943706	33592.084003
751938666656.000000 0.007754 1.792665	2.000000	0.361001	1.638999	2.922388	1.532089	0.319000	1.213089	2.192887	-1.285575	-0.169000	-1.116575	1.959227	33592.084003
751938681189.000000 0.006996 1.799659	2.000000	0.361001	1.638999	2.943024	1.532089	0.319000	1.213089	2.208160	-1.285575	-0.169000	-1.116575	1.973285	33592.084003
751938696237.000000 0.007243 1.806900	2.000000	0.409317	1.590683	2.963843	1.532089	0.356000	1.176089	2.223553	-1.285575	-0.202000	-1.083575	1.987467	27741.105805
751938712534.000000 0.007844 1.814741	2.000000	0.409317	1.590683	2.986486	1.532089	0.356000	1.176089	2.240294	-1.285575	-0.202000	-1.083575	2.002891	27741.105805
751938727823.000000 0.007359 1.822098	2.000000	0.409317	1.590683	3.007815	1.532089	0.356000	1.176089	2.256064	-1.285575	-0.202000	-1.083575	2.017421	27741.105805
751938741143.000000 0.006411 1.828507	2.000000	0.409317	1.590683	3.026463	1.532089	0.356000	1.176089	2.269852	-1.285575	-0.202000	-1.083575	2.030124	27741.105805
751938756452.000000 0.007368 1.835874	2.000000	0.409317	1.590683	3.047981	1.532089	0.356000	1.176089	2.285761	-1.285575	-0.202000	-1.083575	2.044782	27741.105805
751938770382.000000 0.006705 1.842577	2.000000	0.409317	1.590683	3.067634	1.532089	0.356000	1.176089	2.300292	-1.285575	-0.202000	-1.083575	2.058170	27741.105805
751938786094.000000 0.007562 1.850138	2.000000	0.409317	1.590683	3.089890	1.532089	0.356000	1.176089	2.316747	-1.285575	-0.202000	-1.083575	2.073331	27741.105805
751938799990.000000 0.006689 1.856824	2.000000	0.409317	1.590683	3.109646	1.532089	0.356000	1.176089	2.331354	-1.285575	-0.202000	-1.083575	2.086788	27741.105805
751938816185.000000 0.007795 1.864617	2.000000	0.409317	1.590683	3.132765	1.532089	0.356000	1.176089	2.348448	-1.285575	-0.202000	-1.083575	2.102537	27741.105805
751938830617.000000 0.006946 1.871561	2.000000	0.409317	1.590683	3.153445	1.532089	0.356000	1.176089	2.363738	-1.285575	-0.202000	-1.083575	2.116624	27741.105805
751938843897.000000 0.006392 1.877952	2.000000	0.409317	1.590683	3.172540	1.532089	0.356000	1.176089	2.377856	-1.285575	-0.202000	-1.083575	2.129632	27741.105805
751938859273.000000 0.007401 1.885350	2.000000	0.409317	1.590683	3.194735	1.532089	0.356000	1.176089	2.394266	-1.285575	-0.202000	-1.083575	2.144751	27741.105805
751938872490.000000 0.006361 1.891710	2.000000	0.409317	1.590683	3.213877	1.532089	0.356000	1.176089	2.408418	-1.285575	-0.202000	-1.083575	2.157790	27741.105805
751938885093.000000 0.006066 1.897774	2.000000	0.409317	1.590683	3.232190	1.532089	0.356000	1.176089	2.421958	-1.285575	-0.202000	-1.083575	2.170265	27741.105805
751938901380.000000 0.007839 1.905611	2.000000	0.460132	1.539868	3.255193	1.532089	0.395000	1.137089	2.438944	-1.285575	-0.236000	-1.049575	2.185944	19215.021678
751938915974.000000 0.007025 1.912635	2.000000	0.460132	1.539868	3.275883	1.532089	0.395000	1.137089	2.454222	-1.285575	-0.236000	-1.049575	2.200046	19215.021678
751938929676.000000 0.006595 1.919227	2.000000	0.460132	1.539868	3.295374	1.532089	0.395000	1.137089	2.468615	-1.285575	-0.236000	-1.049575	2.213332	19215.021678
751938942673.000000 0.006255 1.925481	2.000000	0.460132	1.539868	3.313921	1.532089	0.395000	1.137089	2.482311	-1.285575	-0.236000	-1.049575	2.225973	19215.021678
751938955449.000000 0.006150 1.931629	2.000000	0.460132	1.539868	3.332213	1.532089	0.395000	1.137089	2.495819	-1.285575	-0.236000	-1.049575	2.238441	19215.021678
751938968092.000000 0.006086 1.937713	2.000000	0.460132	1.539868	3.350372	1.532089	0.395000	1.137089	2.509228	-1.285575	-0.236000	-1.049575	2.250818	19215.021678
751938981048.000000 0.006236 1.943947	2.000000	0.460132	1.539868	3.369039	1.532089	0.395000	1.137089	2.523012	-1.285575	-0.236000	-1.049575	2.263542	19215.021678
751938993722.000000 0.006101 1.950046	2.000000	0.460132	1.539868	3.387360	1.532089	0.395000	1.137089	2.536541	-1.285575	-0.236000	-1.049575	2.276029	19215.021678
751939006655.000000 0.006225 1.956269	2.000000	0.460132	1.539868	3.406111	1.532089	0.395000	1.137089	2.550387	-1.285575	-0.236000	-1.049575	2.288810	19215.021678
751939019603.000000 0.006233 1.962500	2.000000	0.460132	1.539868	3.424947	1.532089	0.395000	1.137089	2.564296	-1.285575	-0.236000	-1.049575	2.301648	19215.021678
751939033138.000000 0.006514 1.969012	2.000000	0.460132	1.539868	3.444698	1.532089	0.395000	1.137089	2.578881	-1.285575	-0.236000	-1.049575	2.315111	19215.021678
751939047167.000000 0.006753 1.975764	2.000000	0.460132	1.539868	3.465242	1.532089	0.395000	1.137089	2.594052	-1.285575	-0.236000	-1.049575	2.329114	19215.021678
751939059624.000000 0.005996 1.981758	2.000000	0.460132	1.539868	3.483541	1.532089	0.395000	1.137089	2.607564	-1.285575	-0.236000	-1.049575	2.341586	19215.021678
751939072898.000000 0.006389 1.988144	2.000000	0.460132	1.539868	3.503100	1.532089	0.395000	1.137089	2.622007	-1.285575	-0.236000	-1.049575	2.354917	19215.021678
751939085711.000000 0.006167 1.994309	2.000000	0.460132	1.539868	3.522038	1.532089	0.395000	1.137089	2.635992	-1.285575	-0.236000	-1.049575	2.367826	19215.021678
751939098633.000000 0.006220 2.000528	2.000000	0.460132	1.539868	3.541199	1.532089	0.395000	1.137089	2.650141	-1.285575	-0.236000	-1.049575	2.380886	19215.021678
751939112365.000000 0.006610 2.007137	2.000000	0.515058	1.484942	3.560899	1.532089	0.438000	1.094089	2.664655	-1.285575	-0.271000	-1.014575	2.394346	11373.451195
751939126505.000000 0.006806 2.013941	2.000000	0.515058	1.484942	3.581254	1.532089	0.438000	1.094089	2.679653	-1.285575	-0.271000	-1.014575	2.408253	11373.451195
751939140215.000000 0.006599 2.020537	2.000000	0.515058	1.484942	3.601054	1.532089	0.438000	1.094089	2.694241	-1.285575	-0.271000	-1.014575	2.421781	11373.451195
751939153747.000000 0.006513 2.027048	2.000000	0.515058	1.484942	3.620660	1.532089	0.438000	1.094089	2.708686	-1.285575	-0.271000	-1.014575	2.435177	11373.451195
751939167080.000000 0.006418 2.033464	2.000000	0.515058	1.484942	3.640038	1.532089	0.438000	1.094089	2.722964	-1.285575	-0.271000	-1.014575	2.448417	11373.451195
751939180134.000000 0.006283 2.039745	2.000000	0.515058	1.484942	3.659070	1.532089	0.438000	1.094089	2.736987	-1.285575	-0.271000	-1.014575	2.461420	11373.451195
751939192784.000000 0.006089 2.045833	2.000000	0.515058	1.484942	3.677568	1.532089	0.438000	1.094089	2.750616	-1.285575	-0.271000	-1.014575	2.474059	11373.451195
751939205736.000000 0.006234 2.052065	2.000000	0.515058	1.484942	3.696564	1.532089	0.438000	1.094089	2.764612	-1.285575	-0.271000	-1.014575	2.487038	11373.451195
751939219152.000000 0.006457 2.058520	2.000000	0.515058	1.484942	3.716302	1.532089	0.438000	1.094089	2.779154	-1.285575	-0.271000	-1.014575	2.500524	11373.451195
751939232119.000000 0.006241 2.064760	2.000000	0.515058	1.484942	3.735437	1.532089	0.438000	1.094089	2.793253	-1.285575	-0.271000	-1.014575	2.513598	11373.451195
751939244892.000000 0.006148 2.070907	2.000000	0.515058	1.484942	3.754344	1.532089	0.438000	1.094089	2.807183	-1.285575	-0.271000	-1.014575	2.526516	11373.451195
751939257302.000000 0.005973 2.076878	2.000000	0.515058	1.484942	3.772765	1.532089	0.438000	1.094089	2.820756	-1.285575	-0.271000	-1.014575	2.539102	11373.451195
751939271225.000000 0.006701 2.083578	2.000000	0.515058	1.484942	3.793498	1.532089	0.438000	1.094089	2.836032	-1.285575	-0.271000	-1.014575	2.553267	11373.451195
751939284270.000000 0.006279 2.089855	2.000000	0.515058	1.484942	3.812984	1.532089	0.438000	1.094089	2.850389	-1.285575	-0.271000	-1.014575	2.566581	11373.451195
751939297067.000000 0.006160 2.096014	2.000000	0.515058	1.484942	3.832157	1.532089	0.438000	1.094089	2.864516	-1.285575	-0.271000	-1.014575	2.579681	11373.451195
751939312357.000000 0.007360 2.103372	2.000000	0.572619	1.427381	3.854254	1.532089	0.484000	1.048089	2.880740	-1.285575	-0.306000	-0.979575	2.594845	11373.451195
751939330821.000000 0.008887 2.112256	2.000000	0.572619	1.427381	3.881049	1.532089	0.484000	1.048089	2.900415	-1.285575	-0.306000	-0.979575	2.613234	4879.598055
751939349547.000000 0.009013 2.121267	2.000000	0.572619	1.427381	3.908338	1.532089	0.484000	1.048089	2.920453	-1.285575	-0.306000	-0.979575	2.631962	4879.598055
751939365959.000000 0.007900 2.129164	2.000000	0.572619	1.427381	3.932346	1.532089	0.484000	1.048089	2.938082	-1.285575	-0.306000	-0.979575	2.648438	4879.598055
751939382325.000000 0.007878 2.137040	2.000000	0.572619	1.427381	3.956376	1.532089	0.484000	1.048089	2.955726	-1.285575	-0.306000	-0.979575	2.664929	4879.598055
751939399051.000000 0.008051 2.145088	2.000000	0.572619	1.427381	3.981026	1.532089	0.484000	1.048089	2.973826	-1.285575	-0.306000	-0.979575	2.681846	4879.598055
751939416256.000000 0.008281 2.153366	2.000000	0.572619	1.427381	4.006479	1.532089	0.484000	1.048089	2.992515	-1.285575	-0.306000	-0.979575	2.699313	4879.598055
751939432129.000000 0.007640 2.161005	2.000000	0.572619	1.427381	4.030046	1.532089	0.484000	1.048089	3.009820	-1.285575	-0.306000	-0.979575	2.715487	4879.598055
751939448968.000000 0.008105 2.169108	2.000000	0.572619	1.427381	4.055141	1.532089	0.484000	1.048089	3.028247	-1.285575	-0.306000	-0.979575	2.732709	4879.598055
751939465913.000000 0.008156 2.177260	2.000000	0.572619	1.427381	4.080487	1.532089	0.484000	1.048089	3.046858	-1.285575	-0.306000	-0.979575	2.750103	4879.598055
751939482455.000000 0.007962 2.185220	2.000000	0.572619	1.427381	4.105321	1.532089	0.484000	1.048089	3.065093	-1.285575	-0.306000	-0.979575	2.767146	4879.598055
751939500385.000000 0.008630 2.193848	2.000000	0.572619	1.427381	4.132345	1.532089	0.484000	1.048089	3.084935	-1.285575	-0.306000	-0.979575	2.785692	4879.598055
751939517965.000000 0.008462 2.202308	2.000000	0.572619	1.427381	4.158944	1.532089	0.484000	1.048089	3.104467	-1.285575	-0.306000	-0.979575	2.803947	4879.598055
751939539037.000000 0.010142 2.212448	2.000000	0.633053	1.366947	4.189617	1.532089	0.534000	0.998089	3.126863	-1.285575	-0.340000	-0.945575	2.825164	-502.293162
751939557930.000000 0.009094 2.221539	2.000000	0.633053	1.366947	4.217232	1.532089	0.534000	0.998089	3.147026	-1.285575	-0.340000	-0.945575	2.844267	-502.293162
751939574529.000000 0.007989 2.229526	2.000000	0.633053	1.366947	4.241580	1.532089	0.534000	0.998089	3.164804	-1.285575	-0.340000	-0.945575	2.861109	-502.293162
751939590917.000000 0.007888 2.237412	2.000000	0.633053	1.366947	4.265706	1.532089	0.534000	0.998089	3.182419	-1.285575	-0.340000	-0.945575	2.877798	-502.293162
751939607328.000000 0.007900 2.245310	2.000000	0.633053	1.366947	4.289952	1.532089	0.534000	0.998089	3.200123	-1.285575	-0.340000	-0.945575	2.894570	-502.293162
751939623651.000000 0.007858 2.253164	2.000000	0.633053	1.366947	4.314153	1.532089	0.534000	0.998089	3.217794	-1.285575	-0.340000	-0.945575	2.911311	-502.293162
751939643065.000000 0.009344 2.262505	2.000000	0.633053	1.366947	4.343051	1.532089	0.534000	0.998089	3.238894	-1.285575	-0.340000	-0.945575	2.931301	-502.293162
751939659929.000000 0.008117 2.270620	2.000000	0.633053	1.366947	4.368246	1.532089	0.534000	0.998089	3.257290	-1.285575	-0.340000	-0.945575	2.948729	-502.293162
751939676941.000000 0.008189 2.278806	2.000000	0.633053	1.366947	4.393754	1.532089	0.534000	0.998089	3.275915	-1.285575	-0.340000	-0.945575	2.966374	-502.293162
751939695902.000000 0.009126 2.287930	2.000000	0.633053	1.366947	4.422295	1.532089	0.534000	0.998089	3.296754	-1.285575	-0.340000	-0.945575	2.986117	-502.293162
751939713298.000000 0.008373 2.296300	2.000000	0.633053	1.366947	4.448576	1.532089	0.534000	0.998089	3.315944	-1.285575	-0.340000	-0.945575	3.004297	-502.293162
751939730641.000000 0.008348 2.304646	2.000000	0.693797	1.306203	4.473706	1.532089	0.585000	0.947089	3.334165	-1.285575	-0.373000	-0.912575	3.021854	-3283.483987
751939748037.000000 0.008373 2.313018	2.000000	0.693797	1.306203	4.499003	1.532089	0.585000	0.947089	3.352507	-1.285575	-0.373000	-0.912575	3.039528	-3283.483987
751939765994.000000 0.008643 2.321658	2.000000	0.693797	1.306203	4.525213	1.532089	0.585000	0.947089	3.371511	-1.285575	-0.373000	-0.912575	3.057839	-3283.483987
751939783290.000000 0.008325 2.329980	2.000000	0.693797	1.306203	4.550548	1.532089	0.585000	0.947089	3.389881	-1.285575	-0.373000	-0.912575	3.075540	-3283.483987
751939799925.000000 0.008007 2.337984	2.000000	0.693797	1.306203	4.574999	1.532089	0.585000	0.947089	3.407610	-1.285575	-0.373000	-0.912575	3.092622	-3283.483987
751939817169.000000 0.008300 2.346283	2.000000	0.693797	1.306203	4.600437	1.532089	0.585000	0.947089	3.426054	-1.285575	-0.373000	-0.912575	3.110394	-3283.483987
751939833342.000000 0.007784 2.354064	2.000000	0.693797	1.306203	4.624371	1.532089	0.585000	0.947089	3.443408	-1.285575	-0.373000	-0.912575	3.127116	-3283.483987
751939849428.000000 0.007742 2.361805	2.000000	0.693797	1.306203	4.648256	1.532089	0.585000	0.947089	3.460726	-1.285575	-0.373000	-0.912575	3.143803	-3283.483987
751939866290.000000 0.008116 2.369918	2.000000	0.693797	1.306203	4.673379	1.532089	0.585000	0.947089	3.478942	-1.285575	-0.373000	-0.912575	3.161355	-3283.483987
751939883638.000000 0.008350 2.378267	2.000000	0.693797	1.306203	4.699319	1.532089	0.585000	0.947089	3.497750	-1.285575	-0.373000	-0.912575	3.179478	-3283.483987
751939899846.000000 0.007801 2.386066	2.000000	0.693797	1.306203	4.723632	1.532089	0.585000	0.947089	3.515379	-1.285575	-0.373000	-0.912575	3.196465	-3283.483987
751939915950.000000 0.007751 2.393815	2.000000	0.693797	1.306203	4.747869	1.532089	0.585000	0.947089	3.532952	-1.285575	-0.373000	-0.912575	3.213397	-3283.483987
751939932150.000000 0.007797 2.401609	2.000000	0.693797	1.306203	4.772327	1.532089	0.585000	0.947089	3.550686	-1.285575	-0.373000	-0.912575	3.230485	-3283.483987
751939948593.000000 0.007915 2.409523	2.000000	0.754003	1.245997	4.796089	1.532089	0.636000	0.896089	3.567775	-1.285575	-0.405000	-0.880575	3.247278	5135.877532
751939970874.000000 0.010724 2.420245	2.000000	0.754003	1.245997	4.828428	1.532089	0.636000	0.896089	3.591032	-1.285575	-0.405000	-0.880575	3.270133	5135.877532
751939988691.000000 0.008576 2.428817	2.000000	0.754003	1.245997	4.854381	1.532089	0.636000	0.896089	3.609697	-1.285575	-0.405000	-0.880575	3.288474	5135.877532
751940005249.000000 0.007970 2.436785	2.000000	0.754003	1.245997	4.878579	1.532089	0.636000	0.896089	3.627100	-1.285575	-0.405000	-0.880575	3.305576	5135.877532
751940021481.000000 0.007813 2.444595	2.000000	0.754003	1.245997	4.902376	1.532089	0.636000	0.896089	3.644214	-1.285575	-0.405000	-0.880575	3.322394	5135.877532
751940038611.000000 0.008245 2.452840	2.000000	0.754003	1.245997	4.927575	1.532089	0.636000	0.896089	3.662337	-1.285575	-0.405000	-0.880575	3.340203	5135.877532
751940055710.000000 0.008231 2.461067	2.000000	0.754003	1.245997	4.952815	1.532089	0.636000	0.896089	3.680488	-1.285575	-0.405000	-0.880575	3.358040	5135.877532
751940072429.000000 0.008047 2.469112	2.000000	0.754003	1.245997	4.977573	1.532089	0.636000	0.896089	3.698294	-1.285575	-0.405000	-0.880575	3.375537	5135.877532
751940089518.000000 0.008225 2.477334	2.000000	0.754003	1.245997	5.002962	1.532089	0.636000	0.896089	3.716553	-1.285575	-0.405000	-0.880575	3.393480	5135.877532
751940105969.000000 0.007918 2.485251	2.000000	0.754003	1.245997	5.027481	1.532089	0.636000	0.896089	3.734186	-1.285575	-0.405000	-0.880575	3.410808	5135.877532
751940122851.000000 0.008126 2.493374	2.000000	0.754003	1.245997	5.052726	1.532089	0.636000	0.896089	3.752342	-1.285575	-0.405000	-0.880575	3.428649	5135.877532
751940139593.000000 0.008058 2.501430	2.000000	0.754003	1.245997	5.077841	1.532089	0.636000	0.896089	3.770404	-1.285575	-0.405000	-0.880575	3.446399	5135.877532
751940156744.000000 0.008255 2.509683	2.000000	0.814443	1.185557	5.102402	1.532089	0.686000	0.846089	3.787932	-1.285575	-0.439000	-0.846575	3.463937	9329.046442
751940177187.000000 0.009840 2.519521	2.000000	0.814443	1.185557	5.131794	1.532089	0.686000	0.846089	3.808908	-1.285575	-0.439000	-0.846575	3.484925	9329.046442
751940194248.000000 0.008212 2.527729	2.000000	0.814443	1.185557	5.156402	1.532089	0.686000	0.846089	3.826470	-1.285575	-0.439000	-0.846575	3.502497	9329.046442
751940211007.000000 0.008068 2.535796	2.000000	0.814443	1.185557	5.180656	1.532089	0.686000	0.846089	3.843779	-1.285575	-0.439000	-0.846575	3.519816	9329.046442
751940227595.000000 0.007984 2.543776	2.000000	0.814443	1.185557	5.204736	1.532089	0.686000	0.846089	3.860964	-1.285575	-0.439000	-0.846575	3.537011	9329.046442
751940244097.000000 0.007942 2.551716	2.000000	0.814443	1.185557	5.228762	1.532089	0.686000	0.846089	3.878111	-1.285575	-0.439000	-0.846575	3.554168	9329.046442
751940259918.000000 0.007615 2.559329	2.000000	0.814443	1.185557	5.251867	1.532089	0.686000	0.846089	3.894600	-1.285575	-0.439000	-0.846575	3.570666	9329.046442
751940275954.000000 0.007719 2.567047	2.000000	0.814443	1.185557	5.275360	1.532089	0.686000	0.846089	3.911366	-1.285575	-0.439000	-0.846575	3.587442	9329.046442
751940292216.000000 0.007828 2.574871	2.000000	0.814443	1.185557	5.299255	1.532089	0.686000	0.846089	3.928419	-1.285575	-0.439000	-0.846575	3.604505	9329.046442
751940308565.000000 0.007869 2.582738	2.000000	0.814443	1.185557	5.323349	1.532089	0.686000	0.846089	3.945614	-1.285575	-0.439000	-0.846575	3.621710	9329.046442
751940324774.000000 0.007801 2.590537	2.000000	0.814443	1.185557	5.347308	1.532089	0.686000	0.846089	3.962713	-1.285575	-0.439000	-0.846575	3.638818	9329.046442
751940340571.000000 0.007603 2.598139	2.000000	0.814443	1.185557	5.370728	1.532089	0.686000	0.846089	3.979427	-1.285575	-0.439000	-0.846575	3.655542	9329.046442
751940356766.000000 0.007795 2.605932	2.000000	0.874586	1.125414	5.393590	1.532089	0.735000	0.797089	3.995619	-1.285575	-0.474000	-0.811575	3.672028	8107.462714
751940374919.000000 0.008737 2.614668	2.000000	0.874586	1.125414	5.419301	1.532089	0.735000	0.797089	4.013829	-1.285575	-0.474000	-0.811575	3.690569	8107.462714
751940392325.000000 0.008378 2.623043	2.000000	0.874586	1.125414	5.444031	1.532089	0.735000	0.797089	4.031345	-1.285575	-0.474000	-0.811575	3.708403	8107.462714
751940409524.000000 0.008278 2.631318	2.000000	0.874586	1.125414	5.468545	1.532089	0.735000	0.797089	4.048707	-1.285575	-0.474000	-0.811575	3.726081	8107.462714
751940425603.000000 0.007739 2.639056	2.000000	0.874586	1.125414	5.491532	1.532089	0.735000	0.797089	4.064987	-1.285575	-0.474000	-0.811575	3.742657	8107.462714
751940443451.000000 0.008590 2.647643	2.000000	0.874586	1.125414	5.517128	1.532089	0.735000	0.797089	4.083116	-1.285575	-0.474000	-0.811575	3.761116	8107.462714
751940459338.000000 0.007647 2.655288	2.000000	0.874586	1.125414	5.539978	1.532089	0.735000	0.797089	4.099300	-1.285575	-0.474000	-0.811575	3.777594	8107.462714
751940477339.000000 0.008664 2.663951	2.000000	0.874586	1.125414	5.565954	1.532089	0.735000	0.797089	4.117698	-1.285575	-0.474000	-0.811575	3.796326	8107.462714
751940494397.000000 0.008210 2.672159	2.000000	0.874586	1.125414	5.590644	1.532089	0.735000	0.797089	4.135185	-1.285575	-0.474000	-0.811575	3.814131	8107.462714
751940511295.000000 0.008134 2.680290	2.000000	0.874586	1.125414	5.615179	1.532089	0.735000	0.797089	4.152562	-1.285575	-0.474000	-0.811575	3.831824	8107.462714
751940527812.000000 0.007950 2.688238	2.000000	0.874586	1.125414	5.639230	1.532089	0.735000	0.797089	4.169597	-1.285575	-0.474000	-0.811575	3.849168	8107.462714
751940544123.000000 0.007851 2.696087	2.000000	0.874586	1.125414	5.663052	1.532089	0.735000	0.797089	4.186469	-1.285575	-0.474000	-0.811575	3.866347	8107.462714
751940560886.000000 0.008069 2.704153	2.000000	0.934992	1.065008	5.686289	1.532089	0.783000	0.749089	4.202813	-1.285575	-0.511000	-0.774575	3.883247	8107.462714
751940578959.000000 0.008699 2.712851	2.000000	0.934992	1.065008	5.711424	1.532089	0.783000	0.749089	4.220492	-1.285575	-0.511000	-0.774575	3.901527	4292.483965
751940596607.000000 0.008494 2.721342	2.000000	0.934992	1.065008	5.736041	1.532089	0.783000	0.749089	4.237807	-1.285575	-0.511000	-0.774575	3.919432	4292.483965
751940612671.000000 0.007732 2.729071	2.000000	0.934992	1.065008	5.758514	1.532089	0.783000	0.749089	4.253613	-1.285575	-0.511000	-0.774575	3.935776	4292.483965
751940629734.000000 0.008213 2.737282	2.000000	0.934992	1.065008	5.782455	1.532089	0.783000	0.749089	4.270453	-1.285575	-0.511000	-0.774575	3.953188	4292.483965
751940648204.000000 0.008890 2.746169	2.000000	0.934992	1.065008	5.808454	1.532089	0.783000	0.749089	4.288740	-1.285575	-0.511000	-0.774575	3.972097	4292.483965
751940665273.000000 0.008215 2.754382	2.000000	0.934992	1.065008	5.832554	1.532089	0.783000	0.749089	4.305690	-1.285575	-0.511000	-0.774575	3.989624	4292.483965
751940681799.000000 0.007954 2.762335	2.000000	0.934992	1.065008	5.855954	1.532089	0.783000	0.749089	4.322149	-1.285575	-0.511000	-0.774575	4.006643	4292.483965
751940699826.000000 0.008676 2.771010	2.000000	0.934992	1.065008	5.881559	1.532089	0.783000	0.749089	4.340159	-1.285575	-0.511000	-0.774575	4.025266	4292.483965
751940716296.000000 0.007928 2.778936	2.000000	0.934992	1.065008	5.905022	1.532089	0.783000	0.749089	4.356662	-1.285575	-0.511000	-0.774575	4.042330	4292.483965
751940732726.000000 0.007908 2.786841	2.000000	0.934992	1.065008	5.928492	1.532089	0.783000	0.749089	4.373170	-1.285575	-0.511000	-0.774575	4.059400	4292.483965
751940749128.000000 0.007895 2.794734	2.000000	0.934992	1.065008	5.951991	1.532089	0.783000	0.749089	4.389698	-1.285575	-0.511000	-0.774575	4.076491	4292.483965
751940765314.000000 0.007790 2.802521	2.000000	0.934992	1.065008	5.975243	1.532089	0.783000	0.749089	4.406053	-1.285575	-0.511000	-0.774575	4.093402	4292.483965
751940781479.000000 0.007780 2.810300	2.000000	0.994872	1.005128	5.997221	1.532089	0.831000	0.701089	4.421383	-1.285575	-0.547000	-0.738575	4.109551	493.164796
751940799885.000000 0.008859 2.819158	2.000000	0.994872	1.005128	6.022324	1.532089	0.831000	0.701089	4.438893	-1.285575	-0.547000	-0.738575	4.127997	493.164796
751940816017.000000 0.007765 2.826920	2.000000	0.994872	1.005128	6.044386	1.532089	0.831000	0.701089	4.454281	-1.285575	-0.547000	-0.738575	4.144209	493.164796
751940832098.000000 0.007740 2.834658	2.000000	0.994872	1.005128	6.066439	1.532089	0.831000	0.701089	4.469663	-1.285575	-0.547000	-0.738575	4.160413	493.164796
751940850572.000000 0.008891 2.843548	2.000000	0.994872	1.005128	6.091852	1.532089	0.831000	0.701089	4.487389	-1.285575	-0.547000	-0.738575	4.179087	493.164796
751940866565.000000 0.007698 2.851244	2.000000	0.994872	1.005128	6.113912	1.532089	0.831000	0.701089	4.502777	-1.285575	-0.547000	-0.738575	4.195297	493.164796
751940883412.000000 0.008110 2.859351	2.000000	0.994872	1.005128	6.137219	1.532089	0.831000	0.701089	4.519033	-1.285575	-0.547000	-0.738575	4.212423	493.164796
751940899583.000000 0.007783 2.867131	2.000000	0.994872	1.005128	6.159649	1.532089	0.831000	0.701089	4.534679	-1.285575	-0.547000	-0.738575	4.228905	493.164796
751940914976.000000 0.007409 2.874538	2.000000	0.994872	1.005128	6.181057	1.532089	0.831000	0.701089	4.549611	-1.285575	-0.547000	-0.738575	4.244636	493.164796
751940931414.000000 0.007911 2.882447	2.000000	0.994872	1.005128	6.203978	1.532089	0.831000	0.701089	4.565598	-1.285575	-0.547000	-0.738575	4.261478	493.164796
751940947108.000000 0.007554 2.889999	2.000000	0.994872	1.005128	6.225920	1.532089	0.831000	0.701089	4.580903	-1.285575	-0.547000	-0.738575	4.277601	493.164796
751940962911.000000 0.007606 2.897603	2.000000	0.994872	1.005128	6.248072	1.532089	0.831000	0.701089	4.596354	-1.285575	-0.547000	-0.738575	4.293878	493.164796
751940981878.000000 0.009129 2.906732	2.000000	1.056152	0.943848	6.273118	1.532089	0.880000	0.652089	4.613658	-1.285575	-0.584000	-0.701575	4.312495	-4118.698013
751940999392.000000 0.008430 2.915159	2.000000	1.056152	0.943848	6.296311	1.532089	0.880000	0.652089	4.629682	-1.285575	-0.584000	-0.701575	4.329735	-4118.698013
751941016393.000000 0.008183 2.923339	2.000000	1.056152	0.943848	6.318889	1.532089	0.880000	0.652089	4.645281	-1.285575	-0.584000	-0.701575	4.346517	-4118.698013
751941032458.000000 0.007732 2.931069	2.000000	1.056152	0.943848	6.340280	1.532089	0.880000	0.652089	4.660059	-1.285575	-0.584000	-0.701575	4.362418	-4118.698013
751941049536.000000 0.008220 2.939287	2.000000	1.056152	0.943848	6.363083	1.532089	0.880000	0.652089	4.675814	-1.285575	-0.584000	-0.701575	4.379368	-4118.698013
751941066101.000000 0.007973 2.947258	2.000000	1.056152	0.943848	6.385262	1.532089	0.880000	0.652089	4.691137	-1.285575	-0.584000	-0.701575	4.395854	-4118.698013
751941082535.000000 0.007910 2.955166	2.000000	1.056152	0.943848	6.407324	1.532089	0.880000	0.652089	4.706379	-1.285575	-0.584000	-0.701575	4.412253	-4118.698013
751941100123.000000 0.008466 2.963630	2.000000	1.056152	0.943848	6.431005	1.532089	0.880000	0.652089	4.722740	-1.285575	-0.584000	-0.701575	4.429855	-4118.698013
751941117024.000000 0.008135 2.971762	2.000000	1.056152	0.943848	6.453821	1.532089	0.880000	0.652089	4.738503	-1.285575	-0.584000	-0.701575	4.446815	-4118.698013
751941133489.000000 0.007925 2.979685	2.000000	1.056152	0.943848	6.476108	1.532089	0.880000	0.652089	4.753901	-1.285575	-0.584000	-0.701575	4.463381	-4118.698013
751941150199.000000 0.008043 2.987725	2.000000	1.056152	0.943848	6.498788	1.532089	0.880000	0.652089	4.769570	-1.285575	-0.584000	-0.701575	4.480239	-4118.698013
751941166557.000000 0.007873 2.995597	2.000000	1.056152	0.943848	6.521049	1.532089	0.880000	0.652089	4.784950	-1.285575	-0.584000	-0.701575	4.496786	-4118.698013
751941183176.000000 0.007999 3.003594	2.000000	1.116334	0.883666	6.542280	1.532089	0.929000	0.603089	4.799439	-1.285575	-0.619000	-0.666575	4.512801	-4118.698013
751941203590.000000 0.009825 3.013418	2.000000	1.116334	0.883666	6.568443	1.532089	0.929000	0.603089	4.817296	-1.285575	-0.619000	-0.666575	4.532537	-7689.720335
751941226917.000000 0.011228 3.024643	2.000000	1.116334	0.883666	6.598452	1.532089	0.929000	0.603089	4.837776	-1.285575	-0.619000	-0.666575	4.555173	-7689.720335
751941248123.000000 0.010206 3.034846	2.000000	1.116334	0.883666	6.625823	1.532089	0.929000	0.603089	4.856456	-1.285575	-0.619000	-0.666575	4.575820	-7689.720335
751941267893.000000 0.009515 3.044359	2.000000	1.116334	0.883666	6.651420	1.532089	0.929000	0.603089	4.873926	-1.285575	-0.619000	-0.666575	4.595129	-7689.720335
751941287919.000000 0.009639 3.053996	2.000000	1.116334	0.883666	6.677432	1.532089	0.929000	0.603089	4.891679	-1.285575	-0.619000	-0.666575	4.614751	-7689.720335
751941306192.000000 0.008795 3.062789	2.000000	1.116334	0.883666	6.701235	1.532089	0.929000	0.603089	4.907924	-1.285575	-0.619000	-0.666575	4.632706	-7689.720335
751941328130.000000 0.010558 3.073345	2.000000	1.116334	0.883666	6.729910	1.532089	0.929000	0.603089	4.927494	-1.285575	-0.619000	-0.666575	4.654336	-7689.720335
751941346283.000000 0.008737 3.082080	2.000000	1.116334	0.883666	6.753706	1.532089	0.929000	0.603089	4.943735	-1.285575	-0.619000	-0.666575	4.672286	-7689.720335
751941365931.000000 0.009456 3.091534	2.000000	1.116334	0.883666	6.779540	1.532089	0.929000	0.603089	4.961366	-1.285575	-0.619000	-0.666575	4.691773	-7689.720335
751941383617.000000 0.008513 3.100046	2.000000	1.116334	0.883666	6.802860	1.532089	0.929000	0.603089	4.977282	-1.285575	-0.619000	-0.666575	4.709364	-7689.720335
751941403258.000000 0.009453 3.109496	2.000000	1.176520	0.823480	6.827067	1.532089	0.978000	0.554089	4.993569	-1.285575	-0.654000	-0.631575	4.727930	-9280.168210
751941425744.000000 0.010822 3.120316	2.000000	1.176520	0.823480	6.854875	1.532089	0.978000	0.554089	5.012281	-1.285575	-0.654000	-0.631575	4.749258	-9280.168210
751941444741.000000 0.009144 3.129458	2.000000	1.176520	0.823480	6.878439	1.532089	0.978000	0.554089	5.028136	-1.285575	-0.654000	-0.631575	4.767330	-9280.168210
751941464678.000000 0.009595 3.139050	2.000000	1.176520	0.823480	6.903243	1.532089	0.978000	0.554089	5.044825	-1.285575	-0.654000	-0.631575	4.786354	-9280.168210
751941486646.000000 0.010573 3.149622	2.000000	1.176520	0.823480	6.930666	1.532089	0.978000	0.554089	5.063277	-1.285575	-0.654000	-0.631575	4.807386	-9280.168210
751941505744.000000 0.009192 3.158812	2.000000	1.176520	0.823480	6.954577	1.532089	0.978000	0.554089	5.079366	-1.285575	-0.654000	-0.631575	4.825725	-9280.168210
751941524658.000000 0.009104 3.167913	2.000000	1.176520	0.823480	6.978326	1.532089	0.978000	0.554089	5.095346	-1.285575	-0.654000	-0.631575	4.843939	-9280.168210
751941546478.000000 0.010503 3.178414	2.000000	1.176520	0.823480	7.005817	1.532089	0.978000	0.554089	5.113844	-1.285575	-0.654000	-0.631575	4.865024	-9280.168210
751941564857.000000 0.008847 3.187257	2.000000	1.176520	0.823480	7.029036	1.532089	0.978000	0.554089	5.129467	-1.285575	-0.654000	-0.631575	4.882832	-9280.168210
751941584440.000000 0.009425 3.196680	2.000000	1.176520	0.823480	7.053847	1.532089	0.978000	0.554089	5.146161	-1.285575	-0.654000	-0.631575	4.901861	-9280.168210
751941604846.000000 0.009822 3.206499	2.000000	1.236983	0.763017	7.077877	1.532089	1.028000	0.504089	5.162037	-1.285575	-0.688000	-0.597575	4.920680	-9870.687371
751941628964.000000 0.011608 3.218104	2.000000	1.236983	0.763017	7.106379	1.532089	1.028000	0.504089	5.180867	-1.285575	-0.688000	-0.597575	4.943003	-9870.687371
751941650332.000000 0.010285 3.228386	2.000000	1.236983	0.763017	7.131713	1.532089	1.028000	0.504089	5.197604	-1.285575	-0.688000	-0.597575	4.962844	-9870.687371
751941669849.000000 0.009393 3.237777	2.000000	1.236983	0.763017	7.154919	1.532089	1.028000	0.504089	5.212935	-1.285575	-0.688000	-0.597575	4.981018	-9870.687371
751941690347.000000 0.009866 3.247641	2.000000	1.236983	0.763017	7.179367	1.532089	1.028000	0.504089	5.229086	-1.285575	-0.688000	-0.597575	5.000165	-9870.687371
751941710264.000000 0.009587 3.257228	2.000000	1.236983	0.763017	7.203194	1.532089	1.028000	0.504089	5.244828	-1.285575	-0.688000	-0.597575	5.018826	-9870.687371
751941731552.000000 0.010246 3.267468	2.000000	1.236983	0.763017	7.228738	1.532089	1.028000	0.504089	5.261703	-1.285575	-0.688000	-0.597575	5.038831	-9870.687371
751941752252.000000 0.009964 3.277430	2.000000	1.236983	0.763017	7.253654	1.532089	1.028000	0.504089	5.278164	-1.285575	-0.688000	-0.597575	5.058345	-9870.687371
751941775519.000000 0.011198 3.288625	2.000000	1.236983	0.763017	7.281752	1.532089	1.028000	0.504089	5.296728	-1.285575	-0.688000	-0.597575	5.080351	-9870.687371
751941795840.000000 0.009781 3.298403	2.000000	1.236983	0.763017	7.306368	1.532089	1.028000	0.504089	5.312990	-1.285575	-0.688000	-0.597575	5.099629	-9870.687371
751941811169.000000 0.007378 3.305779	2.000000	1.298003	0.701997	7.323490	1.532089	1.078000	0.454089	5.324065	-1.285575	-0.723000	-0.562575	5.113350	-7287.299285
751941828037.000000 0.008119 3.313896	2.000000	1.298003	0.701997	7.342378	1.532089	1.078000	0.454089	5.336283	-1.285575	-0.723000	-0.562575	5.128487	-7287.299285
751941842692.000000 0.007054 3.320947	2.000000	1.298003	0.701997	7.358822	1.532089	1.078000	0.454089	5.346920	-1.285575	-0.723000	-0.562575	5.141666	-7287.299285
751941857301.000000 0.007031 3.327977	2.000000	1.298003	0.701997	7.375249	1.532089	1.078000	0.454089	5.357546	-1.285575	-0.723000	-0.562575	5.154830	-7287.299285
751941871045.000000 0.006615 3.334591	2.000000	1.298003	0.701997	7.390735	1.532089	1.078000	0.454089	5.367563	-1.285575	-0.723000	-0.562575	5.167240	-7287.299285
751941885248.000000 0.006837 3.341425	2.000000	1.298003	0.701997	7.406771	1.532089	1.078000	0.454089	5.377936	-1.285575	-0.723000	-0.562575	5.180092	-7287.299285
751941899057.000000 0.006647 3.348069	2.000000	1.298003	0.701997	7.422393	1.532089	1.078000	0.454089	5.388041	-1.285575	-0.723000	-0.562575	5.192611	-7287.299285
751941913542.000000 0.006972 3.355039	2.000000	1.298003	0.701997	7.438814	1.532089	1.078000	0.454089	5.398663	-1.285575	-0.723000	-0.562575	5.205770	-7287.299285
751941929154.000000 0.007514 3.362553	2.000000	1.298003	0.701997	7.456551	1.532089	1.078000	0.454089	5.410137	-1.285575	-0.723000	-0.562575	5.219985	-7287.299285
751941943150.000000 0.006737 3.369286	2.000000	1.298003	0.701997	7.472485	1.532089	1.078000	0.454089	5.420443	-1.285575	-0.723000	-0.562575	5.232754	-7287.299285
751941957257.000000 0.006790 3.376074	2.000000	1.298003	0.701997	7.488577	1.532089	1.078000	0.454089	5.430852	-1.285575	-0.723000	-0.562575	5.245650	-7287.299285
751941971473.000000 0.006843 3.382915	2.000000	1.298003	0.701997	7.504826	1.532089	1.078000	0.454089	5.441363	-1.285575	-0.723000	-0.562575	5.258672	-7287.299285
751941986402.000000 0.007186 3.390099	2.000000	1.298003	0.701997	7.521928	1.532089	1.078000	0.454089	5.452426	-1.285575	-0.723000	-0.562575	5.272377	-7287.299285
751942001589.000000 0.007310 3.397407	2.000000	1.298003	0.701997	7.539362	1.532089	1.078000	0.454089	5.463703	-1.285575	-0.723000	-0.562575	5.286349	-7287.299285
751942016007.000000 0.006940 3.404347	2.000000	1.357365	0.642635	7.554544	1.532089	1.126000	0.406089	5.473297	-1.285575	-0.758000	-0.527575	5.298813	-7287.299285
751942031003.000000 0.007218 3.411561	2.000000	1.357365	0.642635	7.570368	1.532089	1.126000	0.406089	5.483296	-1.285575	-0.758000	-0.527575	5.311804	-6065.978922
751942046063.000000 0.007249 3.418808	2.000000	1.357365	0.642635	7.586295	1.532089	1.126000	0.406089	5.493361	-1.285575	-0.758000	-0.527575	5.324879	-6065.978922
751942059714.000000 0.006570 3.425376	2.000000	1.357365	0.642635	7.600758	1.532089	1.126000	0.406089	5.502500	-1.285575	-0.758000	-0.527575	5.336752	-6065.978922
751942074198.000000 0.006972 3.432346	2.000000	1.357365	0.642635	7.616135	1.532089	1.126000	0.406089	5.512217	-1.285575	-0.758000	-0.527575	5.349376	-6065.978922
751942088973.000000 0.007112 3.439456	2.000000	1.357365	0.642635	7.631854	1.532089	1.126000	0.406089	5.522150	-1.285575	-0.758000	-0.527575	5.362281	-6065.978922
751942103641.000000 0.007060 3.446514	2.000000	1.357365	0.642635	7.647491	1.532089	1.126000	0.406089	5.532031	-1.285575	-0.758000	-0.527575	5.375118	-6065.978922
751942118370.000000 0.007090 3.453601	2.000000	1.357365	0.642635	7.663226	1.532089	1.126000	0.406089	5.541974	-1.285575	-0.758000	-0.527575	5.388036	-6065.978922
751942132793.000000 0.006942 3.460541	2.000000	1.357365	0.642635	7.678665	1.532089	1.126000	0.406089	5.551730	-1.285575	-0.758000	-0.527575	5.400710	-6065.978922
751942147548.000000 0.007101 3.467641	2.000000	1.357365	0.642635	7.694490	1.532089	1.126000	0.406089	5.561730	-1.285575	-0.758000	-0.527575	5.413702	-6065.978922
751942162014.000000 0.006963 3.474602	2.000000	1.357365	0.642635	7.710037	1.532089	1.126000	0.406089	5.571555	-1.285575	-0.758000	-0.527575	5.426466	-6065.978922
751942176189.000000 0.006822 3.481423	2.000000	1.357365	0.642635	7.725301	1.532089	1.126000	0.406089	5.581200	-1.285575	-0.758000	-0.527575	5.438996	-6065.978922
751942189921.000000 0.006610 3.488031	2.000000	1.357365	0.642635	7.740116	1.532089	1.126000	0.406089	5.590562	-1.285575	-0.758000	-0.527575	5.451159	-6065.978922
751942204116.000000 0.006832 3.494861	2.000000	1.357365	0.642635	7.755461	1.532089	1.126000	0.406089	5.600259	-1.285575	-0.758000	-0.527575	5.463757	-6065.978922
751942218851.000000 0.007092 3.501952	2.000000	1.357365	0.642635	7.771422	1.532089	1.126000	0.406089	5.610345	-1.285575	-0.758000	-0.527575	5.476860	-6065.978922
751942233670.000000 0.007133 3.509083	2.000000	1.417851	0.582149	7.785993	1.532089	1.174000	0.358089	5.619308	-1.285575	-0.795000	-0.490575	5.489139	1734.658654
751942250130.000000 0.007922 3.517003	2.000000	1.417851	0.582149	7.802214	1.532089	1.174000	0.358089	5.629285	-1.285575	-0.795000	-0.490575	5.502808	1734.658654
751942264332.000000 0.006836 3.523837	2.000000	1.417851	0.582149	7.816237	1.532089	1.174000	0.358089	5.637911	-1.285575	-0.795000	-0.490575	5.514625	1734.658654
751942278273.000000 0.006710 3.530545	2.000000	1.417851	0.582149	7.830028	1.532089	1.174000	0.358089	5.646394	-1.285575	-0.795000	-0.490575	5.526247	1734.658654
751942292547.000000 0.006870 3.537413	2.000000	1.417851	0.582149	7.844175	1.532089	1.174000	0.358089	5.655096	-1.285575	-0.795000	-0.490575	5.538169	1734.658654
751942306468.000000 0.006701 3.544112	2.000000	1.417851	0.582149	7.858000	1.532089	1.174000	0.358089	5.663600	-1.285575	-0.795000	-0.490575	5.549819	1734.658654
751942320904.000000 0.006948 3.551059	2.000000	1.417851	0.582149	7.872364	1.532089	1.174000	0.358089	5.672436	-1.285575	-0.795000	-0.490575	5.561924	1734.658654
751942335186.000000 0.006874 3.557931	2.000000	1.417851	0.582149	7.886603	1.532089	1.174000	0.358089	5.681194	-1.285575	-0.795000	-0.490575	5.573922	1734.658654
751942349463.000000 0.006872 3.564801	2.000000	1.417851	0.582149	7.900863	1.532089	1.174000	0.358089	5.689966	-1.285575	-0.795000	-0.490575	5.585940	1734.658654
751942363548.000000 0.006780 3.571579	2.000000	1.417851	0.582149	7.914960	1.532089	1.174000	0.358089	5.698637	-1.285575	-0.795000	-0.490575	5.597819	1734.658654
751942377316.000000 0.006627 3.578204	2.000000	1.417851	0.582149	7.928765	1.532089	1.174000	0.358089	5.707128	-1.285575	-0.795000	-0.490575	5.609452	1734.658654
751942391176.000000 0.006671 3.584873	2.000000	1.417851	0.582149	7.942686	1.532089	1.174000	0.358089	5.715692	-1.285575	-0.795000	-0.490575	5.621184	1734.658654
751942405077.000000 0.006691 3.591563	2.000000	1.417851	0.582149	7.956676	1.532089	1.174000	0.358089	5.724297	-1.285575	-0.795000	-0.490575	5.632973	1734.658654
751942418711.000000 0.006562 3.598122	2.000000	1.417851	0.582149	7.970422	1.532089	1.174000	0.358089	5.732752	-1.285575	-0.795000	-0.490575	5.644557	1734.658654
751942432638.000000 0.006703 3.604824	2.000000	1.478647	0.521353	7.983020	1.532089	1.221000	0.311089	5.740270	-1.285575	-0.834000	-0.451575	5.655469	1734.658654
751942447783.000000 0.007290 3.612113	2.000000	1.478647	0.521353	7.996749	1.532089	1.221000	0.311089	5.748462	-1.285575	-0.834000	-0.451575	5.667360	292.003559
751942462341.000000 0.007007 3.619118	2.000000	1.478647	0.521353	8.009970	1.532089	1.221000	0.311089	5.756351	-1.285575	-0.834000	-0.451575	5.678812	292.003559
751942476323.000000 0.006730 3.625846	2.000000	1.478647	0.521353	8.022692	1.532089	1.221000	0.311089	5.763942	-1.285575	-0.834000	-0.451575	5.689831	292.003559
751942490152.000000 0.006656 3.632499	2.000000	1.478647	0.521353	8.035298	1.532089	1.221000	0.311089	5.771464	-1.285575	-0.834000	-0.451575	5.700750	292.003559
751942504172.000000 0.006748 3.639246	2.000000	1.478647	0.521353	8.048102	1.532089	1.221000	0.311089	5.779104	-1.285575	-0.834000	-0.451575	5.711840	292.003559
751942517812.000000 0.006565 3.645809	2.000000	1.478647	0.521353	8.060580	1.532089	1.221000	0.311089	5.786549	-1.285575	-0.834000	-0.451575	5.722648	292.003559
751942531714.000000 0.006691 3.652499	2.000000	1.478647	0.521353	8.073322	1.532089	1.221000	0.311089	5.794152	-1.285575	-0.834000	-0.451575	5.733684	292.003559
751942550993.000000 0.009279 3.661779	2.000000	1.478647	0.521353	8.091037	1.532089	1.221000	0.311089	5.804723	-1.285575	-0.834000	-0.451575	5.749028	292.003559
751942572709.000000 0.010453 3.672235	2.000000	1.478647	0.521353	8.111049	1.532089	1.221000	0.311089	5.816664	-1.285575	-0.834000	-0.451575	5.766362	292.003559
751942590145.000000 0.008392 3.680616	2.000000	1.478647	0.521353	8.127153	1.532089	1.221000	0.311089	5.826273	-1.285575	-0.834000	-0.451575	5.780311	292.003559
751942609909.000000 0.009513 3.690127	2.000000	1.478647	0.521353	8.145454	1.532089	1.221000	0.311089	5.837193	-1.285575	-0.834000	-0.451575	5.796162	292.003559
751942629052.000000 0.009214 3.699338	2.000000	1.478647	0.521353	8.163225	1.532089	1.221000	0.311089	5.847797	-1.285575	-0.834000	-0.451575	5.811555	292.003559
751942646898.000000 0.008589 3.707926	2.000000	1.538386	0.461614	8.177927	1.532089	1.266000	0.266089	5.856272	-1.285575	-0.874000	-0.411575	5.824663	-1119.177805
751942667930.000000 0.010122 3.718047	2.000000	1.538386	0.461614	8.195300	1.532089	1.266000	0.266089	5.866286	-1.285575	-0.874000	-0.411575	5.840153	-1119.177805
751942692576.000000 0.011861 3.729905	2.000000	1.538386	0.461614	8.215722	1.532089	1.266000	0.266089	5.878058	-1.285575	-0.874000	-0.411575	5.858362	-1119.177805
751942707176.000000 0.007027 3.736930	2.000000	1.538386	0.461614	8.227845	1.532089	1.266000	0.266089	5.885046	-1.285575	-0.874000	-0.411575	5.869170	-1119.177805
751942721709.000000 0.006995 3.743923	2.000000	1.538386	0.461614	8.239934	1.532089	1.266000	0.266089	5.892015	-1.285575	-0.874000	-0.411575	5.879949	-1119.177805
751942735817.000000 0.006791 3.750711	2.000000	1.538386	0.461614	8.251691	1.532089	1.266000	0.266089	5.898792	-1.285575	-0.874000	-0.411575	5.890431	-1119.177805
751942749945.000000 0.006800 3.757510	2.000000	1.538386	0.461614	8.263486	1.532089	1.266000	0.266089	5.905591	-1.285575	-0.874000	-0.411575	5.900948	-1119.177805
751942764439.000000 0.006976 3.764484	2.000000	1.538386	0.461614	8.275608	1.532089	1.266000	0.266089	5.912578	-1.285575	-0.874000	-0.411575	5.911756	-1119.177805
751942780737.000000 0.007844 3.772327	2.000000	1.538386	0.461614	8.289268	1.532089	1.266000	0.266089	5.920452	-1.285575	-0.874000	-0.411575	5.923935	-1119.177805
751942795610.000000 0.007159 3.779484	2.000000	1.538386	0.461614	8.301758	1.532089	1.266000	0.266089	5.927652	-1.285575	-0.874000	-0.411575	5.935071	-1119.177805
751942810224.000000 0.007035 3.786516	2.000000	1.538386	0.461614	8.314053	1.532089	1.266000	0.266089	5.934739	-1.285575	-0.874000	-0.411575	5.946034	-1119.177805
751942824622.000000 0.006930 3.793444	2.000000	1.538386	0.461614	8.326189	1.532089	1.266000	0.266089	5.941735	-1.285575	-0.874000	-0.411575	5.956854	-1119.177805
751942838387.000000 0.006626 3.800067	2.000000	1.538386	0.461614	8.337811	1.532089	1.266000	0.266089	5.948434	-1.285575	-0.874000	-0.411575	5.967216	-1119.177805
751942856095.000000 0.008524 3.808591	2.000000	1.598981	0.401019	8.350830	1.532089	1.312000	0.220089	5.955579	-1.285575	-0.914000	-0.371575	5.979279	-3730.171548
751942874695.000000 0.008952 3.817539	2.000000	1.598981	0.401019	8.364534	1.532089	1.312000	0.220089	5.963101	-1.285575	-0.914000	-0.371575	5.991977	-3730.171548
751942894252.000000 0.009413 3.826950	2.000000	1.598981	0.401019	8.378980	1.532089	1.312000	0.220089	5.971028	-1.285575	-0.914000	-0.371575	6.005362	-3730.171548
751942913968.000000 0.009489 3.836437	2.000000	1.598981	0.401019	8.393579	1.532089	1.312000	0.220089	5.979041	-1.285575	-0.914000	-0.371575	6.018889	-3730.171548
751942932526.000000 0.008932 3.845368	2.000000	1.598981	0.401019	8.407352	1.532089	1.312000	0.220089	5.986600	-1.285575	-0.914000	-0.371575	6.031651	-3730.171548
751942951367.000000 0.009068 3.854433	2.000000	1.598981	0.401019	8.421369	1.532089	1.312000	0.220089	5.994293	-1.285575	-0.914000	-0.371575	6.044639	-3730.171548
751942968241.000000 0.008121 3.862552	2.000000	1.598981	0.401019	8.433948	1.532089	1.312000	0.220089	6.001196	-1.285575	-0.914000	-0.371575	6.056294	-3730.171548
751942985454.000000 0.008285 3.870837	2.000000	1.598981	0.401019	8.446808	1.532089	1.312000	0.220089	6.008254	-1.285575	-0.914000	-0.371575	6.068210	-3730.171548
751943021765.000000 0.017474 3.888308	2.000000	1.598981	0.401019	8.474056	1.532089	1.312000	0.220089	6.023208	-1.285575	-0.914000	-0.371575	6.093457	-3730.171548
751943076941.000000 0.026553 3.914859	2.000000	1.658784	0.341216	8.509525	1.532089	1.357000	0.175089	6.041409	-1.285575	-0.954000	-0.331575	6.127924	-5510.855362
751943099948.000000 0.011073 3.925929	2.000000	1.658784	0.341216	8.524358	1.532089	1.357000	0.175089	6.049020	-1.285575	-0.954000	-0.331575	6.142338	-5510.855362
751943120929.000000 0.010098 3.936025	2.000000	1.658784	0.341216	8.537920	1.532089	1.357000	0.175089	6.055979	-1.285575	-0.954000	-0.331575	6.155517	-5510.855362
751943141711.000000 0.010002 3.946025	2.000000	1.658784	0.341216	8.551387	1.532089	1.357000	0.175089	6.062890	-1.285575	-0.954000	-0.331575	6.168603	-5510.855362
751943163236.000000 0.010360 3.956382	2.000000	1.658784	0.341216	8.565372	1.532089	1.357000	0.175089	6.070066	-1.285575	-0.954000	-0.331575	6.182194	-5510.855362
751943183302.000000 0.009659 3.966040	2.000000	1.658784	0.341216	8.578443	1.532089	1.357000	0.175089	6.076773	-1.285575	-0.954000	-0.331575	6.194896	-5510.855362
751943204653.000000 0.010275 3.976312	2.000000	1.658784	0.341216	8.592385	1.532089	1.357000	0.175089	6.083927	-1.285575	-0.954000	-0.331575	6.208443	-5510.855362
751943227560.000000 0.011025 3.987336	2.000000	1.658784	0.341216	8.607385	1.532089	1.357000	0.175089	6.091624	-1.285575	-0.954000	-0.331575	6.223019	-5510.855362
751943251875.000000 0.011702 3.999036	2.000000	1.658784	0.341216	8.623353	1.532089	1.357000	0.175089	6.099818	-1.285575	-0.954000	-0.331575	6.238536	-5510.855362
751943275338.000000 0.011292 4.010325	2.000000	1.715827	0.284173	8.636222	1.532089	1.400000	0.132089	6.105799	-1.285575	-0.992000	-0.293575	6.251831	-7197.701434
751943298290.000000 0.011046 4.021369	2.000000	1.715827	0.284173	8.648844	1.532089	1.400000	0.132089	6.111667	-1.285575	-0.992000	-0.293575	6.264871	-7197.701434
751943314338.000000 0.007724 4.029092	2.000000	1.715827	0.284173	8.657688	1.532089	1.400000	0.132089	6.115777	-1.285575	-0.992000	-0.293575	6.274007	-7197.701434
751943329821.000000 0.007453 4.036543	2.000000	1.715827	0.284173	8.666237	1.532089	1.400000	0.132089	6.119751	-1.285575	-0.992000	-0.293575	6.282839	-7197.701434
751943347231.000000 0.008379 4.044919	2.000000	1.715827	0.284173	8.675869	1.532089	1.400000	0.132089	6.124228	-1.285575	-0.992000	-0.293575	6.292790	-7197.701434
751943391845.000000 0.021470 4.066387	2.000000	1.715827	0.284173	8.700678	1.532089	1.400000	0.132089	6.135760	-1.285575	-0.992000	-0.293575	6.318420	-7197.701434
751943437067.000000 0.021762 4.088148	2.000000	1.715827	0.284173	8.725960	1.532089	1.400000	0.132089	6.147512	-1.285575	-0.992000	-0.293575	6.344539	-7197.701434
751943452652.000000 0.007501 4.095647	2.000000	1.715827	0.284173	8.734691	1.532089	1.400000	0.132089	6.151570	-1.285575	-0.992000	-0.293575	6.353558	-7197.701434
751943466626.000000 0.006726 4.102371	2.000000	1.715827	0.284173	8.742532	1.532089	1.400000	0.132089	6.155214	-1.285575	-0.992000	-0.293575	6.361658	-7197.701434
751943481657.000000 0.007235 4.109604	2.000000	1.775683	0.224317	8.749201	1.532089	1.445000	0.087089	6.157804	-1.285575	-1.032000	-0.253575	6.369197	-8991.589117
751943500253.000000 0.008950 4.118553	2.000000	1.775683	0.224317	8.757470	1.532089	1.445000	0.087089	6.161014	-1.285575	-1.032000	-0.253575	6.378545	-8991.589117
751943517092.000000 0.008105 4.126655	2.000000	1.775683	0.224317	8.764972	1.532089	1.445000	0.087089	6.163926	-1.285575	-1.032000	-0.253575	6.387026	-8991.589117
751943533511.000000 0.007903 4.134556	2.000000	1.775683	0.224317	8.772301	1.532089	1.445000	0.087089	6.166772	-1.285575	-1.032000	-0.253575	6.395311	-8991.589117
751943552519.000000 0.009148 4.143703	2.000000	1.775683	0.224317	8.780805	1.532089	1.445000	0.087089	6.170073	-1.285575	-1.032000	-0.253575	6.404924	-8991.589117
751943568492.000000 0.007688 4.151388	2.000000	1.775683	0.224317	8.787964	1.532089	1.445000	0.087089	6.172853	-1.285575	-1.032000	-0.253575	6.413017	-8991.589117
751943585632.000000 0.008250 4.159635	2.000000	1.775683	0.224317	8.795662	1.532089	1.445000	0.087089	6.175841	-1.285575	-1.032000	-0.253575	6.421718	-8991.589117
751943599873.000000 0.006854 4.166488	2.000000	1.775683	0.224317	8.802068	1.532089	1.445000	0.087089	6.178328	-1.285575	-1.032000	-0.253575	6.428960	-8991.589117
751943614035.000000 0.006817 4.173303	2.000000	1.775683	0.224317	8.808449	1.532089	1.445000	0.087089	6.180806	-1.285575	-1.032000	-0.253575	6.436173	-8991.589117
751943628158.000000 0.006798 4.180099	2.000000	1.775683	0.224317	8.814823	1.532089	1.445000	0.087089	6.183281	-1.285575	-1.032000	-0.253575	6.443379	-8991.589117
751943644226.000000 0.007734 4.187832	2.000000	1.775683	0.224317	8.822088	1.532089	1.445000	0.087089	6.186101	-1.285575	-1.032000	-0.253575	6.451592	-8991.589117
751943658625.000000 0.006931 4.194759	2.000000	1.775683	0.224317	8.828610	1.532089	1.445000	0.087089	6.188633	-1.285575	-1.032000	-0.253575	6.458964	-8991.589117
751943673516.000000 0.007168 4.201925	2.000000	1.775683	0.224317	8.835366	1.532089	1.445000	0.087089	6.191256	-1.285575	-1.032000	-0.253575	6.466601	-8991.589117
751943688451.000000 0.007189 4.209112	2.000000	1.835561	0.164439	8.840341	1.532089	1.490000	0.042089	6.192530	-1.285575	-1.072000	-0.213575	6.473063	-10774.505995
751943704804.000000 0.007871 4.216980	2.000000	1.835561	0.164439	8.845800	1.532089	1.490000	0.042089	6.193927	-1.285575	-1.072000	-0.213575	6.480153	-10774.505995
751943718938.000000 0.006803 4.223782	2.000000	1.835561	0.164439	8.850525	1.532089	1.490000	0.042089	6.195136	-1.285575	-1.072000	-0.213575	6.486290	-10774.505995
751943733219.000000 0.006873 4.230653	2.000000	1.835561	0.164439	8.855307	1.532089	1.490000	0.042089	6.196360	-1.285575	-1.072000	-0.213575	6.492500	-10774.505995
751943747932.000000 0.007082 4.237734	2.000000	1.835561	0.164439	8.860241	1.532089	1.490000	0.042089	6.197623	-1.285575	-1.072000	-0.213575	6.498910	-10774.505995
751943762618.000000 0.007068 4.244800	2.000000	1.835561	0.164439	8.865175	1.532089	1.490000	0.042089	6.198886	-1.285575	-1.072000	-0.213575	6.505318	-10774.505995
751943776922.000000 0.006885 4.251684	2.000000	1.835561	0.164439	8.869989	1.532089	1.490000	0.042089	6.200118	-1.285575	-1.072000	-0.213575	6.511569	-10774.505995
751943794189.000000 0.008311 4.259992	2.000000	1.835561	0.164439	8.875811	1.532089	1.490000	0.042089	6.201608	-1.285575	-1.072000	-0.213575	6.519131	-10774.505995
751943815436.000000 0.010225 4.270215	2.000000	1.835561	0.164439	8.882991	1.532089	1.490000	0.042089	6.203446	-1.285575	-1.072000	-0.213575	6.528457	-10774.505995
751943831021.000000 0.007501 4.277717	2.000000	1.835561	0.164439	8.888267	1.532089	1.490000	0.042089	6.204797	-1.285575	-1.072000	-0.213575	6.535310	-10774.505995
751943847409.000000 0.007887 4.285600	2.000000	1.835561	0.164439	8.893826	1.532089	1.490000	0.042089	6.206219	-1.285575	-1.072000	-0.213575	6.542529	-10774.505995
751943867581.000000 0.009709 4.295308	2.000000	1.835561	0.164439	8.900683	1.532089	1.490000	0.042089	6.207974	-1.285575	-1.072000	-0.213575	6.551436	-10774.505995
751943882123.000000 0.006999 4.302305	2.000000	1.835561	0.164439	8.905635	1.532089	1.490000	0.042089	6.209242	-1.285575	-1.072000	-0.213575	6.557867	-10774.505995
751943898852.000000 0.008052 4.310355	2.000000	1.892667	0.107333	8.909360	1.532089	1.533000	-0.000911	6.209273	-1.285575	-1.110000	-0.175575	6.563961	-12462.823324
751943915540.000000 0.008033 4.318386	2.000000	1.892667	0.107333	8.913083	1.532089	1.533000	-0.000911	6.209305	-1.285575	-1.110000	-0.175575	6.570052	-12462.823324
751943929265.000000 0.006606 4.324988	2.000000	1.892667	0.107333	8.916150	1.532089	1.533000	-0.000911	6.209331	-1.285575	-1.110000	-0.175575	6.575068	-12462.823324
751943943966.000000 0.007075 4.332062	2.000000	1.892667	0.107333	8.919440	1.532089	1.533000	-0.000911	6.209359	-1.285575	-1.110000	-0.175575	6.580449	-12462.823324
751943958273.000000 0.006886 4.338947	2.000000	1.892667	0.107333	8.922647	1.532089	1.533000	-0.000911	6.209386	-1.285575	-1.110000	-0.175575	6.585695	-12462.823324
751943972384.000000 0.006792 4.345737	2.000000	1.892667	0.107333	8.925815	1.532089	1.533000	-0.000911	6.209413	-1.285575	-1.110000	-0.175575	6.590878	-12462.823324
751943986338.000000 0.006716 4.352452	2.000000	1.892667	0.107333	8.928953	1.532089	1.533000	-0.000911	6.209440	-1.285575	-1.110000	-0.175575	6.596010	-12462.823324
751944000250.000000 0.006696 4.359146	2.000000	1.892667	0.107333	8.932086	1.532089	1.533000	-0.000911	6.209466	-1.285575	-1.110000	-0.175575	6.601135	-12462.823324
751944014132.000000 0.006682 4.365826	2.000000	1.892667	0.107333	8.935217	1.532089	1.533000	-0.000911	6.209493	-1.285575	-1.110000	-0.175575	6.606257	-12462.823324
751944028669.000000 0.006997 4.372821	2.000000	1.892667	0.107333	8.938501	1.532089	1.533000	-0.000911	6.209521	-1.285575	-1.110000	-0.175575	6.611629	-12462.823324
751944043383.000000 0.007082 4.379901	2.000000	1.892667	0.107333	8.941830	1.532089	1.533000	-0.000911	6.209549	-1.285575	-1.110000	-0.175575	6.617075	-12462.823324
751944057671.000000 0.006878 4.386778	2.000000	1.892667	0.107333	8.945068	1.532089	1.533000	-0.000911	6.209577	-1.285575	-1.110000	-0.175575	6.622372	-12462.823324
751944073735.000000 0.007732 4.394507	2.000000	1.892667	0.107333	8.948715	1.532089	1.533000	-0.000911	6.209608	-1.285575	-1.110000	-0.175575	6.628338	-12462.823324
751944091645.000000 0.008620 4.403125	2.000000	1.892667	0.107333	8.952789	1.532089	1.533000	-0.000911	6.209642	-1.285575	-1.110000	-0.175575	6.635002	-12462.823324
