922296882933.000000 0.000003 0.000006 0.008523 -0.000006 0.000000 -40.000000 -0.000006 -40.000000 0.000000 -1877353.823682
922296940993.000000 0.027941 0.027947 0.034663 -0.031446 0.000000 -40.000000 -0.031446 -40.000000 0.000025 -21390.569117
922296984725.000000 0.021046 0.048990 0.058658 -0.086560 0.000000 -40.000000 -0.086560 -40.000000 0.000114 -23783.588837
922297020061.000000 0.017006 0.065993 0.072150 -0.160802 0.000000 -40.000000 -0.160802 -40.000000 0.000294 -26631.288969
922297044810.000000 0.011911 0.077902 0.087211 -0.248441 0.000000 -40.000000 -0.248441 -40.000000 0.000525 -30589.435739
922297080127.000000 0.016997 0.094896 0.102383 -0.355200 0.000000 -40.000000 -0.355200 -40.000000 0.001098 -32544.158577
922297116641.000000 0.017574 0.112468 0.123258 -0.481726 0.000000 -40.000000 -0.481726 -40.000000 0.002050 -36808.262214
922297160263.000000 0.020993 0.133457 0.141714 -0.631866 0.000000 -40.000000 -0.631866 -40.000000 0.003820 -41004.775160
922297199610.000000 0.018937 0.152391 0.160057 -0.803305 0.000000 -40.000000 -0.803305 -40.000000 0.006138 -46888.590924
922297236179.000000 0.017600 0.169988 0.177357 -0.994542 0.000000 -40.000000 -0.994542 -40.000000 0.009114 -53074.996143
922297272848.000000 0.017648 0.187633 0.196683 -1.205628 0.000000 -40.000000 -1.205628 -40.000000 0.013106 -59475.627612
922297313894.000000 0.019754 0.207384 0.216058 -1.438935 0.000000 -40.000000 -1.438935 -40.000000 0.019001 -66005.549860
922297355083.000000 0.019824 0.227205 0.234628 -1.694540 0.000000 -40.000000 -1.694540 -40.000000 0.026633 -73935.710730
922297393312.000000 0.018398 0.245598 0.253509 -1.970839 0.000000 -40.000000 -1.970839 -40.000000 0.035538 -82832.679304
922297430849.000000 0.018064 0.263660 0.270739 -2.267457 0.000000 -40.000000 -2.267457 -40.000000 0.046338 -90902.424967
922297463108.000000 0.015525 0.279183 0.286047 -2.581537 0.000000 -40.000000 -2.581537 -40.000000 0.057527 -83718.493734
922297494272.000000 0.014998 0.294178 0.300308 -2.912488 0.000000 -40.000000 -2.912488 -40.000000 0.070377 -86907.614492
922297523797.000000 0.014209 0.308386 0.315097 -3.259422 0.000000 -40.000000 -3.259422 -40.000000 0.084659 -87763.080822
922297555082.000000 0.015056 0.323439 0.329651 -3.623291 0.000000 -40.000000 -3.623291 -40.000000 0.102304 -88660.306062
922297584567.000000 0.014189 0.337627 0.344993 -4.012530 -0.966809 -40.055307 -3.045721 -39.033191 0.116895 -85118.397877
922297617686.000000 0.015938 0.353564 0.359708 -4.420142 -0.966809 -40.055307 -3.453333 -39.033191 0.136355 -86123.483471
922297647007.000000 0.014111 0.367673 0.373812 -4.844019 -0.966809 -40.055307 -3.877210 -39.033191 0.156471 -87168.675751
922297676958.000000 0.014414 0.382086 0.388148 -5.284512 -0.966809 -40.055307 -4.317703 -39.033191 0.180250 -88254.839227
922297707123.000000 0.014517 0.396601 0.402717 -5.741740 -0.966809 -40.055307 -4.774931 -39.033191 0.207742 -89382.266628
922297736803.000000 0.014284 0.410884 0.417034 -6.215433 -0.966809 -40.055307 -5.248624 -39.033191 0.238547 -90550.294526
922297766928.000000 0.014498 0.425378 0.431917 -6.705837 -0.966809 -40.055307 -5.739028 -39.033191 0.273940 -91759.527530
922297797336.000000 0.014634 0.440011 0.443490 -7.240817 -2.988319 -40.166303 -4.252498 -37.011681 0.301323 -85886.989880
922297813108.000000 0.007591 0.447600 0.450606 -7.785024 -2.988319 -40.166303 -4.796705 -37.011681 0.317621 -87228.888551
922297826751.000000 0.006567 0.454165 0.457238 -8.337212 -2.988319 -40.166303 -5.348894 -37.011681 0.333575 -88590.470153
922297840456.000000 0.006596 0.460759 0.463869 -8.897418 -2.988319 -40.166303 -5.909099 -37.011681 0.351534 -89971.819800
922297854155.000000 0.006593 0.467351 0.470428 -9.465638 -2.988319 -40.166303 -6.477320 -37.011681 0.371493 -91372.931721
922297868198.000000 0.006760 0.474110 0.477073 -10.042076 -2.988319 -40.166303 -7.053758 -37.011681 0.394100 -92794.306501
922297881816.000000 0.006555 0.480661 0.483634 -10.626480 -2.988319 -40.166303 -7.638161 -37.011681 0.418165 -94235.322376
922297895219.000000 0.006451 0.487111 0.490334 -11.218725 -2.988319 -40.166303 -8.230406 -37.011681 0.444029 -95695.673514
922297909843.000000 0.007038 0.494148 0.497032 -11.819525 -2.988319 -40.166303 -8.831206 -37.011681 0.474744 -97177.121337
922297923425.000000 0.006537 0.500683 0.503697 -12.428272 -2.988319 -40.166303 -9.439953 -37.011681 0.505641 -98678.162650
922297938403.000000 0.007210 0.507892 0.511553 -13.045784 -2.988319 -40.166303 -10.057465 -37.011681 0.542469 -100200.817102
922297954827.000000 0.007905 0.515794 0.519535 -13.672902 -2.988319 -40.166303 -10.684584 -37.011681 0.586034 -101747.160605
922297971444.000000 0.007998 0.523790 0.527186 -14.309744 -2.988319 -40.166303 -11.321425 -37.011681 0.633461 -103317.477351
922297987713.000000 0.007831 0.531618 0.535119 -14.956103 -2.988319 -40.166303 -11.967784 -37.011681 0.683284 -104911.262430
922298003583.000000 0.007638 0.539255 0.543478 -15.669333 -5.976637 -40.311762 -9.692696 -34.023363 0.723209 -97004.150738
922298022344.000000 0.009030 0.548283 0.552034 -16.394503 -5.976637 -40.311762 -10.417866 -34.023363 0.774788 -98792.268603
922298038517.000000 0.007785 0.556066 0.559741 -17.129967 -5.976637 -40.311762 -11.153330 -34.023363 0.823069 -100605.768540
922298054912.000000 0.007892 0.563954 0.567802 -17.875865 -5.976637 -40.311762 -11.899228 -34.023363 0.876026 -102444.995798
922298070994.000000 0.007740 0.571693 0.575221 -18.631998 -5.976637 -40.311762 -12.655360 -34.023363 0.932028 -104309.459182
922298086708.000000 0.007564 0.579255 0.582970 -19.398133 -5.976637 -40.311762 -13.421495 -34.023363 0.990837 -106198.587462
922298104116.000000 0.008379 0.587632 0.592227 -20.175347 -5.976637 -40.311762 -14.198710 -34.023363 1.060752 -108115.034347
922298124239.000000 0.009686 0.597315 0.601486 -20.965368 -5.976637 -40.311762 -14.988730 -34.023363 1.147470 -110063.058953
922298142007.000000 0.008552 0.605864 0.610032 -21.766696 -5.976637 -40.311762 -15.790058 -34.023363 1.229286 -112038.965546
922298161371.000000 0.009320 0.615182 0.619122 -22.580348 -5.976637 -40.311762 -16.603711 -34.023363 1.324485 -114045.261891
922298178557.000000 0.008272 0.623451 0.627922 -23.404938 -5.976637 -40.311762 -17.428301 -34.023363 1.414368 -116078.526883
922298196485.000000 0.008630 0.632079 0.636204 -24.240938 -5.976637 -40.311762 -18.264301 -34.023363 1.513993 -118139.928092
922298214171.000000 0.008513 0.640590 0.645376 -25.199642 -9.931765 -40.514776 -15.267877 -30.068235 1.597252 -108364.497819
922298235771.000000 0.010396 0.650982 0.655498 -26.173899 -9.931765 -40.514776 -16.242134 -30.068235 1.707169 -110766.810548
922298254106.000000 0.008825 0.659805 0.663588 -27.161360 -9.931765 -40.514776 -17.229595 -30.068235 1.807488 -113201.681437
922298270434.000000 0.007859 0.667661 0.671379 -28.160579 -9.931765 -40.514776 -18.228814 -30.068235 1.903135 -115665.546578
922298287193.000000 0.008066 0.675726 0.679254 -29.171868 -9.931765 -40.514776 -19.240103 -30.068235 2.008004 -118159.171316
922298302845.000000 0.007534 0.683257 0.687035 -30.194428 -9.931765 -40.514776 -20.262663 -30.068235 2.112303 -120680.589908
922298319306.000000 0.007923 0.691179 0.695070 -31.228843 -9.931765 -40.514776 -21.297078 -30.068235 2.228935 -123231.240702
922298335821.000000 0.007949 0.699126 0.702715 -32.275152 -9.931765 -40.514776 -22.343387 -30.068235 2.353102 -125811.217812
922298352376.000000 0.007969 0.707093 0.712071 -33.333385 -9.931765 -40.514776 -23.401620 -30.068235 2.484967 -128420.597595
922298371360.000000 0.009137 0.716228 0.719680 -34.405288 -9.931765 -40.514776 -24.473523 -30.068235 2.645132 -131063.686216
922298388166.000000 0.008089 0.724313 0.728028 -35.489292 -9.931765 -40.514776 -25.557527 -30.068235 2.794869 -133736.612565
922298404626.000000 0.007923 0.732234 0.735707 -36.585151 -9.931765 -40.514776 -26.653386 -30.068235 2.949495 -136438.769341
922298421011.000000 0.007887 0.740119 0.746198 -37.864885 -13.974784 -40.754808 -23.890101 -26.025216 3.088945 -129767.598862
922298446076.000000 0.012063 0.752180 0.755791 -39.165474 -13.974784 -40.754808 -25.190690 -26.025216 3.317523 -132974.576746
922298464539.000000 0.008887 0.761064 0.764951 -40.000000 -13.974784 -40.754808 -26.025216 -26.025216 3.493540 -135032.342544
922298483414.000000 0.009084 0.770146 0.774001 -40.000000 -13.974784 -40.754808 -26.025216 -26.025216 3.675621 -135032.342544
922298500708.000000 0.008324 0.778469 0.782346 -40.000000 -13.974784 -40.754808 -26.025216 -26.025216 3.844266 -135032.342544
922298518563.000000 0.008594 0.787061 0.790815 -40.000000 -13.974784 -40.754808 -26.025216 -26.025216 4.020302 -135032.342544
922298535371.000000 0.008091 0.795148 0.799550 -40.000000 -13.974784 -40.754808 -26.025216 -26.025216 4.187732 -135032.342544
922298554050.000000 0.008991 0.804136 0.807800 -40.000000 -13.974784 -40.754808 -26.025216 -26.025216 4.375885 -135032.342544
922298570637.000000 0.007984 0.812117 0.815467 -40.000000 -13.974784 -40.754808 -26.025216 -26.025216 4.544630 -135032.342544
922298587217.000000 0.007980 0.820095 0.823776 -40.000000 -13.974784 -40.754808 -26.025216 -26.025216 4.714950 -135032.342544
922298604486.000000 0.008312 0.828405 0.833258 -40.000000 -13.974784 -40.754808 -26.025216 -26.025216 4.894144 -135032.342544
922298623480.000000 0.009142 0.837545 0.842674 -40.000000 -17.929912 -40.989241 -22.070088 -22.070088 5.063125 -123508.634332
922298645022.000000 0.010368 0.847911 0.852087 -40.000000 -17.929912 -40.989241 -22.070088 -22.070088 5.257151 -123508.634332
922298661955.000000 0.008150 0.856058 0.859400 -40.000000 -17.929912 -40.989241 -22.070088 -22.070088 5.411130 -123508.634332
922298679102.000000 0.008253 0.864309 0.867780 -40.000000 -17.929912 -40.989241 -22.070088 -22.070088 5.568558 -123508.634332
922298694824.000000 0.007567 0.871874 0.875299 -40.000000 -17.929912 -40.989241 -22.070088 -22.070088 5.714169 -123508.634332
922298710149.000000 0.007377 0.879250 0.882844 -40.000000 -17.929912 -40.989241 -22.070088 -22.070088 5.857314 -123508.634332
922298726171.000000 0.007712 0.886958 0.890365 -40.000000 -17.929912 -40.989241 -22.070088 -22.070088 6.008270 -123508.634332
922298741536.000000 0.007396 0.894353 0.897781 -40.000000 -17.929912 -40.989241 -22.070088 -22.070088 6.154254 -123508.634332
922298756807.000000 0.007350 0.901700 0.905110 -40.000000 -17.929912 -40.989241 -22.070088 -22.070088 6.300527 -123508.634332
922298772100.000000 0.007361 0.909059 0.912427 -40.000000 -17.929912 -40.989241 -22.070088 -22.070088 6.448207 -123508.634332
922298787364.000000 0.007347 0.916403 0.919837 -40.000000 -17.929912 -40.989241 -22.070088 -22.070088 6.596798 -123508.634332
922298802846.000000 0.007452 0.923854 0.927260 -40.000000 -17.929912 -40.989241 -22.070088 -22.070088 6.748735 -123508.634332
922298818863.000000 0.007710 0.931562 0.935275 -40.000000 -17.929912 -40.989241 -22.070088 -22.070088 6.907243 -123508.634332
922298835598.000000 0.008055 0.939614 0.944895 -40.000000 -21.972931 -41.244599 -18.027069 -18.027069 7.043677 -112910.433139
922298856052.000000 0.009844 0.949457 0.952909 -40.000000 -21.972931 -41.244599 -18.027069 -18.027069 7.212170 -112910.433139
922298871543.000000 0.007456 0.956910 0.960524 -40.000000 -21.972931 -41.244599 -18.027069 -18.027069 7.340789 -112910.433139
922298887630.000000 0.007743 0.964652 0.968245 -40.000000 -21.972931 -41.244599 -18.027069 -18.027069 7.475436 -112910.433139
922298904393.000000 0.008068 0.972718 0.976210 -40.000000 -21.972931 -41.244599 -18.027069 -18.027069 7.616913 -112910.433139
922298920494.000000 0.007750 0.980466 0.984020 -40.000000 -21.972931 -41.244599 -18.027069 -18.027069 7.753895 -112910.433139
922298936482.000000 0.007695 0.988158 0.991591 -40.000000 -21.972931 -41.244599 -18.027069 -18.027069 7.890975 -112910.433139
922298951852.000000 0.007398 0.995554 0.998976 -40.000000 -21.972931 -41.244599 -18.027069 -18.027069 8.023743 -112910.433139
922298967865.000000 0.007708 1.003261 1.007176 -40.000000 -21.972931 -41.244599 -18.027069 -18.027069 8.163144 -112910.433139
922298986733.000000 0.009082 1.012340 1.016699 -40.000000 -21.972931 -41.244599 -18.027069 -18.027069 8.328878 -112910.433139
922299004709.000000 0.008652 1.020989 1.024753 -40.000000 -21.972931 -41.244599 -18.027069 -18.027069 8.488118 -112910.433139
922299021875.000000 0.008262 1.029249 1.032873 -40.000000 -21.972931 -41.244599 -18.027069 -18.027069 8.641416 -112910.433139
922299038235.000000 0.007874 1.037121 1.041380 -40.000000 -26.982759 -41.244599 -13.017241 -18.027069 8.747721 -112910.433139
922299057577.000000 0.009310 1.046429 1.050539 -40.000000 -26.982759 -41.454783 -13.017241 -13.017241 8.874533 -99842.963119
922299075189.000000 0.008477 1.054903 1.058343 -40.000000 -26.982759 -41.454783 -13.017241 -13.017241 8.990934 -99842.963119
922299090636.000000 0.007435 1.062336 1.065776 -40.000000 -26.982759 -41.454783 -13.017241 -13.017241 9.093749 -99842.963119
922299106043.000000 0.007416 1.069750 1.073160 -40.000000 -26.982759 -41.454783 -13.017241 -13.017241 9.197020 -99842.963119
922299121490.000000 0.007435 1.077183 1.080641 -40.000000 -26.982759 -41.454783 -13.017241 -13.017241 9.301272 -99842.963119
922299136991.000000 0.007461 1.084641 1.088010 -40.000000 -26.982759 -41.454783 -13.017241 -13.017241 9.406612 -99842.963119
922299152532.000000 0.007480 1.092120 1.095673 -40.000000 -26.982759 -41.454783 -13.017241 -13.017241 9.512953 -99842.963119
922299168071.000000 0.007479 1.099597 1.102883 -40.000000 -26.982759 -41.454783 -13.017241 -13.017241 9.620007 -99842.963119
922299183004.000000 0.007187 1.106782 1.110404 -40.000000 -26.982759 -41.454783 -13.017241 -13.017241 9.723553 -99842.963119
922299198980.000000 0.007689 1.114470 1.117882 -40.000000 -26.982759 -41.454783 -13.017241 -13.017241 9.835100 -99842.963119
922299214223.000000 0.007336 1.121805 1.125197 -40.000000 -26.982759 -41.454783 -13.017241 -13.017241 9.942230 -99842.963119
922299230280.000000 0.007728 1.129532 1.133221 -40.000000 -26.982759 -41.454783 -13.017241 -13.017241 10.055864 -99842.963119
922299246572.000000 0.007842 1.137372 1.141803 -40.000000 -30.937887 -41.685408 -9.062113 -9.062113 10.136691 -89670.937085
922299266326.000000 0.009508 1.146877 1.150855 -40.000000 -30.937887 -41.685408 -9.062113 -9.062113 10.235507 -89670.937085
922299282857.000000 0.007957 1.154831 1.158342 -40.000000 -30.937887 -41.685408 -9.062113 -9.062113 10.318774 -89670.937085
922299298982.000000 0.007761 1.162590 1.166293 -40.000000 -30.937887 -41.685408 -9.062113 -9.062113 10.400542 -89670.937085
922299314884.000000 0.007654 1.170242 1.173706 -40.000000 -30.937887 -41.685408 -9.062113 -9.062113 10.481710 -89670.937085
922299330536.000000 0.007534 1.177773 1.181258 -40.000000 -30.937887 -41.685408 -9.062113 -9.062113 10.562116 -89670.937085
922299346632.000000 0.007749 1.185521 1.189307 -40.000000 -30.937887 -41.685408 -9.062113 -9.062113 10.645362 -89670.937085
922299363517.000000 0.008127 1.193644 1.197156 -40.000000 -30.937887 -41.685408 -9.062113 -9.062113 10.733270 -89670.937085
922299380149.000000 0.008005 1.201647 1.205099 -40.000000 -30.937887 -41.685408 -9.062113 -9.062113 10.820441 -89670.937085
922299396431.000000 0.007837 1.209482 1.212958 -40.000000 -30.937887 -41.685408 -9.062113 -9.062113 10.906335 -89670.937085
922299412346.000000 0.007660 1.217140 1.220712 -40.000000 -30.937887 -41.685408 -9.062113 -9.062113 10.990825 -89670.937085
922299428326.000000 0.007691 1.224830 1.228415 -40.000000 -30.937887 -41.685408 -9.062113 -9.062113 11.076195 -89670.937085
922299444259.000000 0.007669 1.232497 1.235994 -40.000000 -30.937887 -41.685408 -9.062113 -9.062113 11.161848 -89670.937085
922299460617.000000 0.007874 1.240369 1.244508 -40.000000 -34.980906 -41.874184 -5.019094 -5.019094 11.210866 -79019.978201
922299478410.000000 0.008564 1.248931 1.252460 -40.000000 -34.980906 -41.874184 -5.019094 -5.019094 11.264551 -79019.978201
922299494398.000000 0.007695 1.256623 1.260107 -40.000000 -34.980906 -41.874184 -5.019094 -5.019094 11.313086 -79019.978201
922299510215.000000 0.007613 1.264235 1.268069 -40.000000 -34.980906 -41.874184 -5.019094 -5.019094 11.361395 -79019.978201
922299526647.000000 0.007909 1.272140 1.275589 -40.000000 -34.980906 -41.874184 -5.019094 -5.019094 11.411893 -79019.978201
922299542461.000000 0.007611 1.279750 1.283348 -40.000000 -34.980906 -41.874184 -5.019094 -5.019094 11.460783 -79019.978201
922299559216.000000 0.008065 1.287814 1.291164 -40.000000 -34.980906 -41.874184 -5.019094 -5.019094 11.512914 -79019.978201
922299574474.000000 0.007344 1.295154 1.298551 -40.000000 -34.980906 -41.874184 -5.019094 -5.019094 11.560654 -79019.978201
922299590283.000000 0.007610 1.302763 1.306186 -40.000000 -34.980906 -41.874184 -5.019094 -5.019094 11.610410 -79019.978201
922299605784.000000 0.007461 1.310222 1.313741 -40.000000 -34.980906 -41.874184 -5.019094 -5.019094 11.659474 -79019.978201
922299621427.000000 0.007531 1.317750 1.321056 -40.000000 -34.980906 -41.874184 -5.019094 -5.019094 11.709281 -79019.978201
922299636453.000000 0.007232 1.324978 1.328298 -40.000000 -34.980906 -41.874184 -5.019094 -5.019094 11.757377 -79019.978201
922299651705.000000 0.007341 1.332318 1.335724 -40.000000 -34.980906 -41.874184 -5.019094 -5.019094 11.806467 -79019.978201
922299667442.000000 0.007574 1.339890 1.343503 -40.000000 -37.969225 -41.996485 -2.030775 -2.030775 11.827077 -72707.286790
922299684346.000000 0.008136 1.348025 1.351410 -40.000000 -37.969225 -41.996485 -2.030775 -2.030775 11.849350 -72707.286790
922299699495.000000 0.007292 1.355314 1.358659 -40.000000 -37.969225 -41.996485 -2.030775 -2.030775 11.869419 -72707.286790
922299714688.000000 0.007313 1.362625 1.366000 -40.000000 -37.969225 -41.996485 -2.030775 -2.030775 11.889654 -72707.286790
922299730276.000000 0.007503 1.370126 1.373503 -40.000000 -37.969225 -41.996485 -2.030775 -2.030775 11.910530 -72707.286790
922299745397.000000 0.007279 1.377403 1.381562 -40.000000 -37.969225 -41.996485 -2.030775 -2.030775 11.930889 -72707.286790
922299762803.000000 0.008378 1.385779 1.389119 -40.000000 -37.969225 -41.996485 -2.030775 -2.030775 11.954467 -72707.286790
922299778145.000000 0.007384 1.393159 1.396670 -40.000000 -37.969225 -41.996485 -2.030775 -2.030775 11.975357 -72707.286790
922299793911.000000 0.007589 1.400746 1.404524 -40.000000 -37.969225 -41.996485 -2.030775 -2.030775 11.996945 -72707.286790
922299810265.000000 0.007872 1.408616 1.411928 -40.000000 -37.969225 -41.996485 -2.030775 -2.030775 12.019463 -72707.286790
922299825745.000000 0.007451 1.416064 1.419392 -40.000000 -37.969225 -41.996485 -2.030775 -2.030775 12.040889 -72707.286790
922299840778.000000 0.007236 1.423299 1.426662 -40.000000 -37.969225 -41.996485 -2.030775 -2.030775 12.061803 -72707.286790
922299856161.000000 0.007404 1.430700 1.434241 -40.000000 -37.969225 -41.996485 -2.030775 -2.030775 12.083315 -72707.286790
